"PreSens Measurement Studio 2","1.1.2.0",""
"Date","Time","Channel","User","SensorID","Sensor_Name","delta_t","Time_Unit","Value","O2_Unit","Mode","Phase","Phase_Unit","Amplitude","Amplitude_Unit","Temp","Temp_Unit","Pressure","Pressure_Unit","Salinity","Salinity_Unit","Error","Cal0","Cal0_Unit","T0","T0_Unit","O2Cal2nd","O2_Unit","Cal2nd","Cal2nd_Unit","T2nd","T2nd_Unit","CalPressure","CalPressure_Unit","f1","dPhi1","dkSv1","dPhi2","dkSv2","m","Cal_Mode","SignalLEDCurrent","User_Signal_Intensity","ReferenceLEDCurrent","Reference_Amplitude","Device_Serial","FwVersion","SwVersion","Sensor_Type","BatchID","Calibration_Date","Sensor_Lot","PreSens_Calibr","Battery_Voltage","Battery_Voltage_Unit"
"07/08/2026","12:58:41","3","default","198787511","O3","0.000","min","174.636","µmol/L","Humid","21.177","deg","133822","µV","23.839","°C","1012.000","hPa","34.2","pmil","0","52.118","deg","21.808","°C","226.700","µmol/L","21.407","deg","20.891","°C","1012.000","hPa","0.861","-0.02056","0.00035","-0.00011","0","14.7","Humid","27.30","0","43.40","197305.45","SABD0002000012","AAV2.0.0.13","1.1.2.0","PSt7-10","000000-000","6/10/2026 14:47:13","0000-00","0","no battery","V"
"07/08/2026","12:59:11","3","default","198787511","O3","0.505","min","174.790","µmol/L","Humid","21.190","deg","133815","µV","23.766","°C","1012.000","hPa","34.2","pmil","0","52.118","deg","21.808","°C","226.700","µmol/L","21.407","deg","20.891","°C","1012.000","hPa","0.861","-0.02056","0.00035","-0.00011","0","14.7","Humid","27.30","0","43.40","197272.92","SABD0002000012","AAV2.0.0.13","1.1.2.0","PSt7-10","000000-000","6/10/2026 14:47:13","0000-00","0","no battery","V"
"07/08/2026","12:59:41","3","default","198787511","O3","1.005","min","175.012","µmol/L","Humid","21.180","deg","133725","µV","23.754","°C","1012.000","hPa","34.2","pmil","0","52.118","deg","21.808","°C","226.700","µmol/L","21.407","deg","20.891","°C","1012.000","hPa","0.861","-0.02056","0.00035","-0.00011","0","14.7","Humid","27.30","0","43.40","197255.23","SABD0002000012","AAV2.0.0.13","1.1.2.0","PSt7-10","000000-000","6/10/2026 14:47:13","0000-00","0","no battery","V"
"07/08/2026","13:00:11","3","default","198787511","O3","1.505","min","175.092","µmol/L","Humid","21.175","deg","133658","µV","23.754","°C","1012.000","hPa","34.2","pmil","0","52.118","deg","21.808","°C","226.700","µmol/L","21.407","deg","20.891","°C","1012.000","hPa","0.861","-0.02056","0.00035","-0.00011","0","14.7","Humid","27.30","0","43.40","197207.62","SABD0002000012","AAV2.0.0.13","1.1.2.0","PSt7-10","000000-000","6/10/2026 14:47:13","0000-00","0","no battery","V"
"07/08/2026","13:00:41","3","default","198787511","O3","2.004","min","175.028","µmol/L","Humid","21.179","deg","133573","µV","23.754","°C","1012.000","hPa","34.2","pmil","0","52.118","deg","21.808","°C","226.700","µmol/L","21.407","deg","20.891","°C","1012.000","hPa","0.861","-0.02056","0.00035","-0.00011","0","14.7","Humid","27.30","0","43.40","197173.09","SABD0002000012","AAV2.0.0.13","1.1.2.0","PSt7-10","000000-000","6/10/2026 14:47:13","0000-00","0","no battery","V"
"07/08/2026","13:01:11","3","default","198787511","O3","2.505","min","175.311","µmol/L","Humid","21.184","deg","133518","µV","23.680","°C","1012.000","hPa","34.2","pmil","0","52.118","deg","21.808","°C","226.700","µmol/L","21.407","deg","20.891","°C","1012.000","hPa","0.861","-0.02056","0.00035","-0.00011","0","14.7","Humid","27.30","0","43.40","197146.11","SABD0002000012","AAV2.0.0.13","1.1.2.0","PSt7-10","000000-000","6/10/2026 14:47:13","0000-00","0","no battery","V"
"07/08/2026","13:01:41","3","default","198787511","O3","3.005","min","175.360","µmol/L","Humid","21.181","deg","133474","µV","23.680","°C","1012.000","hPa","34.2","pmil","0","52.118","deg","21.808","°C","226.700","µmol/L","21.407","deg","20.891","°C","1012.000","hPa","0.861","-0.02056","0.00035","-0.00011","0","14.7","Humid","27.30","0","43.40","197112.12","SABD0002000012","AAV2.0.0.13","1.1.2.0","PSt7-10","000000-000","6/10/2026 14:47:13","0000-00","0","no battery","V"
"07/08/2026","13:02:11","3","default","198787511","O3","3.505","min","175.420","µmol/L","Humid","21.181","deg","133429","µV","23.668","°C","1012.000","hPa","34.2","pmil","0","52.118","deg","21.808","°C","226.700","µmol/L","21.407","deg","20.891","°C","1012.000","hPa","0.861","-0.02056","0.00035","-0.00011","0","14.7","Humid","27.30","0","43.40","197083.14","SABD0002000012","AAV2.0.0.13","1.1.2.0","PSt7-10","000000-000","6/10/2026 14:47:13","0000-00","0","no battery","V"
"07/08/2026","13:02:41","3","default","198787511","O3","4.004","min","175.388","µmol/L","Humid","21.183","deg","133394","µV","23.668","°C","1012.000","hPa","34.2","pmil","0","52.118","deg","21.808","°C","226.700","µmol/L","21.407","deg","20.891","°C","1012.000","hPa","0.861","-0.02056","0.00035","-0.00011","0","14.7","Humid","27.30","0","43.40","197054.22","SABD0002000012","AAV2.0.0.13","1.1.2.0","PSt7-10","000000-000","6/10/2026 14:47:13","0000-00","0","no battery","V"
"07/08/2026","13:03:11","3","default","198787511","O3","4.505","min","175.358","µmol/L","Humid","21.183","deg","133346","µV","23.674","°C","1012.000","hPa","34.2","pmil","0","52.118","deg","21.808","°C","226.700","µmol/L","21.407","deg","20.891","°C","1012.000","hPa","0.861","-0.02056","0.00035","-0.00011","0","14.7","Humid","27.30","0","43.40","197030.30","SABD0002000012","AAV2.0.0.13","1.1.2.0","PSt7-10","000000-000","6/10/2026 14:47:13","0000-00","0","no battery","V"
"07/08/2026","13:03:41","3","default","198787511","O3","5.005","min","175.356","µmol/L","Humid","21.185","deg","133312","µV","23.668","°C","1012.000","hPa","34.2","pmil","0","52.118","deg","21.808","°C","226.700","µmol/L","21.407","deg","20.891","°C","1012.000","hPa","0.861","-0.02056","0.00035","-0.00011","0","14.7","Humid","27.30","0","43.40","197013.70","SABD0002000012","AAV2.0.0.13","1.1.2.0","PSt7-10","000000-000","6/10/2026 14:47:13","0000-00","0","no battery","V"
"07/08/2026","13:04:11","3","default","198787511","O3","5.504","min","175.350","µmol/L","Humid","21.185","deg","133281","µV","23.668","°C","1011.000","hPa","34.2","pmil","0","52.118","deg","21.808","°C","226.700","µmol/L","21.407","deg","20.891","°C","1012.000","hPa","0.861","-0.02056","0.00035","-0.00011","0","14.7","Humid","27.30","0","43.40","196967.00","SABD0002000012","AAV2.0.0.13","1.1.2.0","PSt7-10","000000-000","6/10/2026 14:47:13","0000-00","0","no battery","V"
"07/08/2026","13:04:41","3","default","198787511","O3","6.004","min","175.413","µmol/L","Humid","21.183","deg","133250","µV","23.662","°C","1011.000","hPa","34.2","pmil","0","52.118","deg","21.808","°C","226.700","µmol/L","21.407","deg","20.891","°C","1012.000","hPa","0.861","-0.02056","0.00035","-0.00011","0","14.7","Humid","27.30","0","43.40","196946.01","SABD0002000012","AAV2.0.0.13","1.1.2.0","PSt7-10","000000-000","6/10/2026 14:47:13","0000-00","0","no battery","V"
"07/08/2026","13:05:11","3","default","198787511","O3","6.504","min","175.449","µmol/L","Humid","21.183","deg","133211","µV","23.656","°C","1012.000","hPa","34.2","pmil","0","52.118","deg","21.808","°C","226.700","µmol/L","21.407","deg","20.891","°C","1012.000","hPa","0.861","-0.02056","0.00035","-0.00011","0","14.7","Humid","27.30","0","43.40","196910.63","SABD0002000012","AAV2.0.0.13","1.1.2.0","PSt7-10","000000-000","6/10/2026 14:47:13","0000-00","0","no battery","V"
"07/08/2026","13:05:41","3","default","198787511","O3","7.004","min","175.462","µmol/L","Humid","21.180","deg","133170","µV","23.662","°C","1011.000","hPa","34.2","pmil","0","52.118","deg","21.808","°C","226.700","µmol/L","21.407","deg","20.891","°C","1012.000","hPa","0.861","-0.02056","0.00035","-0.00011","0","14.7","Humid","27.30","0","43.40","196893.68","SABD0002000012","AAV2.0.0.13","1.1.2.0","PSt7-10","000000-000","6/10/2026 14:47:13","0000-00","0","no battery","V"
"07/08/2026","13:06:11","3","default","198787511","O3","7.505","min","175.442","µmol/L","Humid","21.185","deg","133156","µV","23.650","°C","1011.000","hPa","34.2","pmil","0","52.118","deg","21.808","°C","226.700","µmol/L","21.407","deg","20.891","°C","1012.000","hPa","0.861","-0.02056","0.00035","-0.00011","0","14.7","Humid","27.30","0","43.40","196865.89","SABD0002000012","AAV2.0.0.13","1.1.2.0","PSt7-10","000000-000","6/10/2026 14:47:13","0000-00","0","no battery","V"
"07/08/2026","13:06:41","3","default","198787511","O3","8.005","min","175.400","µmol/L","Humid","21.186","deg","133126","µV","23.656","°C","1012.000","hPa","34.2","pmil","0","52.118","deg","21.808","°C","226.700","µmol/L","21.407","deg","20.891","°C","1012.000","hPa","0.861","-0.02056","0.00035","-0.00011","0","14.7","Humid","27.30","0","43.40","196839.80","SABD0002000012","AAV2.0.0.13","1.1.2.0","PSt7-10","000000-000","6/10/2026 14:47:13","0000-00","0","no battery","V"
"07/08/2026","13:07:11","3","default","198787511","O3","8.505","min","175.490","µmol/L","Humid","21.182","deg","133094","µV","23.650","°C","1011.000","hPa","34.2","pmil","0","52.118","deg","21.808","°C","226.700","µmol/L","21.407","deg","20.891","°C","1012.000","hPa","0.861","-0.02056","0.00035","-0.00011","0","14.7","Humid","27.30","0","43.40","196818.70","SABD0002000012","AAV2.0.0.13","1.1.2.0","PSt7-10","000000-000","6/10/2026 14:47:13","0000-00","0","no battery","V"
"07/08/2026","13:07:41","3","default","198787511","O3","9.005","min","175.479","µmol/L","Humid","21.183","deg","133062","µV","23.650","°C","1012.000","hPa","34.2","pmil","0","52.118","deg","21.808","°C","226.700","µmol/L","21.407","deg","20.891","°C","1012.000","hPa","0.861","-0.02056","0.00035","-0.00011","0","14.7","Humid","27.30","0","43.40","196788.57","SABD0002000012","AAV2.0.0.13","1.1.2.0","PSt7-10","000000-000","6/10/2026 14:47:13","0000-00","0","no battery","V"
"07/08/2026","13:08:11","3","default","198787511","O3","9.504","min","175.493","µmol/L","Humid","21.184","deg","133030","µV","23.643","°C","1012.000","hPa","34.2","pmil","0","52.118","deg","21.808","°C","226.700","µmol/L","21.407","deg","20.891","°C","1012.000","hPa","0.861","-0.02056","0.00035","-0.00011","0","14.7","Humid","27.30","0","43.40","196763.66","SABD0002000012","AAV2.0.0.13","1.1.2.0","PSt7-10","000000-000","6/10/2026 14:47:13","0000-00","0","no battery","V"
"07/08/2026","13:08:41","3","default","198787511","O3","10.005","min","175.526","µmol/L","Humid","21.182","deg","133005","µV","23.643","°C","1012.000","hPa","34.2","pmil","0","52.118","deg","21.808","°C","226.700","µmol/L","21.407","deg","20.891","°C","1012.000","hPa","0.861","-0.02056","0.00035","-0.00011","0","14.7","Humid","27.30","0","43.40","196733.30","SABD0002000012","AAV2.0.0.13","1.1.2.0","PSt7-10","000000-000","6/10/2026 14:47:13","0000-00","0","no battery","V"
"07/08/2026","13:09:11","3","default","198787511","O3","10.505","min","175.526","µmol/L","Humid","21.182","deg","132985","µV","23.643","°C","1012.000","hPa","34.2","pmil","0","52.118","deg","21.808","°C","226.700","µmol/L","21.407","deg","20.891","°C","1012.000","hPa","0.861","-0.02056","0.00035","-0.00011","0","14.7","Humid","27.30","0","43.40","196721.68","SABD0002000012","AAV2.0.0.13","1.1.2.0","PSt7-10","000000-000","6/10/2026 14:47:13","0000-00","0","no battery","V"
"07/08/2026","13:09:41","3","default","198787511","O3","11.005","min","175.526","µmol/L","Humid","21.182","deg","132948","µV","23.643","°C","1012.000","hPa","34.2","pmil","0","52.118","deg","21.808","°C","226.700","µmol/L","21.407","deg","20.891","°C","1012.000","hPa","0.861","-0.02056","0.00035","-0.00011","0","14.7","Humid","27.30","0","43.40","196688.35","SABD0002000012","AAV2.0.0.13","1.1.2.0","PSt7-10","000000-000","6/10/2026 14:47:13","0000-00","0","no battery","V"
"07/08/2026","13:10:11","3","default","198787511","O3","11.504","min","175.540","µmol/L","Humid","21.183","deg","132920","µV","23.637","°C","1012.000","hPa","34.2","pmil","0","52.118","deg","21.808","°C","226.700","µmol/L","21.407","deg","20.891","°C","1012.000","hPa","0.861","-0.02056","0.00035","-0.00011","0","14.7","Humid","27.30","0","43.40","196668.27","SABD0002000012","AAV2.0.0.13","1.1.2.0","PSt7-10","000000-000","6/10/2026 14:47:13","0000-00","0","no battery","V"
"07/08/2026","13:10:41","3","default","198787511","O3","12.004","min","175.537","µmol/L","Humid","21.181","deg","132892","µV","23.643","°C","1011.000","hPa","34.2","pmil","0","52.118","deg","21.808","°C","226.700","µmol/L","21.407","deg","20.891","°C","1012.000","hPa","0.861","-0.02056","0.00035","-0.00011","0","14.7","Humid","27.30","0","43.40","196649.77","SABD0002000012","AAV2.0.0.13","1.1.2.0","PSt7-10","000000-000","6/10/2026 14:47:13","0000-00","0","no battery","V"
"07/08/2026","13:11:11","3","default","198787511","O3","12.505","min","175.567","µmol/L","Humid","21.181","deg","132854","µV","23.637","°C","1011.000","hPa","34.2","pmil","0","52.118","deg","21.808","°C","226.700","µmol/L","21.407","deg","20.891","°C","1012.000","hPa","0.861","-0.02056","0.00035","-0.00011","0","14.7","Humid","27.30","0","43.40","196639.01","SABD0002000012","AAV2.0.0.13","1.1.2.0","PSt7-10","000000-000","6/10/2026 14:47:13","0000-00","0","no battery","V"
"07/08/2026","13:11:41","3","default","198787511","O3","13.004","min","175.619","µmol/L","Humid","21.180","deg","132827","µV","23.631","°C","1012.000","hPa","34.2","pmil","0","52.118","deg","21.808","°C","226.700","µmol/L","21.407","deg","20.891","°C","1012.000","hPa","0.861","-0.02056","0.00035","-0.00011","0","14.7","Humid","27.30","0","43.40","196600.22","SABD0002000012","AAV2.0.0.13","1.1.2.0","PSt7-10","000000-000","6/10/2026 14:47:13","0000-00","0","no battery","V"
"07/08/2026","13:12:11","3","default","198787511","O3","13.505","min","175.612","µmol/L","Humid","21.182","deg","132794","µV","23.625","°C","1011.000","hPa","34.2","pmil","0","52.118","deg","21.808","°C","226.700","µmol/L","21.407","deg","20.891","°C","1012.000","hPa","0.861","-0.02056","0.00035","-0.00011","0","14.7","Humid","27.30","0","43.40","196583.81","SABD0002000012","AAV2.0.0.13","1.1.2.0","PSt7-10","000000-000","6/10/2026 14:47:13","0000-00","0","no battery","V"
"07/08/2026","13:12:41","3","default","198787511","O3","14.004","min","175.667","µmol/L","Humid","21.177","deg","132728","µV","23.631","°C","1012.000","hPa","34.2","pmil","0","52.118","deg","21.808","°C","226.700","µmol/L","21.407","deg","20.891","°C","1012.000","hPa","0.861","-0.02056","0.00035","-0.00011","0","14.7","Humid","27.30","0","43.40","196560.34","SABD0002000012","AAV2.0.0.13","1.1.2.0","PSt7-10","000000-000","6/10/2026 14:47:13","0000-00","0","no battery","V"
"07/08/2026","13:13:11","3","default","198787511","O3","14.504","min","175.871","µmol/L","Humid","21.166","deg","132667","µV","23.625","°C","1011.000","hPa","34.2","pmil","0","52.118","deg","21.808","°C","226.700","µmol/L","21.407","deg","20.891","°C","1012.000","hPa","0.861","-0.02056","0.00035","-0.00011","0","14.7","Humid","27.30","0","43.40","196549.33","SABD0002000012","AAV2.0.0.13","1.1.2.0","PSt7-10","000000-000","6/10/2026 14:47:13","0000-00","0","no battery","V"
"07/08/2026","13:13:41","3","default","198787511","O3","15.005","min","175.713","µmol/L","Humid","21.172","deg","132664","µV","23.637","°C","1011.000","hPa","34.2","pmil","0","52.118","deg","21.808","°C","226.700","µmol/L","21.407","deg","20.891","°C","1012.000","hPa","0.861","-0.02056","0.00035","-0.00011","0","14.7","Humid","27.30","0","43.40","196524.33","SABD0002000012","AAV2.0.0.13","1.1.2.0","PSt7-10","000000-000","6/10/2026 14:47:13","0000-00","0","no battery","V"
"07/08/2026","13:14:11","3","default","198787511","O3","15.504","min","175.658","µmol/L","Humid","21.181","deg","132686","µV","23.619","°C","1011.000","hPa","34.2","pmil","0","52.118","deg","21.808","°C","226.700","µmol/L","21.407","deg","20.891","°C","1012.000","hPa","0.861","-0.02056","0.00035","-0.00011","0","14.7","Humid","27.30","0","43.40","196506.13","SABD0002000012","AAV2.0.0.13","1.1.2.0","PSt7-10","000000-000","6/10/2026 14:47:13","0000-00","0","no battery","V"
"07/08/2026","13:14:41","3","default","198787511","O3","16.004","min","175.680","µmol/L","Humid","21.180","deg","132675","µV","23.619","°C","1012.000","hPa","34.2","pmil","0","52.118","deg","21.808","°C","226.700","µmol/L","21.407","deg","20.891","°C","1012.000","hPa","0.861","-0.02056","0.00035","-0.00011","0","14.7","Humid","27.30","0","43.40","196504.62","SABD0002000012","AAV2.0.0.13","1.1.2.0","PSt7-10","000000-000","6/10/2026 14:47:13","0000-00","0","no battery","V"
"07/08/2026","13:15:11","3","default","198787511","O3","16.504","min","175.754","µmol/L","Humid","21.177","deg","132639","µV","23.613","°C","1011.000","hPa","34.2","pmil","0","52.118","deg","21.808","°C","226.700","µmol/L","21.407","deg","20.891","°C","1012.000","hPa","0.861","-0.02056","0.00035","-0.00011","0","14.7","Humid","27.30","0","43.40","196472.86","SABD0002000012","AAV2.0.0.13","1.1.2.0","PSt7-10","000000-000","6/10/2026 14:47:13","0000-00","0","no battery","V"
"07/08/2026","13:15:41","3","default","198787511","O3","17.005","min","175.680","µmol/L","Humid","21.180","deg","132627","µV","23.619","°C","1012.000","hPa","34.2","pmil","0","52.118","deg","21.808","°C","226.700","µmol/L","21.407","deg","20.891","°C","1012.000","hPa","0.861","-0.02056","0.00035","-0.00011","0","14.7","Humid","27.30","0","43.40","196455.36","SABD0002000012","AAV2.0.0.13","1.1.2.0","PSt7-10","000000-000","6/10/2026 14:47:13","0000-00","0","no battery","V"
"07/08/2026","13:16:11","3","default","198787511","O3","17.505","min","175.793","µmol/L","Humid","21.173","deg","132594","µV","23.619","°C","1012.000","hPa","34.2","pmil","0","52.118","deg","21.808","°C","226.700","µmol/L","21.407","deg","20.891","°C","1012.000","hPa","0.861","-0.02056","0.00035","-0.00011","0","14.7","Humid","27.30","0","43.40","196438.16","SABD0002000012","AAV2.0.0.13","1.1.2.0","PSt7-10","000000-000","6/10/2026 14:47:13","0000-00","0","no battery","V"
"07/08/2026","13:16:41","3","default","198787511","O3","18.005","min","175.786","µmol/L","Humid","21.175","deg","132575","µV","23.613","°C","1011.000","hPa","34.2","pmil","0","52.118","deg","21.808","°C","226.700","µmol/L","21.407","deg","20.891","°C","1012.000","hPa","0.861","-0.02056","0.00035","-0.00011","0","14.7","Humid","27.30","0","43.40","196424.63","SABD0002000012","AAV2.0.0.13","1.1.2.0","PSt7-10","000000-000","6/10/2026 14:47:13","0000-00","0","no battery","V"
"07/08/2026","13:17:11","3","default","198787511","O3","18.504","min","175.770","µmol/L","Humid","21.176","deg","132566","µV","23.613","°C","1011.000","hPa","34.2","pmil","0","52.118","deg","21.808","°C","226.700","µmol/L","21.407","deg","20.891","°C","1012.000","hPa","0.861","-0.02056","0.00035","-0.00011","0","14.7","Humid","27.30","0","43.40","196394.88","SABD0002000012","AAV2.0.0.13","1.1.2.0","PSt7-10","000000-000","6/10/2026 14:47:13","0000-00","0","no battery","V"
"07/08/2026","13:17:41","3","default","198787511","O3","19.004","min","175.721","µmol/L","Humid","21.179","deg","132555","µV","23.613","°C","1011.000","hPa","34.2","pmil","0","52.118","deg","21.808","°C","226.700","µmol/L","21.407","deg","20.891","°C","1012.000","hPa","0.861","-0.02056","0.00035","-0.00011","0","14.7","Humid","27.30","0","43.40","196391.45","SABD0002000012","AAV2.0.0.13","1.1.2.0","PSt7-10","000000-000","6/10/2026 14:47:13","0000-00","0","no battery","V"
"07/08/2026","13:18:11","3","default","198787511","O3","19.504","min","175.721","µmol/L","Humid","21.179","deg","132534","µV","23.613","°C","1011.000","hPa","34.2","pmil","0","52.118","deg","21.808","°C","226.700","µmol/L","21.407","deg","20.891","°C","1012.000","hPa","0.861","-0.02056","0.00035","-0.00011","0","14.7","Humid","27.30","0","43.40","196375.44","SABD0002000012","AAV2.0.0.13","1.1.2.0","PSt7-10","000000-000","6/10/2026 14:47:13","0000-00","0","no battery","V"
"07/08/2026","13:18:41","3","default","198787511","O3","20.004","min","175.816","µmol/L","Humid","21.175","deg","132506","µV","23.607","°C","1011.000","hPa","34.2","pmil","0","52.118","deg","21.808","°C","226.700","µmol/L","21.407","deg","20.891","°C","1012.000","hPa","0.861","-0.02056","0.00035","-0.00011","0","14.7","Humid","27.30","0","43.40","196351.20","SABD0002000012","AAV2.0.0.13","1.1.2.0","PSt7-10","000000-000","6/10/2026 14:47:13","0000-00","0","no battery","V"
"07/08/2026","13:19:11","3","default","198787511","O3","20.504","min","175.707","µmol/L","Humid","21.178","deg","132489","µV","23.619","°C","1011.000","hPa","34.2","pmil","0","52.118","deg","21.808","°C","226.700","µmol/L","21.407","deg","20.891","°C","1012.000","hPa","0.861","-0.02056","0.00035","-0.00011","0","14.7","Humid","27.30","0","43.40","196328.50","SABD0002000012","AAV2.0.0.13","1.1.2.0","PSt7-10","000000-000","6/10/2026 14:47:13","0000-00","0","no battery","V"
"07/08/2026","13:19:41","3","default","198787511","O3","21.004","min","175.786","µmol/L","Humid","21.175","deg","132490","µV","23.613","°C","1011.000","hPa","34.2","pmil","0","52.118","deg","21.808","°C","226.700","µmol/L","21.407","deg","20.891","°C","1012.000","hPa","0.861","-0.02056","0.00035","-0.00011","0","14.7","Humid","27.30","0","43.40","196336.22","SABD0002000012","AAV2.0.0.13","1.1.2.0","PSt7-10","000000-000","6/10/2026 14:47:13","0000-00","0","no battery","V"
"07/08/2026","13:20:11","3","default","198787511","O3","21.504","min","175.755","µmol/L","Humid","21.175","deg","132470","µV","23.619","°C","1011.000","hPa","34.2","pmil","0","52.118","deg","21.808","°C","226.700","µmol/L","21.407","deg","20.891","°C","1012.000","hPa","0.861","-0.02056","0.00035","-0.00011","0","14.7","Humid","27.30","0","43.40","196320.83","SABD0002000012","AAV2.0.0.13","1.1.2.0","PSt7-10","000000-000","6/10/2026 14:47:13","0000-00","0","no battery","V"
"07/08/2026","13:20:41","3","default","198787511","O3","22.004","min","175.895","µmol/L","Humid","21.172","deg","132474","µV","23.601","°C","1011.000","hPa","34.2","pmil","0","52.118","deg","21.808","°C","226.700","µmol/L","21.407","deg","20.891","°C","1012.000","hPa","0.861","-0.02056","0.00035","-0.00011","0","14.7","Humid","27.30","0","43.40","196310.04","SABD0002000012","AAV2.0.0.13","1.1.2.0","PSt7-10","000000-000","6/10/2026 14:47:13","0000-00","0","no battery","V"
"07/08/2026","13:21:11","3","default","198787511","O3","22.505","min","175.721","µmol/L","Humid","21.179","deg","132471","µV","23.613","°C","1011.000","hPa","34.2","pmil","0","52.118","deg","21.808","°C","226.700","µmol/L","21.407","deg","20.891","°C","1012.000","hPa","0.861","-0.02056","0.00035","-0.00011","0","14.7","Humid","27.30","0","43.40","196290.25","SABD0002000012","AAV2.0.0.13","1.1.2.0","PSt7-10","000000-000","6/10/2026 14:47:13","0000-00","0","no battery","V"
"07/08/2026","13:21:41","3","default","198787511","O3","23.005","min","175.800","µmol/L","Humid","21.176","deg","132468","µV","23.607","°C","1011.000","hPa","34.2","pmil","0","52.118","deg","21.808","°C","226.700","µmol/L","21.407","deg","20.891","°C","1012.000","hPa","0.861","-0.02056","0.00035","-0.00011","0","14.7","Humid","27.30","0","43.40","196277.59","SABD0002000012","AAV2.0.0.13","1.1.2.0","PSt7-10","000000-000","6/10/2026 14:47:13","0000-00","0","no battery","V"
"07/08/2026","13:22:11","3","default","198787511","O3","23.505","min","175.849","µmol/L","Humid","21.173","deg","132459","µV","23.607","°C","1011.000","hPa","34.2","pmil","0","52.118","deg","21.808","°C","226.700","µmol/L","21.407","deg","20.891","°C","1012.000","hPa","0.861","-0.02056","0.00035","-0.00011","0","14.7","Humid","27.30","0","43.40","196259.98","SABD0002000012","AAV2.0.0.13","1.1.2.0","PSt7-10","000000-000","6/10/2026 14:47:13","0000-00","0","no battery","V"
"07/08/2026","13:22:41","3","default","198787511","O3","24.005","min","175.816","µmol/L","Humid","21.175","deg","132442","µV","23.607","°C","1011.000","hPa","34.2","pmil","0","52.118","deg","21.808","°C","226.700","µmol/L","21.407","deg","20.891","°C","1012.000","hPa","0.861","-0.02056","0.00035","-0.00011","0","14.7","Humid","27.30","0","43.40","196245.14","SABD0002000012","AAV2.0.0.13","1.1.2.0","PSt7-10","000000-000","6/10/2026 14:47:13","0000-00","0","no battery","V"
"07/08/2026","13:23:11","3","default","198787511","O3","24.505","min","175.816","µmol/L","Humid","21.175","deg","132432","µV","23.607","°C","1011.000","hPa","34.2","pmil","0","52.118","deg","21.808","°C","226.700","µmol/L","21.407","deg","20.891","°C","1012.000","hPa","0.861","-0.02056","0.00035","-0.00011","0","14.7","Humid","27.30","0","43.40","196226.46","SABD0002000012","AAV2.0.0.13","1.1.2.0","PSt7-10","000000-000","6/10/2026 14:47:13","0000-00","0","no battery","V"
"07/08/2026","13:23:41","3","default","198787511","O3","25.005","min","175.782","µmol/L","Humid","21.179","deg","132415","µV","23.601","°C","1011.000","hPa","34.2","pmil","0","52.118","deg","21.808","°C","226.700","µmol/L","21.407","deg","20.891","°C","1012.000","hPa","0.861","-0.02056","0.00035","-0.00011","0","14.7","Humid","27.30","0","43.40","196218.69","SABD0002000012","AAV2.0.0.13","1.1.2.0","PSt7-10","000000-000","6/10/2026 14:47:13","0000-00","0","no battery","V"
"07/08/2026","13:24:11","3","default","198787511","O3","25.505","min","175.863","µmol/L","Humid","21.174","deg","132398","µV","23.601","°C","1011.000","hPa","34.2","pmil","0","52.118","deg","21.808","°C","226.700","µmol/L","21.407","deg","20.891","°C","1012.000","hPa","0.861","-0.02056","0.00035","-0.00011","0","14.7","Humid","27.30","0","43.40","196204.32","SABD0002000012","AAV2.0.0.13","1.1.2.0","PSt7-10","000000-000","6/10/2026 14:47:13","0000-00","0","no battery","V"
"07/08/2026","13:24:41","3","default","198787511","O3","26.005","min","175.782","µmol/L","Humid","21.179","deg","132402","µV","23.601","°C","1011.000","hPa","34.2","pmil","0","52.118","deg","21.808","°C","226.700","µmol/L","21.407","deg","20.891","°C","1012.000","hPa","0.861","-0.02056","0.00035","-0.00011","0","14.7","Humid","27.30","0","43.40","196195.87","SABD0002000012","AAV2.0.0.13","1.1.2.0","PSt7-10","000000-000","6/10/2026 14:47:13","0000-00","0","no battery","V"
"07/08/2026","13:25:11","3","default","198787511","O3","26.505","min","175.733","µmol/L","Humid","21.182","deg","132387","µV","23.601","°C","1011.000","hPa","34.2","pmil","0","52.118","deg","21.808","°C","226.700","µmol/L","21.407","deg","20.891","°C","1012.000","hPa","0.861","-0.02056","0.00035","-0.00011","0","14.7","Humid","27.30","0","43.40","196169.25","SABD0002000012","AAV2.0.0.13","1.1.2.0","PSt7-10","000000-000","6/10/2026 14:47:13","0000-00","0","no battery","V"
"07/08/2026","13:25:41","3","default","198787511","O3","27.005","min","175.812","µmol/L","Humid","21.179","deg","132394","µV","23.595","°C","1011.000","hPa","34.2","pmil","0","52.118","deg","21.808","°C","226.700","µmol/L","21.407","deg","20.891","°C","1012.000","hPa","0.861","-0.02056","0.00035","-0.00011","0","14.7","Humid","27.30","0","43.40","196160.62","SABD0002000012","AAV2.0.0.13","1.1.2.0","PSt7-10","000000-000","6/10/2026 14:47:13","0000-00","0","no battery","V"
"07/08/2026","13:26:11","3","default","198787511","O3","27.505","min","175.731","µmol/L","Humid","21.184","deg","132372","µV","23.595","°C","1011.000","hPa","34.2","pmil","0","52.118","deg","21.808","°C","226.700","µmol/L","21.407","deg","20.891","°C","1012.000","hPa","0.861","-0.02056","0.00035","-0.00011","0","14.7","Humid","27.30","0","43.40","196159.50","SABD0002000012","AAV2.0.0.13","1.1.2.0","PSt7-10","000000-000","6/10/2026 14:47:13","0000-00","0","no battery","V"
"07/08/2026","13:26:41","3","default","198787511","O3","28.005","min","175.796","µmol/L","Humid","21.180","deg","132359","µV","23.595","°C","1011.000","hPa","34.2","pmil","0","52.118","deg","21.808","°C","226.700","µmol/L","21.407","deg","20.891","°C","1012.000","hPa","0.861","-0.02056","0.00035","-0.00011","0","14.7","Humid","27.30","0","43.40","196149.22","SABD0002000012","AAV2.0.0.13","1.1.2.0","PSt7-10","000000-000","6/10/2026 14:47:13","0000-00","0","no battery","V"
"07/08/2026","13:27:11","3","default","198787511","O3","28.505","min","175.812","µmol/L","Humid","21.179","deg","132341","µV","23.595","°C","1011.000","hPa","34.2","pmil","0","52.118","deg","21.808","°C","226.700","µmol/L","21.407","deg","20.891","°C","1012.000","hPa","0.861","-0.02056","0.00035","-0.00011","0","14.7","Humid","27.30","0","43.40","196138.96","SABD0002000012","AAV2.0.0.13","1.1.2.0","PSt7-10","000000-000","6/10/2026 14:47:13","0000-00","0","no battery","V"
"07/08/2026","13:27:41","3","default","198787511","O3","29.005","min","175.796","µmol/L","Humid","21.180","deg","132317","µV","23.595","°C","1011.000","hPa","34.2","pmil","0","52.118","deg","21.808","°C","226.700","µmol/L","21.407","deg","20.891","°C","1012.000","hPa","0.861","-0.02056","0.00035","-0.00011","0","14.7","Humid","27.30","0","43.40","196122.17","SABD0002000012","AAV2.0.0.13","1.1.2.0","PSt7-10","000000-000","6/10/2026 14:47:13","0000-00","0","no battery","V"
"07/08/2026","13:28:11","3","default","198787511","O3","29.505","min","175.796","µmol/L","Humid","21.180","deg","132302","µV","23.595","°C","1011.000","hPa","34.2","pmil","0","52.118","deg","21.808","°C","226.700","µmol/L","21.407","deg","20.891","°C","1012.000","hPa","0.861","-0.02056","0.00035","-0.00011","0","14.7","Humid","27.30","0","43.40","196105.78","SABD0002000012","AAV2.0.0.13","1.1.2.0","PSt7-10","000000-000","6/10/2026 14:47:13","0000-00","0","no battery","V"
"07/08/2026","13:28:41","3","default","198787511","O3","30.005","min","175.829","µmol/L","Humid","21.178","deg","132301","µV","23.595","°C","1011.000","hPa","34.2","pmil","0","52.118","deg","21.808","°C","226.700","µmol/L","21.407","deg","20.891","°C","1012.000","hPa","0.861","-0.02056","0.00035","-0.00011","0","14.7","Humid","27.30","0","43.40","196108.63","SABD0002000012","AAV2.0.0.13","1.1.2.0","PSt7-10","000000-000","6/10/2026 14:47:13","0000-00","0","no battery","V"
"07/08/2026","13:29:11","3","default","198787511","O3","30.504","min","175.843","µmol/L","Humid","21.179","deg","132280","µV","23.588","°C","1011.000","hPa","34.2","pmil","0","52.118","deg","21.808","°C","226.700","µmol/L","21.407","deg","20.891","°C","1012.000","hPa","0.861","-0.02056","0.00035","-0.00011","0","14.7","Humid","27.30","0","43.40","196101.41","SABD0002000012","AAV2.0.0.13","1.1.2.0","PSt7-10","000000-000","6/10/2026 14:47:13","0000-00","0","no battery","V"
"07/08/2026","13:29:41","3","default","198787511","O3","31.004","min","175.810","µmol/L","Humid","21.181","deg","132256","µV","23.588","°C","1011.000","hPa","34.2","pmil","0","52.118","deg","21.808","°C","226.700","µmol/L","21.407","deg","20.891","°C","1012.000","hPa","0.861","-0.02056","0.00035","-0.00011","0","14.7","Humid","27.30","0","43.40","196088.32","SABD0002000012","AAV2.0.0.13","1.1.2.0","PSt7-10","000000-000","6/10/2026 14:47:13","0000-00","0","no battery","V"
"07/08/2026","13:30:11","3","default","198787511","O3","31.504","min","175.810","µmol/L","Humid","21.181","deg","132239","µV","23.588","°C","1011.000","hPa","34.2","pmil","0","52.118","deg","21.808","°C","226.700","µmol/L","21.407","deg","20.891","°C","1012.000","hPa","0.861","-0.02056","0.00035","-0.00011","0","14.7","Humid","27.30","0","43.40","196074.00","SABD0002000012","AAV2.0.0.13","1.1.2.0","PSt7-10","000000-000","6/10/2026 14:47:13","0000-00","0","no battery","V"
"07/08/2026","13:30:41","3","default","198787511","O3","32.004","min","175.875","µmol/L","Humid","21.177","deg","132233","µV","23.588","°C","1011.000","hPa","34.2","pmil","0","52.118","deg","21.808","°C","226.700","µmol/L","21.407","deg","20.891","°C","1012.000","hPa","0.861","-0.02056","0.00035","-0.00011","0","14.7","Humid","27.30","0","43.40","196072.07","SABD0002000012","AAV2.0.0.13","1.1.2.0","PSt7-10","000000-000","6/10/2026 14:47:13","0000-00","0","no battery","V"
"07/08/2026","13:31:11","3","default","198787511","O3","32.504","min","175.859","µmol/L","Humid","21.178","deg","132218","µV","23.588","°C","1011.000","hPa","34.2","pmil","0","52.118","deg","21.808","°C","226.700","µmol/L","21.407","deg","20.891","°C","1012.000","hPa","0.861","-0.02056","0.00035","-0.00011","0","14.7","Humid","27.30","0","43.40","196062.02","SABD0002000012","AAV2.0.0.13","1.1.2.0","PSt7-10","000000-000","6/10/2026 14:47:13","0000-00","0","no battery","V"
"07/08/2026","13:31:41","3","default","198787511","O3","33.004","min","175.841","µmol/L","Humid","21.181","deg","132209","µV","23.582","°C","1011.000","hPa","34.2","pmil","0","52.118","deg","21.808","°C","226.700","µmol/L","21.407","deg","20.891","°C","1012.000","hPa","0.861","-0.02056","0.00035","-0.00011","0","14.7","Humid","27.30","0","43.40","196053.20","SABD0002000012","AAV2.0.0.13","1.1.2.0","PSt7-10","000000-000","6/10/2026 14:47:13","0000-00","0","no battery","V"
"07/08/2026","13:32:11","3","default","198787511","O3","33.504","min","175.924","µmol/L","Humid","21.174","deg","132198","µV","23.588","°C","1011.000","hPa","34.2","pmil","0","52.118","deg","21.808","°C","226.700","µmol/L","21.407","deg","20.891","°C","1012.000","hPa","0.861","-0.02056","0.00035","-0.00011","0","14.7","Humid","27.30","0","43.40","196045.75","SABD0002000012","AAV2.0.0.13","1.1.2.0","PSt7-10","000000-000","6/10/2026 14:47:13","0000-00","0","no battery","V"
"07/08/2026","13:32:41","3","default","198787511","O3","34.005","min","175.908","µmol/L","Humid","21.175","deg","132176","µV","23.588","°C","1011.000","hPa","34.2","pmil","0","52.118","deg","21.808","°C","226.700","µmol/L","21.407","deg","20.891","°C","1012.000","hPa","0.861","-0.02056","0.00035","-0.00011","0","14.7","Humid","27.30","0","43.40","196031.84","SABD0002000012","AAV2.0.0.13","1.1.2.0","PSt7-10","000000-000","6/10/2026 14:47:13","0000-00","0","no battery","V"
"07/08/2026","13:33:11","3","default","198787511","O3","34.505","min","175.892","µmol/L","Humid","21.176","deg","132153","µV","23.588","°C","1011.000","hPa","34.2","pmil","0","52.118","deg","21.808","°C","226.700","µmol/L","21.407","deg","20.891","°C","1012.000","hPa","0.861","-0.02056","0.00035","-0.00011","0","14.7","Humid","27.30","0","43.40","196027.69","SABD0002000012","AAV2.0.0.13","1.1.2.0","PSt7-10","000000-000","6/10/2026 14:47:13","0000-00","0","no battery","V"
"07/08/2026","13:33:41","3","default","198787511","O3","35.005","min","175.985","µmol/L","Humid","21.174","deg","132158","µV","23.576","°C","1011.000","hPa","34.2","pmil","0","52.118","deg","21.808","°C","226.700","µmol/L","21.407","deg","20.891","°C","1012.000","hPa","0.861","-0.02056","0.00035","-0.00011","0","14.7","Humid","27.30","0","43.40","196009.12","SABD0002000012","AAV2.0.0.13","1.1.2.0","PSt7-10","000000-000","6/10/2026 14:47:13","0000-00","0","no battery","V"
"07/08/2026","13:34:11","3","default","198787511","O3","35.505","min","175.908","µmol/L","Humid","21.175","deg","132124","µV","23.588","°C","1011.000","hPa","34.2","pmil","0","52.118","deg","21.808","°C","226.700","µmol/L","21.407","deg","20.891","°C","1012.000","hPa","0.861","-0.02056","0.00035","-0.00011","0","14.7","Humid","27.30","0","43.40","196014.38","SABD0002000012","AAV2.0.0.13","1.1.2.0","PSt7-10","000000-000","6/10/2026 14:47:13","0000-00","0","no battery","V"
"07/08/2026","13:34:41","3","default","198787511","O3","36.005","min","175.908","µmol/L","Humid","21.175","deg","132122","µV","23.588","°C","1011.000","hPa","34.2","pmil","0","52.118","deg","21.808","°C","226.700","µmol/L","21.407","deg","20.891","°C","1012.000","hPa","0.861","-0.02056","0.00035","-0.00011","0","14.7","Humid","27.30","0","43.40","196004.68","SABD0002000012","AAV2.0.0.13","1.1.2.0","PSt7-10","000000-000","6/10/2026 14:47:13","0000-00","0","no battery","V"
"07/08/2026","13:35:11","3","default","198787511","O3","36.505","min","175.892","µmol/L","Humid","21.176","deg","132116","µV","23.588","°C","1011.000","hPa","34.2","pmil","0","52.118","deg","21.808","°C","226.700","µmol/L","21.407","deg","20.891","°C","1012.000","hPa","0.861","-0.02056","0.00035","-0.00011","0","14.7","Humid","27.30","0","43.40","195992.20","SABD0002000012","AAV2.0.0.13","1.1.2.0","PSt7-10","000000-000","6/10/2026 14:47:13","0000-00","0","no battery","V"
"07/08/2026","13:35:41","3","default","198787511","O3","37.005","min","175.987","µmol/L","Humid","21.172","deg","132110","µV","23.582","°C","1011.000","hPa","34.2","pmil","0","52.118","deg","21.808","°C","226.700","µmol/L","21.407","deg","20.891","°C","1012.000","hPa","0.861","-0.02056","0.00035","-0.00011","0","14.7","Humid","27.30","0","43.40","195996.42","SABD0002000012","AAV2.0.0.13","1.1.2.0","PSt7-10","000000-000","6/10/2026 14:47:13","0000-00","0","no battery","V"
"07/08/2026","13:36:11","3","default","198787511","O3","37.505","min","175.938","µmol/L","Humid","21.175","deg","132096","µV","23.582","°C","1011.000","hPa","34.2","pmil","0","52.118","deg","21.808","°C","226.700","µmol/L","21.407","deg","20.891","°C","1012.000","hPa","0.861","-0.02056","0.00035","-0.00011","0","14.7","Humid","27.30","0","43.40","195981.34","SABD0002000012","AAV2.0.0.13","1.1.2.0","PSt7-10","000000-000","6/10/2026 14:47:13","0000-00","0","no battery","V"
"07/08/2026","13:36:41","3","default","198787511","O3","38.005","min","175.987","µmol/L","Humid","21.172","deg","132088","µV","23.582","°C","1011.000","hPa","34.2","pmil","0","52.118","deg","21.808","°C","226.700","µmol/L","21.407","deg","20.891","°C","1012.000","hPa","0.861","-0.02056","0.00035","-0.00011","0","14.7","Humid","27.30","0","43.40","195975.03","SABD0002000012","AAV2.0.0.13","1.1.2.0","PSt7-10","000000-000","6/10/2026 14:47:13","0000-00","0","no battery","V"
"07/08/2026","13:37:11","3","default","198787511","O3","38.505","min","175.987","µmol/L","Humid","21.172","deg","132076","µV","23.582","°C","1011.000","hPa","34.2","pmil","0","52.118","deg","21.808","°C","226.700","µmol/L","21.407","deg","20.891","°C","1012.000","hPa","0.861","-0.02056","0.00035","-0.00011","0","14.7","Humid","27.30","0","43.40","195975.32","SABD0002000012","AAV2.0.0.13","1.1.2.0","PSt7-10","000000-000","6/10/2026 14:47:13","0000-00","0","no battery","V"
"07/08/2026","13:37:41","3","default","198787511","O3","39.005","min","176.001","µmol/L","Humid","21.173","deg","132066","µV","23.576","°C","1011.000","hPa","34.2","pmil","0","52.118","deg","21.808","°C","226.700","µmol/L","21.407","deg","20.891","°C","1012.000","hPa","0.861","-0.02056","0.00035","-0.00011","0","14.7","Humid","27.30","0","43.40","195952.49","SABD0002000012","AAV2.0.0.13","1.1.2.0","PSt7-10","000000-000","6/10/2026 14:47:13","0000-00","0","no battery","V"
"07/08/2026","13:38:11","3","default","198787511","O3","39.505","min","175.940","µmol/L","Humid","21.173","deg","132055","µV","23.588","°C","1011.000","hPa","34.2","pmil","0","52.118","deg","21.808","°C","226.700","µmol/L","21.407","deg","20.891","°C","1012.000","hPa","0.861","-0.02056","0.00035","-0.00011","0","14.7","Humid","27.30","0","43.40","195941.96","SABD0002000012","AAV2.0.0.13","1.1.2.0","PSt7-10","000000-000","6/10/2026 14:47:13","0000-00","0","no battery","V"
"07/08/2026","13:38:41","3","default","198787511","O3","40.005","min","175.969","µmol/L","Humid","21.175","deg","132043","µV","23.576","°C","1011.000","hPa","34.2","pmil","0","52.118","deg","21.808","°C","226.700","µmol/L","21.407","deg","20.891","°C","1012.000","hPa","0.861","-0.02056","0.00035","-0.00011","0","14.7","Humid","27.30","0","43.40","195933.76","SABD0002000012","AAV2.0.0.13","1.1.2.0","PSt7-10","000000-000","6/10/2026 14:47:13","0000-00","0","no battery","V"
"07/08/2026","13:39:11","3","default","198787511","O3","40.505","min","175.971","µmol/L","Humid","21.173","deg","132027","µV","23.582","°C","1011.000","hPa","34.2","pmil","0","52.118","deg","21.808","°C","226.700","µmol/L","21.407","deg","20.891","°C","1012.000","hPa","0.861","-0.02056","0.00035","-0.00011","0","14.7","Humid","27.30","0","43.40","195940.66","SABD0002000012","AAV2.0.0.13","1.1.2.0","PSt7-10","000000-000","6/10/2026 14:47:13","0000-00","0","no battery","V"
"07/08/2026","13:39:41","3","default","198787511","O3","41.005","min","176.003","µmol/L","Humid","21.171","deg","132033","µV","23.582","°C","1011.000","hPa","34.2","pmil","0","52.118","deg","21.808","°C","226.700","µmol/L","21.407","deg","20.891","°C","1012.000","hPa","0.861","-0.02056","0.00035","-0.00011","0","14.7","Humid","27.30","0","43.40","195925.89","SABD0002000012","AAV2.0.0.13","1.1.2.0","PSt7-10","000000-000","6/10/2026 14:47:13","0000-00","0","no battery","V"
"07/08/2026","13:40:11","3","default","198787511","O3","41.505","min","175.956","µmol/L","Humid","21.172","deg","132012","µV","23.588","°C","1011.000","hPa","34.2","pmil","0","52.118","deg","21.808","°C","226.700","µmol/L","21.407","deg","20.891","°C","1012.000","hPa","0.861","-0.02056","0.00035","-0.00011","0","14.7","Humid","27.30","0","43.40","195926.18","SABD0002000012","AAV2.0.0.13","1.1.2.0","PSt7-10","000000-000","6/10/2026 14:47:13","0000-00","0","no battery","V"
"07/08/2026","13:40:41","3","default","198787511","O3","42.005","min","176.050","µmol/L","Humid","21.170","deg","132007","µV","23.576","°C","1011.000","hPa","34.2","pmil","0","52.118","deg","21.808","°C","226.700","µmol/L","21.407","deg","20.891","°C","1012.000","hPa","0.861","-0.02056","0.00035","-0.00011","0","14.7","Humid","27.30","0","43.40","195907.65","SABD0002000012","AAV2.0.0.13","1.1.2.0","PSt7-10","000000-000","6/10/2026 14:47:13","0000-00","0","no battery","V"
"07/08/2026","13:41:11","3","default","198787511","O3","42.505","min","175.938","µmol/L","Humid","21.175","deg","131994","µV","23.582","°C","1011.000","hPa","34.2","pmil","0","52.118","deg","21.808","°C","226.700","µmol/L","21.407","deg","20.891","°C","1012.000","hPa","0.861","-0.02056","0.00035","-0.00011","0","14.7","Humid","27.30","0","43.40","195915.25","SABD0002000012","AAV2.0.0.13","1.1.2.0","PSt7-10","000000-000","6/10/2026 14:47:13","0000-00","0","no battery","V"
"07/08/2026","13:41:41","3","default","198787511","O3","43.005","min","175.973","µmol/L","Humid","21.171","deg","131999","µV","23.588","°C","1011.000","hPa","34.2","pmil","0","52.118","deg","21.808","°C","226.700","µmol/L","21.407","deg","20.891","°C","1012.000","hPa","0.861","-0.02056","0.00035","-0.00011","0","14.7","Humid","27.30","0","43.40","195898.50","SABD0002000012","AAV2.0.0.13","1.1.2.0","PSt7-10","000000-000","6/10/2026 14:47:13","0000-00","0","no battery","V"
"07/08/2026","13:42:11","3","default","198787511","O3","43.505","min","176.003","µmol/L","Humid","21.171","deg","131986","µV","23.582","°C","1011.000","hPa","34.2","pmil","0","52.118","deg","21.808","°C","226.700","µmol/L","21.407","deg","20.891","°C","1012.000","hPa","0.861","-0.02056","0.00035","-0.00011","0","14.7","Humid","27.30","0","43.40","195906.22","SABD0002000012","AAV2.0.0.13","1.1.2.0","PSt7-10","000000-000","6/10/2026 14:47:13","0000-00","0","no battery","V"
"07/08/2026","13:42:41","3","default","198787511","O3","44.005","min","175.971","µmol/L","Humid","21.173","deg","131989","µV","23.582","°C","1011.000","hPa","34.2","pmil","0","52.118","deg","21.808","°C","226.700","µmol/L","21.407","deg","20.891","°C","1012.000","hPa","0.861","-0.02056","0.00035","-0.00011","0","14.7","Humid","27.30","0","43.40","195892.94","SABD0002000012","AAV2.0.0.13","1.1.2.0","PSt7-10","000000-000","6/10/2026 14:47:13","0000-00","0","no battery","V"
"07/08/2026","13:43:11","3","default","198787511","O3","44.505","min","175.938","µmol/L","Humid","21.175","deg","131975","µV","23.582","°C","1011.000","hPa","34.2","pmil","0","52.118","deg","21.808","°C","226.700","µmol/L","21.407","deg","20.891","°C","1012.000","hPa","0.861","-0.02056","0.00035","-0.00011","0","14.7","Humid","27.30","0","43.40","195889.06","SABD0002000012","AAV2.0.0.13","1.1.2.0","PSt7-10","000000-000","6/10/2026 14:47:13","0000-00","0","no battery","V"
"07/08/2026","13:43:41","3","default","198787511","O3","45.005","min","176.017","µmol/L","Humid","21.172","deg","131961","µV","23.576","°C","1011.000","hPa","34.2","pmil","0","52.118","deg","21.808","°C","226.700","µmol/L","21.407","deg","20.891","°C","1012.000","hPa","0.861","-0.02056","0.00035","-0.00011","0","14.7","Humid","27.30","0","43.40","195881.49","SABD0002000012","AAV2.0.0.13","1.1.2.0","PSt7-10","000000-000","6/10/2026 14:47:13","0000-00","0","no battery","V"
"07/08/2026","13:44:11","3","default","198787511","O3","45.505","min","176.034","µmol/L","Humid","21.171","deg","131968","µV","23.576","°C","1011.000","hPa","34.2","pmil","0","52.118","deg","21.808","°C","226.700","µmol/L","21.407","deg","20.891","°C","1012.000","hPa","0.861","-0.02056","0.00035","-0.00011","0","14.7","Humid","27.30","0","43.40","195861.58","SABD0002000012","AAV2.0.0.13","1.1.2.0","PSt7-10","000000-000","6/10/2026 14:47:13","0000-00","0","no battery","V"
"07/08/2026","13:44:41","3","default","198787511","O3","46.005","min","176.021","µmol/L","Humid","21.168","deg","131970","µV","23.588","°C","1011.000","hPa","34.2","pmil","0","52.118","deg","21.808","°C","226.700","µmol/L","21.407","deg","20.891","°C","1012.000","hPa","0.861","-0.02056","0.00035","-0.00011","0","14.7","Humid","27.30","0","43.40","195870.69","SABD0002000012","AAV2.0.0.13","1.1.2.0","PSt7-10","000000-000","6/10/2026 14:47:13","0000-00","0","no battery","V"
"07/08/2026","13:45:11","3","default","198787511","O3","46.505","min","175.877","µmol/L","Humid","21.175","deg","131952","µV","23.595","°C","1011.000","hPa","34.2","pmil","0","52.118","deg","21.808","°C","226.700","µmol/L","21.407","deg","20.891","°C","1012.000","hPa","0.861","-0.02056","0.00035","-0.00011","0","14.7","Humid","27.30","0","43.40","195857.09","SABD0002000012","AAV2.0.0.13","1.1.2.0","PSt7-10","000000-000","6/10/2026 14:47:13","0000-00","0","no battery","V"
"07/08/2026","13:45:41","3","default","198787511","O3","47.005","min","175.987","µmol/L","Humid","21.172","deg","131949","µV","23.582","°C","1011.000","hPa","34.2","pmil","0","52.118","deg","21.808","°C","226.700","µmol/L","21.407","deg","20.891","°C","1012.000","hPa","0.861","-0.02056","0.00035","-0.00011","0","14.7","Humid","27.30","0","43.40","195855.04","SABD0002000012","AAV2.0.0.13","1.1.2.0","PSt7-10","000000-000","6/10/2026 14:47:13","0000-00","0","no battery","V"
"07/08/2026","13:46:11","3","default","198787511","O3","47.504","min","175.940","µmol/L","Humid","21.173","deg","131934","µV","23.588","°C","1011.000","hPa","34.2","pmil","0","52.118","deg","21.808","°C","226.700","µmol/L","21.407","deg","20.891","°C","1012.000","hPa","0.861","-0.02056","0.00035","-0.00011","0","14.7","Humid","27.30","0","43.40","195836.16","SABD0002000012","AAV2.0.0.13","1.1.2.0","PSt7-10","000000-000","6/10/2026 14:47:13","0000-00","0","no battery","V"
"07/08/2026","13:46:41","3","default","198787511","O3","48.004","min","175.940","µmol/L","Humid","21.173","deg","131946","µV","23.588","°C","1011.000","hPa","34.2","pmil","0","52.118","deg","21.808","°C","226.700","µmol/L","21.407","deg","20.891","°C","1012.000","hPa","0.861","-0.02056","0.00035","-0.00011","0","14.7","Humid","27.30","0","43.40","195841.13","SABD0002000012","AAV2.0.0.13","1.1.2.0","PSt7-10","000000-000","6/10/2026 14:47:13","0000-00","0","no battery","V"
"07/08/2026","13:47:11","3","default","198787511","O3","48.504","min","175.954","µmol/L","Humid","21.174","deg","131942","µV","23.582","°C","1011.000","hPa","34.2","pmil","0","52.118","deg","21.808","°C","226.700","µmol/L","21.407","deg","20.891","°C","1012.000","hPa","0.861","-0.02056","0.00035","-0.00011","0","14.7","Humid","27.30","0","43.40","195826.42","SABD0002000012","AAV2.0.0.13","1.1.2.0","PSt7-10","000000-000","6/10/2026 14:47:13","0000-00","0","no battery","V"
"07/08/2026","13:47:41","3","default","198787511","O3","49.004","min","175.940","µmol/L","Humid","21.173","deg","131935","µV","23.588","°C","1011.000","hPa","34.2","pmil","0","52.118","deg","21.808","°C","226.700","µmol/L","21.407","deg","20.891","°C","1012.000","hPa","0.861","-0.02056","0.00035","-0.00011","0","14.7","Humid","27.30","0","43.40","195827.74","SABD0002000012","AAV2.0.0.13","1.1.2.0","PSt7-10","000000-000","6/10/2026 14:47:13","0000-00","0","no battery","V"
"07/08/2026","13:48:11","3","default","198787511","O3","49.505","min","176.003","µmol/L","Humid","21.171","deg","131942","µV","23.582","°C","1011.000","hPa","34.2","pmil","0","52.118","deg","21.808","°C","226.700","µmol/L","21.407","deg","20.891","°C","1012.000","hPa","0.861","-0.02056","0.00035","-0.00011","0","14.7","Humid","27.30","0","43.40","195820.65","SABD0002000012","AAV2.0.0.13","1.1.2.0","PSt7-10","000000-000","6/10/2026 14:47:13","0000-00","0","no battery","V"
"07/08/2026","13:48:41","3","default","198787511","O3","50.005","min","175.956","µmol/L","Humid","21.172","deg","131928","µV","23.588","°C","1011.000","hPa","34.2","pmil","0","52.118","deg","21.808","°C","226.700","µmol/L","21.407","deg","20.891","°C","1012.000","hPa","0.861","-0.02056","0.00035","-0.00011","0","14.7","Humid","27.30","0","43.40","195828.35","SABD0002000012","AAV2.0.0.13","1.1.2.0","PSt7-10","000000-000","6/10/2026 14:47:13","0000-00","0","no battery","V"
"07/08/2026","13:49:11","3","default","198787511","O3","50.504","min","176.149","µmol/L","Humid","21.162","deg","131886","µV","23.582","°C","1011.000","hPa","34.2","pmil","0","52.118","deg","21.808","°C","226.700","µmol/L","21.407","deg","20.891","°C","1012.000","hPa","0.861","-0.02056","0.00035","-0.00011","0","14.7","Humid","27.30","0","43.40","195822.16","SABD0002000012","AAV2.0.0.13","1.1.2.0","PSt7-10","000000-000","6/10/2026 14:47:13","0000-00","0","no battery","V"
"07/08/2026","13:49:41","3","default","198787511","O3","51.004","min","176.153","µmol/L","Humid","21.158","deg","131866","µV","23.595","°C","1011.000","hPa","34.2","pmil","0","52.118","deg","21.808","°C","226.700","µmol/L","21.407","deg","20.891","°C","1012.000","hPa","0.861","-0.02056","0.00035","-0.00011","0","14.7","Humid","27.30","0","43.40","195830.85","SABD0002000012","AAV2.0.0.13","1.1.2.0","PSt7-10","000000-000","6/10/2026 14:47:13","0000-00","0","no battery","V"
"07/08/2026","13:50:11","3","default","198787511","O3","51.505","min","176.135","µmol/L","Humid","21.161","deg","131854","µV","23.588","°C","1011.000","hPa","34.2","pmil","0","52.118","deg","21.808","°C","226.700","µmol/L","21.407","deg","20.891","°C","1012.000","hPa","0.861","-0.02056","0.00035","-0.00011","0","14.7","Humid","27.30","0","43.40","195813.47","SABD0002000012","AAV2.0.0.13","1.1.2.0","PSt7-10","000000-000","6/10/2026 14:47:13","0000-00","0","no battery","V"
"07/08/2026","13:50:41","3","default","198787511","O3","52.005","min","176.102","µmol/L","Humid","21.163","deg","131887","µV","23.588","°C","1011.000","hPa","34.2","pmil","0","52.118","deg","21.808","°C","226.700","µmol/L","21.407","deg","20.891","°C","1012.000","hPa","0.861","-0.02056","0.00035","-0.00011","0","14.7","Humid","27.30","0","43.40","195804.10","SABD0002000012","AAV2.0.0.13","1.1.2.0","PSt7-10","000000-000","6/10/2026 14:47:13","0000-00","0","no battery","V"
"07/08/2026","13:51:11","3","default","198787511","O3","52.505","min","176.054","µmol/L","Humid","21.166","deg","131896","µV","23.588","°C","1011.000","hPa","34.2","pmil","0","52.118","deg","21.808","°C","226.700","µmol/L","21.407","deg","20.891","°C","1012.000","hPa","0.861","-0.02056","0.00035","-0.00011","0","14.7","Humid","27.30","0","43.40","195813.00","SABD0002000012","AAV2.0.0.13","1.1.2.0","PSt7-10","000000-000","6/10/2026 14:47:13","0000-00","0","no battery","V"
"07/08/2026","13:51:41","3","default","198787511","O3","53.004","min","176.056","µmol/L","Humid","21.164","deg","131907","µV","23.595","°C","1011.000","hPa","34.2","pmil","0","52.118","deg","21.808","°C","226.700","µmol/L","21.407","deg","20.891","°C","1012.000","hPa","0.861","-0.02056","0.00035","-0.00011","0","14.7","Humid","27.30","0","43.40","195812.54","SABD0002000012","AAV2.0.0.13","1.1.2.0","PSt7-10","000000-000","6/10/2026 14:47:13","0000-00","0","no battery","V"
"07/08/2026","13:52:11","3","default","198787511","O3","53.505","min","176.054","µmol/L","Humid","21.166","deg","131899","µV","23.588","°C","1011.000","hPa","34.2","pmil","0","52.118","deg","21.808","°C","226.700","µmol/L","21.407","deg","20.891","°C","1012.000","hPa","0.861","-0.02056","0.00035","-0.00011","0","14.7","Humid","27.30","0","43.40","195804.76","SABD0002000012","AAV2.0.0.13","1.1.2.0","PSt7-10","000000-000","6/10/2026 14:47:13","0000-00","0","no battery","V"
"07/08/2026","13:52:41","3","default","198787511","O3","54.004","min","176.005","µmol/L","Humid","21.169","deg","131921","µV","23.588","°C","1011.000","hPa","34.2","pmil","0","52.118","deg","21.808","°C","226.700","µmol/L","21.407","deg","20.891","°C","1012.000","hPa","0.861","-0.02056","0.00035","-0.00011","0","14.7","Humid","27.30","0","43.40","195801.04","SABD0002000012","AAV2.0.0.13","1.1.2.0","PSt7-10","000000-000","6/10/2026 14:47:13","0000-00","0","no battery","V"
"07/08/2026","13:53:11","3","default","198787511","O3","54.505","min","176.023","µmol/L","Humid","21.166","deg","131917","µV","23.595","°C","1011.000","hPa","34.2","pmil","0","52.118","deg","21.808","°C","226.700","µmol/L","21.407","deg","20.891","°C","1012.000","hPa","0.861","-0.02056","0.00035","-0.00011","0","14.7","Humid","27.30","0","43.40","195803.44","SABD0002000012","AAV2.0.0.13","1.1.2.0","PSt7-10","000000-000","6/10/2026 14:47:13","0000-00","0","no battery","V"
"07/08/2026","13:53:41","3","default","198787511","O3","55.005","min","176.070","µmol/L","Humid","21.165","deg","131915","µV","23.588","°C","1011.000","hPa","34.2","pmil","0","52.118","deg","21.808","°C","226.700","µmol/L","21.407","deg","20.891","°C","1012.000","hPa","0.861","-0.02056","0.00035","-0.00011","0","14.7","Humid","27.30","0","43.40","195772.94","SABD0002000012","AAV2.0.0.13","1.1.2.0","PSt7-10","000000-000","6/10/2026 14:47:13","0000-00","0","no battery","V"
"07/08/2026","13:54:11","3","default","198787511","O3","55.504","min","176.037","µmol/L","Humid","21.167","deg","131915","µV","23.588","°C","1011.000","hPa","34.2","pmil","0","52.118","deg","21.808","°C","226.700","µmol/L","21.407","deg","20.891","°C","1012.000","hPa","0.861","-0.02056","0.00035","-0.00011","0","14.7","Humid","27.30","0","43.40","195782.37","SABD0002000012","AAV2.0.0.13","1.1.2.0","PSt7-10","000000-000","6/10/2026 14:47:13","0000-00","0","no battery","V"
"07/08/2026","13:54:41","3","default","198787511","O3","56.005","min","176.072","µmol/L","Humid","21.163","deg","131906","µV","23.595","°C","1011.000","hPa","34.2","pmil","0","52.118","deg","21.808","°C","226.700","µmol/L","21.407","deg","20.891","°C","1012.000","hPa","0.861","-0.02056","0.00035","-0.00011","0","14.7","Humid","27.30","0","43.40","195776.69","SABD0002000012","AAV2.0.0.13","1.1.2.0","PSt7-10","000000-000","6/10/2026 14:47:13","0000-00","0","no battery","V"
"07/08/2026","13:55:11","3","default","198787511","O3","56.505","min","176.039","µmol/L","Humid","21.165","deg","131897","µV","23.595","°C","1011.000","hPa","34.2","pmil","0","52.118","deg","21.808","°C","226.700","µmol/L","21.407","deg","20.891","°C","1012.000","hPa","0.861","-0.02056","0.00035","-0.00011","0","14.7","Humid","27.30","0","43.40","195773.14","SABD0002000012","AAV2.0.0.13","1.1.2.0","PSt7-10","000000-000","6/10/2026 14:47:13","0000-00","0","no battery","V"
"07/08/2026","13:55:41","3","default","198787511","O3","57.005","min","176.058","µmol/L","Humid","21.162","deg","131888","µV","23.601","°C","1011.000","hPa","34.2","pmil","0","52.118","deg","21.808","°C","226.700","µmol/L","21.407","deg","20.891","°C","1012.000","hPa","0.861","-0.02056","0.00035","-0.00011","0","14.7","Humid","27.30","0","43.40","195765.48","SABD0002000012","AAV2.0.0.13","1.1.2.0","PSt7-10","000000-000","6/10/2026 14:47:13","0000-00","0","no battery","V"
"07/08/2026","13:56:11","3","default","198787511","O3","57.504","min","176.088","µmol/L","Humid","21.162","deg","131888","µV","23.595","°C","1011.000","hPa","34.2","pmil","0","52.118","deg","21.808","°C","226.700","µmol/L","21.407","deg","20.891","°C","1012.000","hPa","0.861","-0.02056","0.00035","-0.00011","0","14.7","Humid","27.30","0","43.40","195762.77","SABD0002000012","AAV2.0.0.13","1.1.2.0","PSt7-10","000000-000","6/10/2026 14:47:13","0000-00","0","no battery","V"
"07/08/2026","13:56:41","3","default","198787511","O3","58.004","min","176.039","µmol/L","Humid","21.165","deg","131910","µV","23.595","°C","1011.000","hPa","34.2","pmil","0","52.118","deg","21.808","°C","226.700","µmol/L","21.407","deg","20.891","°C","1012.000","hPa","0.861","-0.02056","0.00035","-0.00011","0","14.7","Humid","27.30","0","43.40","195761.43","SABD0002000012","AAV2.0.0.13","1.1.2.0","PSt7-10","000000-000","6/10/2026 14:47:13","0000-00","0","no battery","V"
"07/08/2026","13:57:11","3","default","198787511","O3","58.505","min","176.007","µmol/L","Humid","21.167","deg","131903","µV","23.595","°C","1011.000","hPa","34.2","pmil","0","52.118","deg","21.808","°C","226.700","µmol/L","21.407","deg","20.891","°C","1012.000","hPa","0.861","-0.02056","0.00035","-0.00011","0","14.7","Humid","27.30","0","43.40","195757.14","SABD0002000012","AAV2.0.0.13","1.1.2.0","PSt7-10","000000-000","6/10/2026 14:47:13","0000-00","0","no battery","V"
"07/08/2026","13:57:41","3","default","198787511","O3","59.005","min","176.007","µmol/L","Humid","21.167","deg","131898","µV","23.595","°C","1011.000","hPa","34.2","pmil","0","52.118","deg","21.808","°C","226.700","µmol/L","21.407","deg","20.891","°C","1012.000","hPa","0.861","-0.02056","0.00035","-0.00011","0","14.7","Humid","27.30","0","43.40","195763.21","SABD0002000012","AAV2.0.0.13","1.1.2.0","PSt7-10","000000-000","6/10/2026 14:47:13","0000-00","0","no battery","V"
"07/08/2026","13:58:11","3","default","198787511","O3","59.505","min","176.056","µmol/L","Humid","21.164","deg","131883","µV","23.595","°C","1011.000","hPa","34.2","pmil","0","52.118","deg","21.808","°C","226.700","µmol/L","21.407","deg","20.891","°C","1012.000","hPa","0.861","-0.02056","0.00035","-0.00011","0","14.7","Humid","27.30","0","43.40","195754.29","SABD0002000012","AAV2.0.0.13","1.1.2.0","PSt7-10","000000-000","6/10/2026 14:47:13","0000-00","0","no battery","V"
"07/08/2026","13:58:41","3","default","198787511","O3","60.005","min","176.119","µmol/L","Humid","21.162","deg","131884","µV","23.588","°C","1011.000","hPa","34.2","pmil","0","52.118","deg","21.808","°C","226.700","µmol/L","21.407","deg","20.891","°C","1012.000","hPa","0.861","-0.02056","0.00035","-0.00011","0","14.7","Humid","27.30","0","43.40","195748.18","SABD0002000012","AAV2.0.0.13","1.1.2.0","PSt7-10","000000-000","6/10/2026 14:47:13","0000-00","0","no battery","V"
"07/08/2026","13:59:11","3","default","198787511","O3","60.505","min","176.023","µmol/L","Humid","21.166","deg","131903","µV","23.595","°C","1011.000","hPa","34.2","pmil","0","52.118","deg","21.808","°C","226.700","µmol/L","21.407","deg","20.891","°C","1012.000","hPa","0.861","-0.02056","0.00035","-0.00011","0","14.7","Humid","27.30","0","43.40","195758.90","SABD0002000012","AAV2.0.0.13","1.1.2.0","PSt7-10","000000-000","6/10/2026 14:47:13","0000-00","0","no battery","V"
"07/08/2026","13:59:41","3","default","198787511","O3","61.005","min","176.056","µmol/L","Humid","21.164","deg","131897","µV","23.595","°C","1011.000","hPa","34.2","pmil","0","52.118","deg","21.808","°C","226.700","µmol/L","21.407","deg","20.891","°C","1012.000","hPa","0.861","-0.02056","0.00035","-0.00011","0","14.7","Humid","27.30","0","43.40","195751.86","SABD0002000012","AAV2.0.0.13","1.1.2.0","PSt7-10","000000-000","6/10/2026 14:47:13","0000-00","0","no battery","V"
"07/08/2026","14:00:11","3","default","198787511","O3","61.505","min","176.039","µmol/L","Humid","21.165","deg","131909","µV","23.595","°C","1011.000","hPa","34.2","pmil","0","52.118","deg","21.808","°C","226.700","µmol/L","21.407","deg","20.891","°C","1012.000","hPa","0.861","-0.02056","0.00035","-0.00011","0","14.7","Humid","27.30","0","43.40","195749.53","SABD0002000012","AAV2.0.0.13","1.1.2.0","PSt7-10","000000-000","6/10/2026 14:47:13","0000-00","0","no battery","V"
"07/08/2026","14:00:41","3","default","198787511","O3","62.005","min","176.039","µmol/L","Humid","21.165","deg","131912","µV","23.595","°C","1011.000","hPa","34.2","pmil","0","52.118","deg","21.808","°C","226.700","µmol/L","21.407","deg","20.891","°C","1012.000","hPa","0.861","-0.02056","0.00035","-0.00011","0","14.7","Humid","27.30","0","43.40","195750.90","SABD0002000012","AAV2.0.0.13","1.1.2.0","PSt7-10","000000-000","6/10/2026 14:47:13","0000-00","0","no battery","V"
"07/08/2026","14:01:11","3","default","198787511","O3","62.505","min","175.991","µmol/L","Humid","21.168","deg","131921","µV","23.595","°C","1011.000","hPa","34.2","pmil","0","52.118","deg","21.808","°C","226.700","µmol/L","21.407","deg","20.891","°C","1012.000","hPa","0.861","-0.02056","0.00035","-0.00011","0","14.7","Humid","27.30","0","43.40","195741.59","SABD0002000012","AAV2.0.0.13","1.1.2.0","PSt7-10","000000-000","6/10/2026 14:47:13","0000-00","0","no battery","V"
"07/08/2026","14:01:41","3","default","198787511","O3","63.005","min","176.056","µmol/L","Humid","21.164","deg","131928","µV","23.595","°C","1011.000","hPa","34.2","pmil","0","52.118","deg","21.808","°C","226.700","µmol/L","21.407","deg","20.891","°C","1012.000","hPa","0.861","-0.02056","0.00035","-0.00011","0","14.7","Humid","27.30","0","43.40","195742.23","SABD0002000012","AAV2.0.0.13","1.1.2.0","PSt7-10","000000-000","6/10/2026 14:47:13","0000-00","0","no battery","V"
"07/08/2026","14:02:11","3","default","198787511","O3","63.505","min","176.037","µmol/L","Humid","21.167","deg","131922","µV","23.588","°C","1011.000","hPa","34.2","pmil","0","52.118","deg","21.808","°C","226.700","µmol/L","21.407","deg","20.891","°C","1012.000","hPa","0.861","-0.02056","0.00035","-0.00011","0","14.7","Humid","27.30","0","43.40","195747.56","SABD0002000012","AAV2.0.0.13","1.1.2.0","PSt7-10","000000-000","6/10/2026 14:47:13","0000-00","0","no battery","V"
"07/08/2026","14:02:41","3","default","198787511","O3","64.005","min","175.910","µmol/L","Humid","21.173","deg","131939","µV","23.595","°C","1011.000","hPa","34.2","pmil","0","52.118","deg","21.808","°C","226.700","µmol/L","21.407","deg","20.891","°C","1012.000","hPa","0.861","-0.02056","0.00035","-0.00011","0","14.7","Humid","27.30","0","43.40","195746.98","SABD0002000012","AAV2.0.0.13","1.1.2.0","PSt7-10","000000-000","6/10/2026 14:47:13","0000-00","0","no battery","V"
"07/08/2026","14:03:11","3","default","198787511","O3","64.505","min","175.975","µmol/L","Humid","21.169","deg","131938","µV","23.595","°C","1011.000","hPa","34.2","pmil","0","52.118","deg","21.808","°C","226.700","µmol/L","21.407","deg","20.891","°C","1012.000","hPa","0.861","-0.02056","0.00035","-0.00011","0","14.7","Humid","27.30","0","43.40","195735.46","SABD0002000012","AAV2.0.0.13","1.1.2.0","PSt7-10","000000-000","6/10/2026 14:47:13","0000-00","0","no battery","V"
"07/08/2026","14:03:41","3","default","198787511","O3","65.005","min","176.007","µmol/L","Humid","21.167","deg","131946","µV","23.595","°C","1011.000","hPa","34.2","pmil","0","52.118","deg","21.808","°C","226.700","µmol/L","21.407","deg","20.891","°C","1012.000","hPa","0.861","-0.02056","0.00035","-0.00011","0","14.7","Humid","27.30","0","43.40","195743.02","SABD0002000012","AAV2.0.0.13","1.1.2.0","PSt7-10","000000-000","6/10/2026 14:47:13","0000-00","0","no battery","V"
"07/08/2026","14:04:11","3","default","198787511","O3","65.505","min","175.962","µmol/L","Humid","21.166","deg","131941","µV","23.607","°C","1011.000","hPa","34.2","pmil","0","52.118","deg","21.808","°C","226.700","µmol/L","21.407","deg","20.891","°C","1012.000","hPa","0.861","-0.02056","0.00035","-0.00011","0","14.7","Humid","27.30","0","43.40","195747.48","SABD0002000012","AAV2.0.0.13","1.1.2.0","PSt7-10","000000-000","6/10/2026 14:47:13","0000-00","0","no battery","V"
"07/08/2026","14:04:41","3","default","198787511","O3","66.005","min","176.072","µmol/L","Humid","21.163","deg","131953","µV","23.595","°C","1011.000","hPa","34.2","pmil","0","52.118","deg","21.808","°C","226.700","µmol/L","21.407","deg","20.891","°C","1012.000","hPa","0.861","-0.02056","0.00035","-0.00011","0","14.7","Humid","27.30","0","43.40","195747.46","SABD0002000012","AAV2.0.0.13","1.1.2.0","PSt7-10","000000-000","6/10/2026 14:47:13","0000-00","0","no battery","V"
"07/08/2026","14:05:11","3","default","198787511","O3","66.505","min","175.993","µmol/L","Humid","21.166","deg","131957","µV","23.601","°C","1011.000","hPa","34.2","pmil","0","52.118","deg","21.808","°C","226.700","µmol/L","21.407","deg","20.891","°C","1012.000","hPa","0.861","-0.02056","0.00035","-0.00011","0","14.7","Humid","27.30","0","43.40","195742.59","SABD0002000012","AAV2.0.0.13","1.1.2.0","PSt7-10","000000-000","6/10/2026 14:47:13","0000-00","0","no battery","V"
"07/08/2026","14:05:41","3","default","198787511","O3","67.005","min","175.914","µmol/L","Humid","21.169","deg","131968","µV","23.607","°C","1011.000","hPa","34.2","pmil","0","52.118","deg","21.808","°C","226.700","µmol/L","21.407","deg","20.891","°C","1012.000","hPa","0.861","-0.02056","0.00035","-0.00011","0","14.7","Humid","27.30","0","43.40","195741.03","SABD0002000012","AAV2.0.0.13","1.1.2.0","PSt7-10","000000-000","6/10/2026 14:47:13","0000-00","0","no battery","V"
"07/08/2026","14:06:11","3","default","198787511","O3","67.505","min","175.962","µmol/L","Humid","21.166","deg","131976","µV","23.607","°C","1011.000","hPa","34.2","pmil","0","52.118","deg","21.808","°C","226.700","µmol/L","21.407","deg","20.891","°C","1012.000","hPa","0.861","-0.02056","0.00035","-0.00011","0","14.7","Humid","27.30","0","43.40","195732.98","SABD0002000012","AAV2.0.0.13","1.1.2.0","PSt7-10","000000-000","6/10/2026 14:47:13","0000-00","0","no battery","V"
"07/08/2026","14:06:41","3","default","198787511","O3","68.005","min","175.995","µmol/L","Humid","21.164","deg","131980","µV","23.607","°C","1011.000","hPa","34.2","pmil","0","52.118","deg","21.808","°C","226.700","µmol/L","21.407","deg","20.891","°C","1012.000","hPa","0.861","-0.02056","0.00035","-0.00011","0","14.7","Humid","27.30","0","43.40","195735.80","SABD0002000012","AAV2.0.0.13","1.1.2.0","PSt7-10","000000-000","6/10/2026 14:47:13","0000-00","0","no battery","V"
"07/08/2026","14:07:11","3","default","198787511","O3","68.505","min","175.914","µmol/L","Humid","21.169","deg","131985","µV","23.607","°C","1011.000","hPa","34.2","pmil","0","52.118","deg","21.808","°C","226.700","µmol/L","21.407","deg","20.891","°C","1012.000","hPa","0.861","-0.02056","0.00035","-0.00011","0","14.7","Humid","27.30","0","43.40","195728.83","SABD0002000012","AAV2.0.0.13","1.1.2.0","PSt7-10","000000-000","6/10/2026 14:47:13","0000-00","0","no battery","V"
"07/08/2026","14:07:41","3","default","198787511","O3","69.004","min","176.009","µmol/L","Humid","21.165","deg","131998","µV","23.601","°C","1011.000","hPa","34.2","pmil","0","52.118","deg","21.808","°C","226.700","µmol/L","21.407","deg","20.891","°C","1012.000","hPa","0.861","-0.02056","0.00035","-0.00011","0","14.7","Humid","27.30","0","43.40","195724.51","SABD0002000012","AAV2.0.0.13","1.1.2.0","PSt7-10","000000-000","6/10/2026 14:47:13","0000-00","0","no battery","V"
"07/08/2026","14:08:11","3","default","198787511","O3","69.504","min","175.975","µmol/L","Humid","21.169","deg","132001","µV","23.595","°C","1011.000","hPa","34.2","pmil","0","52.118","deg","21.808","°C","226.700","µmol/L","21.407","deg","20.891","°C","1012.000","hPa","0.861","-0.02056","0.00035","-0.00011","0","14.7","Humid","27.30","0","43.40","195720.33","SABD0002000012","AAV2.0.0.13","1.1.2.0","PSt7-10","000000-000","6/10/2026 14:47:13","0000-00","0","no battery","V"
"07/08/2026","14:08:41","3","default","198787511","O3","70.005","min","175.977","µmol/L","Humid","21.167","deg","132003","µV","23.601","°C","1011.000","hPa","34.2","pmil","0","52.118","deg","21.808","°C","226.700","µmol/L","21.407","deg","20.891","°C","1012.000","hPa","0.861","-0.02056","0.00035","-0.00011","0","14.7","Humid","27.30","0","43.40","195723.59","SABD0002000012","AAV2.0.0.13","1.1.2.0","PSt7-10","000000-000","6/10/2026 14:47:13","0000-00","0","no battery","V"
"07/08/2026","14:09:11","3","default","198787511","O3","70.505","min","175.977","µmol/L","Humid","21.167","deg","131998","µV","23.601","°C","1011.000","hPa","34.2","pmil","0","52.118","deg","21.808","°C","226.700","µmol/L","21.407","deg","20.891","°C","1012.000","hPa","0.861","-0.02056","0.00035","-0.00011","0","14.7","Humid","27.30","0","43.40","195727.08","SABD0002000012","AAV2.0.0.13","1.1.2.0","PSt7-10","000000-000","6/10/2026 14:47:13","0000-00","0","no battery","V"
"07/08/2026","14:09:41","3","default","198787511","O3","71.005","min","175.932","µmol/L","Humid","21.166","deg","132009","µV","23.613","°C","1011.000","hPa","34.2","pmil","0","52.118","deg","21.808","°C","226.700","µmol/L","21.407","deg","20.891","°C","1012.000","hPa","0.861","-0.02056","0.00035","-0.00011","0","14.7","Humid","27.30","0","43.40","195715.87","SABD0002000012","AAV2.0.0.13","1.1.2.0","PSt7-10","000000-000","6/10/2026 14:47:13","0000-00","0","no battery","V"
"07/08/2026","14:10:11","3","default","198787511","O3","71.505","min","176.062","µmol/L","Humid","21.158","deg","131947","µV","23.613","°C","1011.000","hPa","34.2","pmil","0","52.118","deg","21.808","°C","226.700","µmol/L","21.407","deg","20.891","°C","1012.000","hPa","0.861","-0.02056","0.00035","-0.00011","0","14.7","Humid","27.30","0","43.40","195720.40","SABD0002000012","AAV2.0.0.13","1.1.2.0","PSt7-10","000000-000","6/10/2026 14:47:13","0000-00","0","no battery","V"
"07/08/2026","14:10:41","3","default","198787511","O3","72.005","min","176.047","µmol/L","Humid","21.157","deg","131943","µV","23.619","°C","1011.000","hPa","34.2","pmil","0","52.118","deg","21.808","°C","226.700","µmol/L","21.407","deg","20.891","°C","1012.000","hPa","0.861","-0.02056","0.00035","-0.00011","0","14.7","Humid","27.30","0","43.40","195712.03","SABD0002000012","AAV2.0.0.13","1.1.2.0","PSt7-10","000000-000","6/10/2026 14:47:13","0000-00","0","no battery","V"
"07/08/2026","14:11:11","3","default","198787511","O3","72.505","min","176.092","µmol/L","Humid","21.158","deg","131944","µV","23.607","°C","1011.000","hPa","34.2","pmil","0","52.118","deg","21.808","°C","226.700","µmol/L","21.407","deg","20.891","°C","1012.000","hPa","0.861","-0.02056","0.00035","-0.00011","0","14.7","Humid","27.30","0","43.40","195702.66","SABD0002000012","AAV2.0.0.13","1.1.2.0","PSt7-10","000000-000","6/10/2026 14:47:13","0000-00","0","no battery","V"
"07/08/2026","14:11:41","3","default","198787511","O3","73.005","min","176.045","µmol/L","Humid","21.159","deg","131963","µV","23.613","°C","1011.000","hPa","34.2","pmil","0","52.118","deg","21.808","°C","226.700","µmol/L","21.407","deg","20.891","°C","1012.000","hPa","0.861","-0.02056","0.00035","-0.00011","0","14.7","Humid","27.30","0","43.40","195711.60","SABD0002000012","AAV2.0.0.13","1.1.2.0","PSt7-10","000000-000","6/10/2026 14:47:13","0000-00","0","no battery","V"
"07/08/2026","14:12:11","3","default","198787511","O3","73.505","min","175.995","µmol/L","Humid","21.164","deg","131994","µV","23.607","°C","1011.000","hPa","34.2","pmil","0","52.118","deg","21.808","°C","226.700","µmol/L","21.407","deg","20.891","°C","1012.000","hPa","0.861","-0.02056","0.00035","-0.00011","0","14.7","Humid","27.30","0","43.40","195710.06","SABD0002000012","AAV2.0.0.13","1.1.2.0","PSt7-10","000000-000","6/10/2026 14:47:13","0000-00","0","no battery","V"
"07/08/2026","14:12:41","3","default","198787511","O3","74.005","min","175.918","µmol/L","Humid","21.165","deg","132001","µV","23.619","°C","1011.000","hPa","34.2","pmil","0","52.118","deg","21.808","°C","226.700","µmol/L","21.407","deg","20.891","°C","1012.000","hPa","0.861","-0.02056","0.00035","-0.00011","0","14.7","Humid","27.30","0","43.40","195703.38","SABD0002000012","AAV2.0.0.13","1.1.2.0","PSt7-10","000000-000","6/10/2026 14:47:13","0000-00","0","no battery","V"
"07/08/2026","14:13:11","3","default","198787511","O3","74.505","min","175.869","µmol/L","Humid","21.168","deg","132009","µV","23.619","°C","1011.000","hPa","34.2","pmil","0","52.118","deg","21.808","°C","226.700","µmol/L","21.407","deg","20.891","°C","1012.000","hPa","0.861","-0.02056","0.00035","-0.00011","0","14.7","Humid","27.30","0","43.40","195702.67","SABD0002000012","AAV2.0.0.13","1.1.2.0","PSt7-10","000000-000","6/10/2026 14:47:13","0000-00","0","no battery","V"
"07/08/2026","14:13:41","3","default","198787511","O3","75.005","min","175.979","µmol/L","Humid","21.165","deg","132022","µV","23.607","°C","1011.000","hPa","34.2","pmil","0","52.118","deg","21.808","°C","226.700","µmol/L","21.407","deg","20.891","°C","1012.000","hPa","0.861","-0.02056","0.00035","-0.00011","0","14.7","Humid","27.30","0","43.40","195707.58","SABD0002000012","AAV2.0.0.13","1.1.2.0","PSt7-10","000000-000","6/10/2026 14:47:13","0000-00","0","no battery","V"
"07/08/2026","14:14:11","3","default","198787511","O3","75.505","min","175.932","µmol/L","Humid","21.166","deg","132006","µV","23.613","°C","1011.000","hPa","34.2","pmil","0","52.118","deg","21.808","°C","226.700","µmol/L","21.407","deg","20.891","°C","1012.000","hPa","0.861","-0.02056","0.00035","-0.00011","0","14.7","Humid","27.30","0","43.40","195693.03","SABD0002000012","AAV2.0.0.13","1.1.2.0","PSt7-10","000000-000","6/10/2026 14:47:13","0000-00","0","no battery","V"
"07/08/2026","14:14:41","3","default","198787511","O3","76.005","min","175.932","µmol/L","Humid","21.166","deg","132013","µV","23.613","°C","1011.000","hPa","34.2","pmil","0","52.118","deg","21.808","°C","226.700","µmol/L","21.407","deg","20.891","°C","1012.000","hPa","0.861","-0.02056","0.00035","-0.00011","0","14.7","Humid","27.30","0","43.40","195696.70","SABD0002000012","AAV2.0.0.13","1.1.2.0","PSt7-10","000000-000","6/10/2026 14:47:13","0000-00","0","no battery","V"
"07/08/2026","14:15:11","3","default","198787511","O3","76.505","min","175.899","µmol/L","Humid","21.168","deg","132011","µV","23.613","°C","1011.000","hPa","34.2","pmil","0","52.118","deg","21.808","°C","226.700","µmol/L","21.407","deg","20.891","°C","1012.000","hPa","0.861","-0.02056","0.00035","-0.00011","0","14.7","Humid","27.30","0","43.40","195697.54","SABD0002000012","AAV2.0.0.13","1.1.2.0","PSt7-10","000000-000","6/10/2026 14:47:13","0000-00","0","no battery","V"
"07/08/2026","14:15:41","3","default","198787511","O3","77.005","min","175.837","µmol/L","Humid","21.170","deg","132038","µV","23.619","°C","1011.000","hPa","34.2","pmil","0","52.118","deg","21.808","°C","226.700","µmol/L","21.407","deg","20.891","°C","1012.000","hPa","0.861","-0.02056","0.00035","-0.00011","0","14.7","Humid","27.30","0","43.40","195691.13","SABD0002000012","AAV2.0.0.13","1.1.2.0","PSt7-10","000000-000","6/10/2026 14:47:13","0000-00","0","no battery","V"
"07/08/2026","14:16:11","3","default","198787511","O3","77.505","min","175.804","µmol/L","Humid","21.172","deg","132054","µV","23.619","°C","1011.000","hPa","34.2","pmil","0","52.118","deg","21.808","°C","226.700","µmol/L","21.407","deg","20.891","°C","1012.000","hPa","0.861","-0.02056","0.00035","-0.00011","0","14.7","Humid","27.30","0","43.40","195699.09","SABD0002000012","AAV2.0.0.13","1.1.2.0","PSt7-10","000000-000","6/10/2026 14:47:13","0000-00","0","no battery","V"
"07/08/2026","14:16:41","3","default","198787511","O3","78.005","min","175.820","µmol/L","Humid","21.171","deg","132053","µV","23.619","°C","1011.000","hPa","34.2","pmil","0","52.118","deg","21.808","°C","226.700","µmol/L","21.407","deg","20.891","°C","1012.000","hPa","0.861","-0.02056","0.00035","-0.00011","0","14.7","Humid","27.30","0","43.40","195698.53","SABD0002000012","AAV2.0.0.13","1.1.2.0","PSt7-10","000000-000","6/10/2026 14:47:13","0000-00","0","no battery","V"
"07/08/2026","14:17:11","3","default","198787511","O3","78.505","min","175.837","µmol/L","Humid","21.170","deg","132051","µV","23.619","°C","1011.000","hPa","34.2","pmil","0","52.118","deg","21.808","°C","226.700","µmol/L","21.407","deg","20.891","°C","1012.000","hPa","0.861","-0.02056","0.00035","-0.00011","0","14.7","Humid","27.30","0","43.40","195690.66","SABD0002000012","AAV2.0.0.13","1.1.2.0","PSt7-10","000000-000","6/10/2026 14:47:13","0000-00","0","no battery","V"
"07/08/2026","14:17:41","3","default","198787511","O3","79.004","min","175.741","µmol/L","Humid","21.174","deg","132055","µV","23.625","°C","1011.000","hPa","34.2","pmil","0","52.118","deg","21.808","°C","226.700","µmol/L","21.407","deg","20.891","°C","1012.000","hPa","0.861","-0.02056","0.00035","-0.00011","0","14.7","Humid","27.30","0","43.40","195693.92","SABD0002000012","AAV2.0.0.13","1.1.2.0","PSt7-10","000000-000","6/10/2026 14:47:13","0000-00","0","no battery","V"
"07/08/2026","14:18:11","3","default","198787511","O3","79.504","min","175.788","µmol/L","Humid","21.173","deg","132048","µV","23.619","°C","1011.000","hPa","34.2","pmil","0","52.118","deg","21.808","°C","226.700","µmol/L","21.407","deg","20.891","°C","1012.000","hPa","0.861","-0.02056","0.00035","-0.00011","0","14.7","Humid","27.30","0","43.40","195687.91","SABD0002000012","AAV2.0.0.13","1.1.2.0","PSt7-10","000000-000","6/10/2026 14:47:13","0000-00","0","no battery","V"
"07/08/2026","14:18:41","3","default","198787511","O3","80.004","min","175.788","µmol/L","Humid","21.173","deg","132065","µV","23.619","°C","1011.000","hPa","34.2","pmil","0","52.118","deg","21.808","°C","226.700","µmol/L","21.407","deg","20.891","°C","1012.000","hPa","0.861","-0.02056","0.00035","-0.00011","0","14.7","Humid","27.30","0","43.40","195683.36","SABD0002000012","AAV2.0.0.13","1.1.2.0","PSt7-10","000000-000","6/10/2026 14:47:13","0000-00","0","no battery","V"
"07/08/2026","14:19:11","3","default","198787511","O3","80.504","min","175.790","µmol/L","Humid","21.171","deg","132067","µV","23.625","°C","1011.000","hPa","34.2","pmil","0","52.118","deg","21.808","°C","226.700","µmol/L","21.407","deg","20.891","°C","1012.000","hPa","0.861","-0.02056","0.00035","-0.00011","0","14.7","Humid","27.30","0","43.40","195676.81","SABD0002000012","AAV2.0.0.13","1.1.2.0","PSt7-10","000000-000","6/10/2026 14:47:13","0000-00","0","no battery","V"
"07/08/2026","14:19:41","3","default","198787511","O3","81.004","min","175.838","µmol/L","Humid","21.168","deg","132069","µV","23.625","°C","1011.000","hPa","34.2","pmil","0","52.118","deg","21.808","°C","226.700","µmol/L","21.407","deg","20.891","°C","1012.000","hPa","0.861","-0.02056","0.00035","-0.00011","0","14.7","Humid","27.30","0","43.40","195691.51","SABD0002000012","AAV2.0.0.13","1.1.2.0","PSt7-10","000000-000","6/10/2026 14:47:13","0000-00","0","no battery","V"
"07/08/2026","14:20:11","3","default","198787511","O3","81.504","min","175.804","µmol/L","Humid","21.172","deg","132067","µV","23.619","°C","1011.000","hPa","34.2","pmil","0","52.118","deg","21.808","°C","226.700","µmol/L","21.407","deg","20.891","°C","1012.000","hPa","0.861","-0.02056","0.00035","-0.00011","0","14.7","Humid","27.30","0","43.40","195681.40","SABD0002000012","AAV2.0.0.13","1.1.2.0","PSt7-10","000000-000","6/10/2026 14:47:13","0000-00","0","no battery","V"
"07/08/2026","14:20:41","3","default","198787511","O3","82.004","min","175.725","µmol/L","Humid","21.175","deg","132062","µV","23.625","°C","1011.000","hPa","34.2","pmil","0","52.118","deg","21.808","°C","226.700","µmol/L","21.407","deg","20.891","°C","1012.000","hPa","0.861","-0.02056","0.00035","-0.00011","0","14.7","Humid","27.30","0","43.40","195692.24","SABD0002000012","AAV2.0.0.13","1.1.2.0","PSt7-10","000000-000","6/10/2026 14:47:13","0000-00","0","no battery","V"
"07/08/2026","14:21:11","3","default","198787511","O3","82.504","min","175.837","µmol/L","Humid","21.170","deg","132082","µV","23.619","°C","1011.000","hPa","34.2","pmil","0","52.118","deg","21.808","°C","226.700","µmol/L","21.407","deg","20.891","°C","1012.000","hPa","0.861","-0.02056","0.00035","-0.00011","0","14.7","Humid","27.30","0","43.40","195684.21","SABD0002000012","AAV2.0.0.13","1.1.2.0","PSt7-10","000000-000","6/10/2026 14:47:13","0000-00","0","no battery","V"
"07/08/2026","14:21:41","3","default","198787511","O3","83.005","min","175.806","µmol/L","Humid","21.170","deg","132093","µV","23.625","°C","1011.000","hPa","34.2","pmil","0","52.118","deg","21.808","°C","226.700","µmol/L","21.407","deg","20.891","°C","1012.000","hPa","0.861","-0.02056","0.00035","-0.00011","0","14.7","Humid","27.30","0","43.40","195682.40","SABD0002000012","AAV2.0.0.13","1.1.2.0","PSt7-10","000000-000","6/10/2026 14:47:13","0000-00","0","no battery","V"
"07/08/2026","14:22:11","3","default","198787511","O3","83.505","min","175.920","µmol/L","Humid","21.163","deg","132090","µV","23.625","°C","1011.000","hPa","34.2","pmil","0","52.118","deg","21.808","°C","226.700","µmol/L","21.407","deg","20.891","°C","1012.000","hPa","0.861","-0.02056","0.00035","-0.00011","0","14.7","Humid","27.30","0","43.40","195685.24","SABD0002000012","AAV2.0.0.13","1.1.2.0","PSt7-10","000000-000","6/10/2026 14:47:13","0000-00","0","no battery","V"
"07/08/2026","14:22:41","3","default","198787511","O3","84.005","min","175.792","µmol/L","Humid","21.169","deg","132087","µV","23.631","°C","1011.000","hPa","34.2","pmil","0","52.118","deg","21.808","°C","226.700","µmol/L","21.407","deg","20.891","°C","1012.000","hPa","0.861","-0.02056","0.00035","-0.00011","0","14.7","Humid","27.30","0","43.40","195691.01","SABD0002000012","AAV2.0.0.13","1.1.2.0","PSt7-10","000000-000","6/10/2026 14:47:13","0000-00","0","no battery","V"
"07/08/2026","14:23:11","3","default","198787511","O3","84.505","min","175.808","µmol/L","Humid","21.168","deg","132103","µV","23.631","°C","1011.000","hPa","34.2","pmil","0","52.118","deg","21.808","°C","226.700","µmol/L","21.407","deg","20.891","°C","1012.000","hPa","0.861","-0.02056","0.00035","-0.00011","0","14.7","Humid","27.30","0","43.40","195700.39","SABD0002000012","AAV2.0.0.13","1.1.2.0","PSt7-10","000000-000","6/10/2026 14:47:13","0000-00","0","no battery","V"
"07/08/2026","14:23:41","3","default","198787511","O3","85.005","min","175.776","µmol/L","Humid","21.170","deg","132110","µV","23.631","°C","1011.000","hPa","34.2","pmil","0","52.118","deg","21.808","°C","226.700","µmol/L","21.407","deg","20.891","°C","1012.000","hPa","0.861","-0.02056","0.00035","-0.00011","0","14.7","Humid","27.30","0","43.40","195690.77","SABD0002000012","AAV2.0.0.13","1.1.2.0","PSt7-10","000000-000","6/10/2026 14:47:13","0000-00","0","no battery","V"
"07/08/2026","14:24:11","3","default","198787511","O3","85.505","min","175.792","µmol/L","Humid","21.169","deg","132116","µV","23.631","°C","1011.000","hPa","34.2","pmil","0","52.118","deg","21.808","°C","226.700","µmol/L","21.407","deg","20.891","°C","1012.000","hPa","0.861","-0.02056","0.00035","-0.00011","0","14.7","Humid","27.30","0","43.40","195685.23","SABD0002000012","AAV2.0.0.13","1.1.2.0","PSt7-10","000000-000","6/10/2026 14:47:13","0000-00","0","no battery","V"
"07/08/2026","14:24:41","3","default","198787511","O3","86.005","min","175.792","µmol/L","Humid","21.169","deg","132123","µV","23.631","°C","1011.000","hPa","34.2","pmil","0","52.118","deg","21.808","°C","226.700","µmol/L","21.407","deg","20.891","°C","1012.000","hPa","0.861","-0.02056","0.00035","-0.00011","0","14.7","Humid","27.30","0","43.40","195687.66","SABD0002000012","AAV2.0.0.13","1.1.2.0","PSt7-10","000000-000","6/10/2026 14:47:13","0000-00","0","no battery","V"
"07/08/2026","14:25:11","3","default","198787511","O3","86.505","min","175.806","µmol/L","Humid","21.170","deg","132137","µV","23.625","°C","1011.000","hPa","34.2","pmil","0","52.118","deg","21.808","°C","226.700","µmol/L","21.407","deg","20.891","°C","1012.000","hPa","0.861","-0.02056","0.00035","-0.00011","0","14.7","Humid","27.30","0","43.40","195689.29","SABD0002000012","AAV2.0.0.13","1.1.2.0","PSt7-10","000000-000","6/10/2026 14:47:13","0000-00","0","no battery","V"
"07/08/2026","14:25:41","3","default","198787511","O3","87.005","min","175.792","µmol/L","Humid","21.169","deg","132146","µV","23.631","°C","1011.000","hPa","34.2","pmil","0","52.118","deg","21.808","°C","226.700","µmol/L","21.407","deg","20.891","°C","1012.000","hPa","0.861","-0.02056","0.00035","-0.00011","0","14.7","Humid","27.30","0","43.40","195685.02","SABD0002000012","AAV2.0.0.13","1.1.2.0","PSt7-10","000000-000","6/10/2026 14:47:13","0000-00","0","no battery","V"
"07/08/2026","14:26:11","3","default","198787511","O3","87.505","min","175.808","µmol/L","Humid","21.168","deg","132130","µV","23.631","°C","1011.000","hPa","34.2","pmil","0","52.118","deg","21.808","°C","226.700","µmol/L","21.407","deg","20.891","°C","1012.000","hPa","0.861","-0.02056","0.00035","-0.00011","0","14.7","Humid","27.30","0","43.40","195679.20","SABD0002000012","AAV2.0.0.13","1.1.2.0","PSt7-10","000000-000","6/10/2026 14:47:13","0000-00","0","no battery","V"
"07/08/2026","14:26:41","3","default","198787511","O3","88.005","min","175.808","µmol/L","Humid","21.168","deg","132147","µV","23.631","°C","1011.000","hPa","34.2","pmil","0","52.118","deg","21.808","°C","226.700","µmol/L","21.407","deg","20.891","°C","1012.000","hPa","0.861","-0.02056","0.00035","-0.00011","0","14.7","Humid","27.30","0","43.40","195686.70","SABD0002000012","AAV2.0.0.13","1.1.2.0","PSt7-10","000000-000","6/10/2026 14:47:13","0000-00","0","no battery","V"
"07/08/2026","14:27:11","3","default","198787511","O3","88.505","min","175.901","µmol/L","Humid","21.166","deg","132163","µV","23.619","°C","1011.000","hPa","34.2","pmil","0","52.118","deg","21.808","°C","226.700","µmol/L","21.407","deg","20.891","°C","1012.000","hPa","0.861","-0.02056","0.00035","-0.00011","0","14.7","Humid","27.30","0","43.40","195680.95","SABD0002000012","AAV2.0.0.13","1.1.2.0","PSt7-10","000000-000","6/10/2026 14:47:13","0000-00","0","no battery","V"
"07/08/2026","14:27:41","3","default","198787511","O3","89.005","min","175.808","µmol/L","Humid","21.168","deg","132177","µV","23.631","°C","1011.000","hPa","34.2","pmil","0","52.118","deg","21.808","°C","226.700","µmol/L","21.407","deg","20.891","°C","1012.000","hPa","0.861","-0.02056","0.00035","-0.00011","0","14.7","Humid","27.30","0","43.40","195688.37","SABD0002000012","AAV2.0.0.13","1.1.2.0","PSt7-10","000000-000","6/10/2026 14:47:13","0000-00","0","no battery","V"
"07/08/2026","14:28:11","3","default","198787511","O3","89.505","min","175.745","µmol/L","Humid","21.170","deg","132178","µV","23.637","°C","1011.000","hPa","34.2","pmil","0","52.118","deg","21.808","°C","226.700","µmol/L","21.407","deg","20.891","°C","1012.000","hPa","0.861","-0.02056","0.00035","-0.00011","0","14.7","Humid","27.30","0","43.40","195681.01","SABD0002000012","AAV2.0.0.13","1.1.2.0","PSt7-10","000000-000","6/10/2026 14:47:13","0000-00","0","no battery","V"
"07/08/2026","14:28:41","3","default","198787511","O3","90.005","min","175.840","µmol/L","Humid","21.166","deg","132181","µV","23.631","°C","1011.000","hPa","34.2","pmil","0","52.118","deg","21.808","°C","226.700","µmol/L","21.407","deg","20.891","°C","1012.000","hPa","0.861","-0.02056","0.00035","-0.00011","0","14.7","Humid","27.30","0","43.40","195682.55","SABD0002000012","AAV2.0.0.13","1.1.2.0","PSt7-10","000000-000","6/10/2026 14:47:13","0000-00","0","no battery","V"
"07/08/2026","14:29:11","3","default","198787511","O3","90.505","min","175.761","µmol/L","Humid","21.169","deg","132181","µV","23.637","°C","1011.000","hPa","34.2","pmil","0","52.118","deg","21.808","°C","226.700","µmol/L","21.407","deg","20.891","°C","1012.000","hPa","0.861","-0.02056","0.00035","-0.00011","0","14.7","Humid","27.30","0","43.40","195682.27","SABD0002000012","AAV2.0.0.13","1.1.2.0","PSt7-10","000000-000","6/10/2026 14:47:13","0000-00","0","no battery","V"
"07/08/2026","14:29:41","3","default","198787511","O3","91.004","min","175.761","µmol/L","Humid","21.169","deg","132195","µV","23.637","°C","1011.000","hPa","34.2","pmil","0","52.118","deg","21.808","°C","226.700","µmol/L","21.407","deg","20.891","°C","1012.000","hPa","0.861","-0.02056","0.00035","-0.00011","0","14.7","Humid","27.30","0","43.40","195685.83","SABD0002000012","AAV2.0.0.13","1.1.2.0","PSt7-10","000000-000","6/10/2026 14:47:13","0000-00","0","no battery","V"
"07/08/2026","14:30:11","3","default","198787511","O3","91.504","min","175.761","µmol/L","Humid","21.169","deg","132206","µV","23.637","°C","1011.000","hPa","34.2","pmil","0","52.118","deg","21.808","°C","226.700","µmol/L","21.407","deg","20.891","°C","1012.000","hPa","0.861","-0.02056","0.00035","-0.00011","0","14.7","Humid","27.30","0","43.40","195681.52","SABD0002000012","AAV2.0.0.13","1.1.2.0","PSt7-10","000000-000","6/10/2026 14:47:13","0000-00","0","no battery","V"
"07/08/2026","14:30:41","3","default","198787511","O3","92.004","min","175.778","µmol/L","Humid","21.168","deg","132205","µV","23.637","°C","1011.000","hPa","34.2","pmil","0","52.118","deg","21.808","°C","226.700","µmol/L","21.407","deg","20.891","°C","1012.000","hPa","0.861","-0.02056","0.00035","-0.00011","0","14.7","Humid","27.30","0","43.40","195687.39","SABD0002000012","AAV2.0.0.13","1.1.2.0","PSt7-10","000000-000","6/10/2026 14:47:13","0000-00","0","no battery","V"
"07/08/2026","14:31:11","3","default","198787511","O3","92.504","min","175.810","µmol/L","Humid","21.166","deg","132226","µV","23.637","°C","1011.000","hPa","34.2","pmil","0","52.118","deg","21.808","°C","226.700","µmol/L","21.407","deg","20.891","°C","1012.000","hPa","0.861","-0.02056","0.00035","-0.00011","0","14.7","Humid","27.30","0","43.40","195676.58","SABD0002000012","AAV2.0.0.13","1.1.2.0","PSt7-10","000000-000","6/10/2026 14:47:13","0000-00","0","no battery","V"
"07/08/2026","14:31:41","3","default","198787511","O3","93.004","min","175.778","µmol/L","Humid","21.168","deg","132231","µV","23.637","°C","1011.000","hPa","34.2","pmil","0","52.118","deg","21.808","°C","226.700","µmol/L","21.407","deg","20.891","°C","1012.000","hPa","0.861","-0.02056","0.00035","-0.00011","0","14.7","Humid","27.30","0","43.40","195680.26","SABD0002000012","AAV2.0.0.13","1.1.2.0","PSt7-10","000000-000","6/10/2026 14:47:13","0000-00","0","no battery","V"
"07/08/2026","14:32:11","3","default","198787511","O3","93.504","min","175.794","µmol/L","Humid","21.167","deg","132233","µV","23.637","°C","1011.000","hPa","34.2","pmil","0","52.118","deg","21.808","°C","226.700","µmol/L","21.407","deg","20.891","°C","1012.000","hPa","0.861","-0.02056","0.00035","-0.00011","0","14.7","Humid","27.30","0","43.40","195685.36","SABD0002000012","AAV2.0.0.13","1.1.2.0","PSt7-10","000000-000","6/10/2026 14:47:13","0000-00","0","no battery","V"
"07/08/2026","14:32:41","3","default","198787511","O3","94.005","min","175.715","µmol/L","Humid","21.170","deg","132249","µV","23.643","°C","1011.000","hPa","34.2","pmil","0","52.118","deg","21.808","°C","226.700","µmol/L","21.407","deg","20.891","°C","1012.000","hPa","0.861","-0.02056","0.00035","-0.00011","0","14.7","Humid","27.30","0","43.40","195681.77","SABD0002000012","AAV2.0.0.13","1.1.2.0","PSt7-10","000000-000","6/10/2026 14:47:13","0000-00","0","no battery","V"
"07/08/2026","14:33:11","3","default","198787511","O3","94.505","min","175.747","µmol/L","Humid","21.168","deg","132250","µV","23.643","°C","1011.000","hPa","34.2","pmil","0","52.118","deg","21.808","°C","226.700","µmol/L","21.407","deg","20.891","°C","1012.000","hPa","0.861","-0.02056","0.00035","-0.00011","0","14.7","Humid","27.30","0","43.40","195685.20","SABD0002000012","AAV2.0.0.13","1.1.2.0","PSt7-10","000000-000","6/10/2026 14:47:13","0000-00","0","no battery","V"
"07/08/2026","14:33:41","3","default","198787511","O3","95.005","min","175.844","µmol/L","Humid","21.162","deg","132247","µV","23.643","°C","1011.000","hPa","34.2","pmil","0","52.118","deg","21.808","°C","226.700","µmol/L","21.407","deg","20.891","°C","1012.000","hPa","0.861","-0.02056","0.00035","-0.00011","0","14.7","Humid","27.30","0","43.40","195674.39","SABD0002000012","AAV2.0.0.13","1.1.2.0","PSt7-10","000000-000","6/10/2026 14:47:13","0000-00","0","no battery","V"
"07/08/2026","14:34:11","3","default","198787511","O3","95.505","min","175.826","µmol/L","Humid","21.165","deg","132255","µV","23.637","°C","1011.000","hPa","34.2","pmil","0","52.118","deg","21.808","°C","226.700","µmol/L","21.407","deg","20.891","°C","1012.000","hPa","0.861","-0.02056","0.00035","-0.00011","0","14.7","Humid","27.30","0","43.40","195680.61","SABD0002000012","AAV2.0.0.13","1.1.2.0","PSt7-10","000000-000","6/10/2026 14:47:13","0000-00","0","no battery","V"
"07/08/2026","14:34:41","3","default","198787511","O3","96.005","min","175.810","µmol/L","Humid","21.166","deg","132261","µV","23.637","°C","1011.000","hPa","34.2","pmil","0","52.118","deg","21.808","°C","226.700","µmol/L","21.407","deg","20.891","°C","1012.000","hPa","0.861","-0.02056","0.00035","-0.00011","0","14.7","Humid","27.30","0","43.40","195685.57","SABD0002000012","AAV2.0.0.13","1.1.2.0","PSt7-10","000000-000","6/10/2026 14:47:13","0000-00","0","no battery","V"
"07/08/2026","14:35:11","3","default","198787511","O3","96.505","min","175.794","µmol/L","Humid","21.167","deg","132263","µV","23.637","°C","1011.000","hPa","34.2","pmil","0","52.118","deg","21.808","°C","226.700","µmol/L","21.407","deg","20.891","°C","1012.000","hPa","0.861","-0.02056","0.00035","-0.00011","0","14.7","Humid","27.30","0","43.40","195687.10","SABD0002000012","AAV2.0.0.13","1.1.2.0","PSt7-10","000000-000","6/10/2026 14:47:13","0000-00","0","no battery","V"
"07/08/2026","14:35:41","3","default","198787511","O3","97.005","min","175.747","µmol/L","Humid","21.168","deg","132272","µV","23.643","°C","1011.000","hPa","34.2","pmil","0","52.118","deg","21.808","°C","226.700","µmol/L","21.407","deg","20.891","°C","1012.000","hPa","0.861","-0.02056","0.00035","-0.00011","0","14.7","Humid","27.30","0","43.40","195677.70","SABD0002000012","AAV2.0.0.13","1.1.2.0","PSt7-10","000000-000","6/10/2026 14:47:13","0000-00","0","no battery","V"
"07/08/2026","14:36:11","3","default","198787511","O3","97.505","min","175.826","µmol/L","Humid","21.165","deg","132279","µV","23.637","°C","1011.000","hPa","34.2","pmil","0","52.118","deg","21.808","°C","226.700","µmol/L","21.407","deg","20.891","°C","1012.000","hPa","0.861","-0.02056","0.00035","-0.00011","0","14.7","Humid","27.30","0","43.40","195689.49","SABD0002000012","AAV2.0.0.13","1.1.2.0","PSt7-10","000000-000","6/10/2026 14:47:13","0000-00","0","no battery","V"
"07/08/2026","14:36:41","3","default","198787511","O3","98.005","min","175.747","µmol/L","Humid","21.168","deg","132285","µV","23.643","°C","1011.000","hPa","34.2","pmil","0","52.118","deg","21.808","°C","226.700","µmol/L","21.407","deg","20.891","°C","1012.000","hPa","0.861","-0.02056","0.00035","-0.00011","0","14.7","Humid","27.30","0","43.40","195682.92","SABD0002000012","AAV2.0.0.13","1.1.2.0","PSt7-10","000000-000","6/10/2026 14:47:13","0000-00","0","no battery","V"
"07/08/2026","14:37:11","3","default","198787511","O3","98.505","min","175.761","µmol/L","Humid","21.169","deg","132300","µV","23.637","°C","1011.000","hPa","34.2","pmil","0","52.118","deg","21.808","°C","226.700","µmol/L","21.407","deg","20.891","°C","1012.000","hPa","0.861","-0.02056","0.00035","-0.00011","0","14.7","Humid","27.30","0","43.40","195689.68","SABD0002000012","AAV2.0.0.13","1.1.2.0","PSt7-10","000000-000","6/10/2026 14:47:13","0000-00","0","no battery","V"
"07/08/2026","14:37:41","3","default","198787511","O3","99.005","min","175.826","µmol/L","Humid","21.165","deg","132299","µV","23.637","°C","1011.000","hPa","34.2","pmil","0","52.118","deg","21.808","°C","226.700","µmol/L","21.407","deg","20.891","°C","1012.000","hPa","0.861","-0.02056","0.00035","-0.00011","0","14.7","Humid","27.30","0","43.40","195686.06","SABD0002000012","AAV2.0.0.13","1.1.2.0","PSt7-10","000000-000","6/10/2026 14:47:13","0000-00","0","no battery","V"
"07/08/2026","14:38:11","3","default","198787511","O3","99.505","min","175.733","µmol/L","Humid","21.167","deg","132314","µV","23.650","°C","1011.000","hPa","34.2","pmil","0","52.118","deg","21.808","°C","226.700","µmol/L","21.407","deg","20.891","°C","1012.000","hPa","0.861","-0.02056","0.00035","-0.00011","0","14.7","Humid","27.30","0","43.40","195687.02","SABD0002000012","AAV2.0.0.13","1.1.2.0","PSt7-10","000000-000","6/10/2026 14:47:13","0000-00","0","no battery","V"
"07/08/2026","14:38:41","3","default","198787511","O3","100.005","min","175.701","µmol/L","Humid","21.169","deg","132330","µV","23.650","°C","1011.000","hPa","34.2","pmil","0","52.118","deg","21.808","°C","226.700","µmol/L","21.407","deg","20.891","°C","1012.000","hPa","0.861","-0.02056","0.00035","-0.00011","0","14.7","Humid","27.30","0","43.40","195680.71","SABD0002000012","AAV2.0.0.13","1.1.2.0","PSt7-10","000000-000","6/10/2026 14:47:13","0000-00","0","no battery","V"
"07/08/2026","14:39:11","3","default","198787511","O3","100.505","min","175.699","µmol/L","Humid","21.171","deg","132348","µV","23.643","°C","1011.000","hPa","34.2","pmil","0","52.118","deg","21.808","°C","226.700","µmol/L","21.407","deg","20.891","°C","1012.000","hPa","0.861","-0.02056","0.00035","-0.00011","0","14.7","Humid","27.30","0","43.40","195678.78","SABD0002000012","AAV2.0.0.13","1.1.2.0","PSt7-10","000000-000","6/10/2026 14:47:13","0000-00","0","no battery","V"
"07/08/2026","14:39:41","3","default","198787511","O3","101.004","min","175.731","µmol/L","Humid","21.169","deg","132371","µV","23.643","°C","1011.000","hPa","34.2","pmil","0","52.118","deg","21.808","°C","226.700","µmol/L","21.407","deg","20.891","°C","1012.000","hPa","0.861","-0.02056","0.00035","-0.00011","0","14.7","Humid","27.30","0","43.40","195681.62","SABD0002000012","AAV2.0.0.13","1.1.2.0","PSt7-10","000000-000","6/10/2026 14:47:13","0000-00","0","no battery","V"
"07/08/2026","14:40:11","3","default","198787511","O3","101.505","min","175.715","µmol/L","Humid","21.170","deg","132377","µV","23.643","°C","1011.000","hPa","34.2","pmil","0","52.118","deg","21.808","°C","226.700","µmol/L","21.407","deg","20.891","°C","1012.000","hPa","0.861","-0.02056","0.00035","-0.00011","0","14.7","Humid","27.30","0","43.40","195680.75","SABD0002000012","AAV2.0.0.13","1.1.2.0","PSt7-10","000000-000","6/10/2026 14:47:13","0000-00","0","no battery","V"
"07/08/2026","14:40:41","3","default","198787511","O3","102.005","min","175.650","µmol/L","Humid","21.174","deg","132379","µV","23.643","°C","1011.000","hPa","34.2","pmil","0","52.118","deg","21.808","°C","226.700","µmol/L","21.407","deg","20.891","°C","1012.000","hPa","0.861","-0.02056","0.00035","-0.00011","0","14.7","Humid","27.30","0","43.40","195676.13","SABD0002000012","AAV2.0.0.13","1.1.2.0","PSt7-10","000000-000","6/10/2026 14:47:13","0000-00","0","no battery","V"
"07/08/2026","14:41:11","3","default","198787511","O3","102.505","min","175.620","µmol/L","Humid","21.174","deg","132390","µV","23.650","°C","1011.000","hPa","34.2","pmil","0","52.118","deg","21.808","°C","226.700","µmol/L","21.407","deg","20.891","°C","1012.000","hPa","0.861","-0.02056","0.00035","-0.00011","0","14.7","Humid","27.30","0","43.40","195674.38","SABD0002000012","AAV2.0.0.13","1.1.2.0","PSt7-10","000000-000","6/10/2026 14:47:13","0000-00","0","no battery","V"
"07/08/2026","14:41:41","3","default","198787511","O3","103.005","min","175.634","µmol/L","Humid","21.175","deg","132392","µV","23.643","°C","1011.000","hPa","34.2","pmil","0","52.118","deg","21.808","°C","226.700","µmol/L","21.407","deg","20.891","°C","1012.000","hPa","0.861","-0.02056","0.00035","-0.00011","0","14.7","Humid","27.30","0","43.40","195689.80","SABD0002000012","AAV2.0.0.13","1.1.2.0","PSt7-10","000000-000","6/10/2026 14:47:13","0000-00","0","no battery","V"
"07/08/2026","14:42:11","3","default","198787511","O3","103.505","min","175.668","µmol/L","Humid","21.171","deg","132401","µV","23.650","°C","1011.000","hPa","34.2","pmil","0","52.118","deg","21.808","°C","226.700","µmol/L","21.407","deg","20.891","°C","1012.000","hPa","0.861","-0.02056","0.00035","-0.00011","0","14.7","Humid","27.30","0","43.40","195684.05","SABD0002000012","AAV2.0.0.13","1.1.2.0","PSt7-10","000000-000","6/10/2026 14:47:13","0000-00","0","no battery","V"
"07/08/2026","14:42:41","3","default","198787511","O3","104.004","min","175.636","µmol/L","Humid","21.173","deg","132401","µV","23.650","°C","1011.000","hPa","34.2","pmil","0","52.118","deg","21.808","°C","226.700","µmol/L","21.407","deg","20.891","°C","1012.000","hPa","0.861","-0.02056","0.00035","-0.00011","0","14.7","Humid","27.30","0","43.40","195669.93","SABD0002000012","AAV2.0.0.13","1.1.2.0","PSt7-10","000000-000","6/10/2026 14:47:13","0000-00","0","no battery","V"
"07/08/2026","14:43:11","3","default","198787511","O3","104.505","min","175.715","µmol/L","Humid","21.170","deg","132421","µV","23.643","°C","1011.000","hPa","34.2","pmil","0","52.118","deg","21.808","°C","226.700","µmol/L","21.407","deg","20.891","°C","1012.000","hPa","0.861","-0.02056","0.00035","-0.00011","0","14.7","Humid","27.30","0","43.40","195680.39","SABD0002000012","AAV2.0.0.13","1.1.2.0","PSt7-10","000000-000","6/10/2026 14:47:13","0000-00","0","no battery","V"
"07/08/2026","14:43:41","3","default","198787511","O3","105.005","min","175.603","µmol/L","Humid","21.175","deg","132405","µV","23.650","°C","1011.000","hPa","34.2","pmil","0","52.118","deg","21.808","°C","226.700","µmol/L","21.407","deg","20.891","°C","1012.000","hPa","0.861","-0.02056","0.00035","-0.00011","0","14.7","Humid","27.30","0","43.40","195686.54","SABD0002000012","AAV2.0.0.13","1.1.2.0","PSt7-10","000000-000","6/10/2026 14:47:13","0000-00","0","no battery","V"
"07/08/2026","14:44:11","3","default","198787511","O3","105.504","min","175.701","µmol/L","Humid","21.169","deg","132410","µV","23.650","°C","1011.000","hPa","34.2","pmil","0","52.118","deg","21.808","°C","226.700","µmol/L","21.407","deg","20.891","°C","1012.000","hPa","0.861","-0.02056","0.00035","-0.00011","0","14.7","Humid","27.30","0","43.40","195685.22","SABD0002000012","AAV2.0.0.13","1.1.2.0","PSt7-10","000000-000","6/10/2026 14:47:13","0000-00","0","no battery","V"
"07/08/2026","14:44:41","3","default","198787511","O3","106.005","min","175.622","µmol/L","Humid","21.172","deg","132419","µV","23.656","°C","1011.000","hPa","34.2","pmil","0","52.118","deg","21.808","°C","226.700","µmol/L","21.407","deg","20.891","°C","1012.000","hPa","0.861","-0.02056","0.00035","-0.00011","0","14.7","Humid","27.30","0","43.40","195687.78","SABD0002000012","AAV2.0.0.13","1.1.2.0","PSt7-10","000000-000","6/10/2026 14:47:13","0000-00","0","no battery","V"
"07/08/2026","14:45:11","3","default","198787511","O3","106.505","min","175.652","µmol/L","Humid","21.172","deg","132473","µV","23.650","°C","1011.000","hPa","34.2","pmil","0","52.118","deg","21.808","°C","226.700","µmol/L","21.407","deg","20.891","°C","1012.000","hPa","0.861","-0.02056","0.00035","-0.00011","0","14.7","Humid","27.30","0","43.40","195680.19","SABD0002000012","AAV2.0.0.13","1.1.2.0","PSt7-10","000000-000","6/10/2026 14:47:13","0000-00","0","no battery","V"
"07/08/2026","14:45:41","3","default","198787511","O3","107.004","min","175.605","µmol/L","Humid","21.173","deg","132479","µV","23.656","°C","1011.000","hPa","34.2","pmil","0","52.118","deg","21.808","°C","226.700","µmol/L","21.407","deg","20.891","°C","1012.000","hPa","0.861","-0.02056","0.00035","-0.00011","0","14.7","Humid","27.30","0","43.40","195685.18","SABD0002000012","AAV2.0.0.13","1.1.2.0","PSt7-10","000000-000","6/10/2026 14:47:13","0000-00","0","no battery","V"
"07/08/2026","14:46:11","3","default","198787511","O3","107.505","min","175.650","µmol/L","Humid","21.174","deg","132489","µV","23.643","°C","1011.000","hPa","34.2","pmil","0","52.118","deg","21.808","°C","226.700","µmol/L","21.407","deg","20.891","°C","1012.000","hPa","0.861","-0.02056","0.00035","-0.00011","0","14.7","Humid","27.30","0","43.40","195673.84","SABD0002000012","AAV2.0.0.13","1.1.2.0","PSt7-10","000000-000","6/10/2026 14:47:13","0000-00","0","no battery","V"
"07/08/2026","14:46:41","3","default","198787511","O3","108.004","min","175.654","µmol/L","Humid","21.170","deg","132498","µV","23.656","°C","1011.000","hPa","34.2","pmil","0","52.118","deg","21.808","°C","226.700","µmol/L","21.407","deg","20.891","°C","1012.000","hPa","0.861","-0.02056","0.00035","-0.00011","0","14.7","Humid","27.30","0","43.40","195661.79","SABD0002000012","AAV2.0.0.13","1.1.2.0","PSt7-10","000000-000","6/10/2026 14:47:13","0000-00","0","no battery","V"
"07/08/2026","14:47:11","3","default","198787511","O3","108.505","min","175.668","µmol/L","Humid","21.171","deg","132494","µV","23.650","°C","1011.000","hPa","34.2","pmil","0","52.118","deg","21.808","°C","226.700","µmol/L","21.407","deg","20.891","°C","1012.000","hPa","0.861","-0.02056","0.00035","-0.00011","0","14.7","Humid","27.30","0","43.40","195671.29","SABD0002000012","AAV2.0.0.13","1.1.2.0","PSt7-10","000000-000","6/10/2026 14:47:13","0000-00","0","no battery","V"
"07/08/2026","14:47:41","3","default","198787511","O3","109.005","min","175.636","µmol/L","Humid","21.173","deg","132514","µV","23.650","°C","1011.000","hPa","34.2","pmil","0","52.118","deg","21.808","°C","226.700","µmol/L","21.407","deg","20.891","°C","1012.000","hPa","0.861","-0.02056","0.00035","-0.00011","0","14.7","Humid","27.30","0","43.40","195661.82","SABD0002000012","AAV2.0.0.13","1.1.2.0","PSt7-10","000000-000","6/10/2026 14:47:13","0000-00","0","no battery","V"
"07/08/2026","14:48:11","3","default","198787511","O3","109.505","min","175.753","µmol/L","Humid","21.162","deg","132441","µV","23.662","°C","1011.000","hPa","34.2","pmil","0","52.118","deg","21.808","°C","226.700","µmol/L","21.407","deg","20.891","°C","1012.000","hPa","0.861","-0.02056","0.00035","-0.00011","0","14.7","Humid","27.30","0","43.40","195658.79","SABD0002000012","AAV2.0.0.13","1.1.2.0","PSt7-10","000000-000","6/10/2026 14:47:13","0000-00","0","no battery","V"
"07/08/2026","14:48:41","3","default","198787511","O3","110.005","min","175.816","µmol/L","Humid","21.160","deg","132442","µV","23.656","°C","1011.000","hPa","34.2","pmil","0","52.118","deg","21.808","°C","226.700","µmol/L","21.407","deg","20.891","°C","1012.000","hPa","0.861","-0.02056","0.00035","-0.00011","0","14.7","Humid","27.30","0","43.40","195653.55","SABD0002000012","AAV2.0.0.13","1.1.2.0","PSt7-10","000000-000","6/10/2026 14:47:13","0000-00","0","no battery","V"
"07/08/2026","14:49:11","3","default","198787511","O3","110.505","min","175.721","µmol/L","Humid","21.164","deg","132453","µV","23.662","°C","1011.000","hPa","34.2","pmil","0","52.118","deg","21.808","°C","226.700","µmol/L","21.407","deg","20.891","°C","1012.000","hPa","0.861","-0.02056","0.00035","-0.00011","0","14.7","Humid","27.30","0","43.40","195658.63","SABD0002000012","AAV2.0.0.13","1.1.2.0","PSt7-10","000000-000","6/10/2026 14:47:13","0000-00","0","no battery","V"
"07/08/2026","14:49:41","3","default","198787511","O3","111.005","min","175.784","µmol/L","Humid","21.162","deg","132458","µV","23.656","°C","1011.000","hPa","34.2","pmil","0","52.118","deg","21.808","°C","226.700","µmol/L","21.407","deg","20.891","°C","1012.000","hPa","0.861","-0.02056","0.00035","-0.00011","0","14.7","Humid","27.30","0","43.40","195660.83","SABD0002000012","AAV2.0.0.13","1.1.2.0","PSt7-10","000000-000","6/10/2026 14:47:13","0000-00","0","no battery","V"
"07/08/2026","14:50:11","3","default","198787511","O3","111.504","min","175.798","µmol/L","Humid","21.163","deg","132461","µV","23.650","°C","1011.000","hPa","34.2","pmil","0","52.118","deg","21.808","°C","226.700","µmol/L","21.407","deg","20.891","°C","1012.000","hPa","0.861","-0.02056","0.00035","-0.00011","0","14.7","Humid","27.30","0","43.40","195665.91","SABD0002000012","AAV2.0.0.13","1.1.2.0","PSt7-10","000000-000","6/10/2026 14:47:13","0000-00","0","no battery","V"
"07/08/2026","14:50:41","3","default","198787511","O3","112.005","min","175.784","µmol/L","Humid","21.162","deg","132448","µV","23.656","°C","1011.000","hPa","34.2","pmil","0","52.118","deg","21.808","°C","226.700","µmol/L","21.407","deg","20.891","°C","1012.000","hPa","0.861","-0.02056","0.00035","-0.00011","0","14.7","Humid","27.30","0","43.40","195653.04","SABD0002000012","AAV2.0.0.13","1.1.2.0","PSt7-10","000000-000","6/10/2026 14:47:13","0000-00","0","no battery","V"
"07/08/2026","14:51:11","3","default","198787511","O3","112.505","min","175.735","µmol/L","Humid","21.165","deg","132460","µV","23.656","°C","1011.000","hPa","34.2","pmil","0","52.118","deg","21.808","°C","226.700","µmol/L","21.407","deg","20.891","°C","1012.000","hPa","0.861","-0.02056","0.00035","-0.00011","0","14.7","Humid","27.30","0","43.40","195648.27","SABD0002000012","AAV2.0.0.13","1.1.2.0","PSt7-10","000000-000","6/10/2026 14:47:13","0000-00","0","no battery","V"
"07/08/2026","14:51:41","3","default","198787511","O3","113.005","min","175.802","µmol/L","Humid","21.159","deg","132465","µV","23.662","°C","1011.000","hPa","34.2","pmil","0","52.118","deg","21.808","°C","226.700","µmol/L","21.407","deg","20.891","°C","1012.000","hPa","0.861","-0.02056","0.00035","-0.00011","0","14.7","Humid","27.30","0","43.40","195649.52","SABD0002000012","AAV2.0.0.13","1.1.2.0","PSt7-10","000000-000","6/10/2026 14:47:13","0000-00","0","no battery","V"
"07/08/2026","14:52:11","3","default","198787511","O3","113.505","min","175.723","µmol/L","Humid","21.162","deg","132462","µV","23.668","°C","1011.000","hPa","34.2","pmil","0","52.118","deg","21.808","°C","226.700","µmol/L","21.407","deg","20.891","°C","1012.000","hPa","0.861","-0.02056","0.00035","-0.00011","0","14.7","Humid","27.30","0","43.40","195646.48","SABD0002000012","AAV2.0.0.13","1.1.2.0","PSt7-10","000000-000","6/10/2026 14:47:13","0000-00","0","no battery","V"
"07/08/2026","14:52:41","3","default","198787511","O3","114.004","min","175.753","µmol/L","Humid","21.162","deg","132458","µV","23.662","°C","1011.000","hPa","34.2","pmil","0","52.118","deg","21.808","°C","226.700","µmol/L","21.407","deg","20.891","°C","1012.000","hPa","0.861","-0.02056","0.00035","-0.00011","0","14.7","Humid","27.30","0","43.40","195647.91","SABD0002000012","AAV2.0.0.13","1.1.2.0","PSt7-10","000000-000","6/10/2026 14:47:13","0000-00","0","no battery","V"
"07/08/2026","14:53:11","3","default","198787511","O3","114.505","min","175.678","µmol/L","Humid","21.161","deg","132469","µV","23.680","°C","1011.000","hPa","34.2","pmil","0","52.118","deg","21.808","°C","226.700","µmol/L","21.407","deg","20.891","°C","1012.000","hPa","0.861","-0.02056","0.00035","-0.00011","0","14.7","Humid","27.30","0","43.40","195641.68","SABD0002000012","AAV2.0.0.13","1.1.2.0","PSt7-10","000000-000","6/10/2026 14:47:13","0000-00","0","no battery","V"
"07/08/2026","14:53:41","3","default","198787511","O3","115.004","min","175.737","µmol/L","Humid","21.163","deg","132474","µV","23.662","°C","1011.000","hPa","34.2","pmil","0","52.118","deg","21.808","°C","226.700","µmol/L","21.407","deg","20.891","°C","1012.000","hPa","0.861","-0.02056","0.00035","-0.00011","0","14.7","Humid","27.30","0","43.40","195639.01","SABD0002000012","AAV2.0.0.13","1.1.2.0","PSt7-10","000000-000","6/10/2026 14:47:13","0000-00","0","no battery","V"
"07/08/2026","14:54:11","3","default","198787511","O3","115.504","min","175.769","µmol/L","Humid","21.161","deg","132471","µV","23.662","°C","1011.000","hPa","34.2","pmil","0","52.118","deg","21.808","°C","226.700","µmol/L","21.407","deg","20.891","°C","1012.000","hPa","0.861","-0.02056","0.00035","-0.00011","0","14.7","Humid","27.30","0","43.40","195641.58","SABD0002000012","AAV2.0.0.13","1.1.2.0","PSt7-10","000000-000","6/10/2026 14:47:13","0000-00","0","no battery","V"
"07/08/2026","14:54:41","3","default","198787511","O3","116.005","min","175.836","µmol/L","Humid","21.155","deg","132472","µV","23.668","°C","1011.000","hPa","34.2","pmil","0","52.118","deg","21.808","°C","226.700","µmol/L","21.407","deg","20.891","°C","1012.000","hPa","0.861","-0.02056","0.00035","-0.00011","0","14.7","Humid","27.30","0","43.40","195628.03","SABD0002000012","AAV2.0.0.13","1.1.2.0","PSt7-10","000000-000","6/10/2026 14:47:13","0000-00","0","no battery","V"
"07/08/2026","14:55:11","3","default","198787511","O3","116.504","min","175.710","µmol/L","Humid","21.159","deg","132475","µV","23.680","°C","1011.000","hPa","34.2","pmil","0","52.118","deg","21.808","°C","226.700","µmol/L","21.407","deg","20.891","°C","1012.000","hPa","0.861","-0.02056","0.00035","-0.00011","0","14.7","Humid","27.30","0","43.40","195616.38","SABD0002000012","AAV2.0.0.13","1.1.2.0","PSt7-10","000000-000","6/10/2026 14:47:13","0000-00","0","no battery","V"
"07/08/2026","14:55:41","3","default","198787511","O3","117.004","min","175.725","µmol/L","Humid","21.160","deg","132475","µV","23.674","°C","1011.000","hPa","34.2","pmil","0","52.118","deg","21.808","°C","226.700","µmol/L","21.407","deg","20.891","°C","1012.000","hPa","0.861","-0.02056","0.00035","-0.00011","0","14.7","Humid","27.30","0","43.40","195620.79","SABD0002000012","AAV2.0.0.13","1.1.2.0","PSt7-10","000000-000","6/10/2026 14:47:13","0000-00","0","no battery","V"
"07/08/2026","14:56:11","3","default","198787511","O3","117.505","min","175.773","µmol/L","Humid","21.157","deg","132472","µV","23.674","°C","1011.000","hPa","34.2","pmil","0","52.118","deg","21.808","°C","226.700","µmol/L","21.407","deg","20.891","°C","1012.000","hPa","0.861","-0.02056","0.00035","-0.00011","0","14.7","Humid","27.30","0","43.40","195604.54","SABD0002000012","AAV2.0.0.13","1.1.2.0","PSt7-10","000000-000","6/10/2026 14:47:13","0000-00","0","no battery","V"
"07/08/2026","14:56:41","3","default","198787511","O3","118.004","min","175.710","µmol/L","Humid","21.159","deg","132475","µV","23.680","°C","1011.000","hPa","34.2","pmil","0","52.118","deg","21.808","°C","226.700","µmol/L","21.407","deg","20.891","°C","1012.000","hPa","0.861","-0.02056","0.00035","-0.00011","0","14.7","Humid","27.30","0","43.40","195607.25","SABD0002000012","AAV2.0.0.13","1.1.2.0","PSt7-10","000000-000","6/10/2026 14:47:13","0000-00","0","no battery","V"
"07/08/2026","14:57:11","3","default","198787511","O3","118.505","min","175.710","µmol/L","Humid","21.159","deg","132489","µV","23.680","°C","1011.000","hPa","34.2","pmil","0","52.118","deg","21.808","°C","226.700","µmol/L","21.407","deg","20.891","°C","1012.000","hPa","0.861","-0.02056","0.00035","-0.00011","0","14.7","Humid","27.30","0","43.40","195610.01","SABD0002000012","AAV2.0.0.13","1.1.2.0","PSt7-10","000000-000","6/10/2026 14:47:13","0000-00","0","no battery","V"
"07/08/2026","14:57:41","3","default","198787511","O3","119.004","min","175.759","µmol/L","Humid","21.156","deg","132497","µV","23.680","°C","1011.000","hPa","34.2","pmil","0","52.118","deg","21.808","°C","226.700","µmol/L","21.407","deg","20.891","°C","1012.000","hPa","0.861","-0.02056","0.00035","-0.00011","0","14.7","Humid","27.30","0","43.40","195616.93","SABD0002000012","AAV2.0.0.13","1.1.2.0","PSt7-10","000000-000","6/10/2026 14:47:13","0000-00","0","no battery","V"
"07/08/2026","14:58:11","3","default","198787511","O3","119.505","min","175.666","µmol/L","Humid","21.158","deg","132563","µV","23.692","°C","1011.000","hPa","34.2","pmil","0","52.118","deg","21.808","°C","226.700","µmol/L","21.407","deg","20.891","°C","1012.000","hPa","0.861","-0.02056","0.00035","-0.00011","0","14.7","Humid","27.30","0","43.40","195609.01","SABD0002000012","AAV2.0.0.13","1.1.2.0","PSt7-10","000000-000","6/10/2026 14:47:13","0000-00","0","no battery","V"
"07/08/2026","14:58:41","3","default","198787511","O3","120.005","min","175.729","µmol/L","Humid","21.156","deg","132568","µV","23.686","°C","1011.000","hPa","34.2","pmil","0","52.118","deg","21.808","°C","226.700","µmol/L","21.407","deg","20.891","°C","1012.000","hPa","0.861","-0.02056","0.00035","-0.00011","0","14.7","Humid","27.30","0","43.40","195609.19","SABD0002000012","AAV2.0.0.13","1.1.2.0","PSt7-10","000000-000","6/10/2026 14:47:13","0000-00","0","no battery","V"
"07/08/2026","14:59:11","3","default","198787511","O3","120.505","min","175.798","µmol/L","Humid","21.163","deg","132574","µV","23.650","°C","1011.000","hPa","34.2","pmil","0","52.118","deg","21.808","°C","226.700","µmol/L","21.407","deg","20.891","°C","1012.000","hPa","0.861","-0.02056","0.00035","-0.00011","0","14.7","Humid","27.30","0","43.40","195618.99","SABD0002000012","AAV2.0.0.13","1.1.2.0","PSt7-10","000000-000","6/10/2026 14:47:13","0000-00","0","no battery","V"
"07/08/2026","14:59:41","3","default","198787511","O3","121.004","min","175.925","µmol/L","Humid","21.157","deg","132548","µV","23.643","°C","1011.000","hPa","34.2","pmil","0","52.118","deg","21.808","°C","226.700","µmol/L","21.407","deg","20.891","°C","1012.000","hPa","0.861","-0.02056","0.00035","-0.00011","0","14.7","Humid","27.30","0","43.40","195618.90","SABD0002000012","AAV2.0.0.13","1.1.2.0","PSt7-10","000000-000","6/10/2026 14:47:13","0000-00","0","no battery","V"
"07/08/2026","15:00:11","3","default","198787511","O3","121.505","min","175.897","µmol/L","Humid","21.155","deg","132529","µV","23.656","°C","1011.000","hPa","34.2","pmil","0","52.118","deg","21.808","°C","226.700","µmol/L","21.407","deg","20.891","°C","1012.000","hPa","0.861","-0.02056","0.00035","-0.00011","0","14.7","Humid","27.30","0","43.40","195624.49","SABD0002000012","AAV2.0.0.13","1.1.2.0","PSt7-10","000000-000","6/10/2026 14:47:13","0000-00","0","no battery","V"
"07/08/2026","15:00:41","3","default","198787511","O3","122.004","min","175.897","µmol/L","Humid","21.155","deg","132527","µV","23.656","°C","1011.000","hPa","34.2","pmil","0","52.118","deg","21.808","°C","226.700","µmol/L","21.407","deg","20.891","°C","1012.000","hPa","0.861","-0.02056","0.00035","-0.00011","0","14.7","Humid","27.30","0","43.40","195627.57","SABD0002000012","AAV2.0.0.13","1.1.2.0","PSt7-10","000000-000","6/10/2026 14:47:13","0000-00","0","no battery","V"
"07/08/2026","15:01:11","3","default","198787511","O3","122.505","min","175.994","µmol/L","Humid","21.149","deg","132511","µV","23.656","°C","1011.000","hPa","34.2","pmil","0","52.118","deg","21.808","°C","226.700","µmol/L","21.407","deg","20.891","°C","1012.000","hPa","0.861","-0.02056","0.00035","-0.00011","0","14.7","Humid","27.30","0","43.40","195621.89","SABD0002000012","AAV2.0.0.13","1.1.2.0","PSt7-10","000000-000","6/10/2026 14:47:13","0000-00","0","no battery","V"
"07/08/2026","15:01:41","3","default","198787511","O3","123.005","min","176.027","µmol/L","Humid","21.147","deg","132499","µV","23.656","°C","1011.000","hPa","34.2","pmil","0","52.118","deg","21.808","°C","226.700","µmol/L","21.407","deg","20.891","°C","1012.000","hPa","0.861","-0.02056","0.00035","-0.00011","0","14.7","Humid","27.30","0","43.40","195622.92","SABD0002000012","AAV2.0.0.13","1.1.2.0","PSt7-10","000000-000","6/10/2026 14:47:13","0000-00","0","no battery","V"
"07/08/2026","15:02:11","3","default","198787511","O3","123.504","min","176.041","µmol/L","Humid","21.148","deg","132518","µV","23.650","°C","1011.000","hPa","34.2","pmil","0","52.118","deg","21.808","°C","226.700","µmol/L","21.407","deg","20.891","°C","1012.000","hPa","0.861","-0.02056","0.00035","-0.00011","0","14.7","Humid","27.30","0","43.40","195631.83","SABD0002000012","AAV2.0.0.13","1.1.2.0","PSt7-10","000000-000","6/10/2026 14:47:13","0000-00","0","no battery","V"
"07/08/2026","15:02:41","3","default","198787511","O3","124.005","min","175.960","µmol/L","Humid","21.153","deg","132550","µV","23.650","°C","1011.000","hPa","34.2","pmil","0","52.118","deg","21.808","°C","226.700","µmol/L","21.407","deg","20.891","°C","1012.000","hPa","0.861","-0.02056","0.00035","-0.00011","0","14.7","Humid","27.30","0","43.40","195633.57","SABD0002000012","AAV2.0.0.13","1.1.2.0","PSt7-10","000000-000","6/10/2026 14:47:13","0000-00","0","no battery","V"
"07/08/2026","15:03:11","3","default","198787511","O3","124.504","min","175.785","µmol/L","Humid","21.160","deg","132589","µV","23.662","°C","1011.000","hPa","34.2","pmil","0","52.118","deg","21.808","°C","226.700","µmol/L","21.407","deg","20.891","°C","1012.000","hPa","0.861","-0.02056","0.00035","-0.00011","0","14.7","Humid","27.30","0","43.40","195633.42","SABD0002000012","AAV2.0.0.13","1.1.2.0","PSt7-10","000000-000","6/10/2026 14:47:13","0000-00","0","no battery","V"
"07/08/2026","15:03:41","3","default","198787511","O3","125.005","min","175.879","µmol/L","Humid","21.158","deg","132628","µV","23.650","°C","1011.000","hPa","34.2","pmil","0","52.118","deg","21.808","°C","226.700","µmol/L","21.407","deg","20.891","°C","1012.000","hPa","0.861","-0.02056","0.00035","-0.00011","0","14.7","Humid","27.30","0","43.40","195646.42","SABD0002000012","AAV2.0.0.13","1.1.2.0","PSt7-10","000000-000","6/10/2026 14:47:13","0000-00","0","no battery","V"
"07/08/2026","15:04:11","3","default","198787511","O3","125.505","min","175.879","µmol/L","Humid","21.158","deg","132634","µV","23.650","°C","1011.000","hPa","34.2","pmil","0","52.118","deg","21.808","°C","226.700","µmol/L","21.407","deg","20.891","°C","1012.000","hPa","0.861","-0.02056","0.00035","-0.00011","0","14.7","Humid","27.30","0","43.40","195645.00","SABD0002000012","AAV2.0.0.13","1.1.2.0","PSt7-10","000000-000","6/10/2026 14:47:13","0000-00","0","no battery","V"
"07/08/2026","15:04:41","3","default","198787511","O3","126.004","min","175.800","µmol/L","Humid","21.161","deg","132653","µV","23.656","°C","1011.000","hPa","34.2","pmil","0","52.118","deg","21.808","°C","226.700","µmol/L","21.407","deg","20.891","°C","1012.000","hPa","0.861","-0.02056","0.00035","-0.00011","0","14.7","Humid","27.30","0","43.40","195656.89","SABD0002000012","AAV2.0.0.13","1.1.2.0","PSt7-10","000000-000","6/10/2026 14:47:13","0000-00","0","no battery","V"
"07/08/2026","15:05:11","3","default","198787511","O3","126.505","min","175.814","µmol/L","Humid","21.162","deg","132675","µV","23.650","°C","1011.000","hPa","34.2","pmil","0","52.118","deg","21.808","°C","226.700","µmol/L","21.407","deg","20.891","°C","1012.000","hPa","0.861","-0.02056","0.00035","-0.00011","0","14.7","Humid","27.30","0","43.40","195650.68","SABD0002000012","AAV2.0.0.13","1.1.2.0","PSt7-10","000000-000","6/10/2026 14:47:13","0000-00","0","no battery","V"
"07/08/2026","15:05:41","3","default","198787511","O3","127.004","min","175.751","µmol/L","Humid","21.164","deg","132697","µV","23.656","°C","1011.000","hPa","34.2","pmil","0","52.118","deg","21.808","°C","226.700","µmol/L","21.407","deg","20.891","°C","1012.000","hPa","0.861","-0.02056","0.00035","-0.00011","0","14.7","Humid","27.30","0","43.40","195652.54","SABD0002000012","AAV2.0.0.13","1.1.2.0","PSt7-10","000000-000","6/10/2026 14:47:13","0000-00","0","no battery","V"
"07/08/2026","15:06:11","3","default","198787511","O3","127.505","min","175.767","µmol/L","Humid","21.163","deg","132719","µV","23.656","°C","1011.000","hPa","34.2","pmil","0","52.118","deg","21.808","°C","226.700","µmol/L","21.407","deg","20.891","°C","1012.000","hPa","0.861","-0.02056","0.00035","-0.00011","0","14.7","Humid","27.30","0","43.40","195673.05","SABD0002000012","AAV2.0.0.13","1.1.2.0","PSt7-10","000000-000","6/10/2026 14:47:13","0000-00","0","no battery","V"
"07/08/2026","15:06:41","3","default","198787511","O3","128.005","min","175.763","µmol/L","Humid","21.167","deg","132726","µV","23.643","°C","1011.000","hPa","34.2","pmil","0","52.118","deg","21.808","°C","226.700","µmol/L","21.407","deg","20.891","°C","1012.000","hPa","0.861","-0.02056","0.00035","-0.00011","0","14.7","Humid","27.30","0","43.40","195663.29","SABD0002000012","AAV2.0.0.13","1.1.2.0","PSt7-10","000000-000","6/10/2026 14:47:13","0000-00","0","no battery","V"
"07/08/2026","15:07:11","3","default","198787511","O3","128.505","min","175.844","µmol/L","Humid","21.162","deg","132742","µV","23.643","°C","1011.000","hPa","34.2","pmil","0","52.118","deg","21.808","°C","226.700","µmol/L","21.407","deg","20.891","°C","1012.000","hPa","0.861","-0.02056","0.00035","-0.00011","0","14.7","Humid","27.30","0","43.40","195668.74","SABD0002000012","AAV2.0.0.13","1.1.2.0","PSt7-10","000000-000","6/10/2026 14:47:13","0000-00","0","no battery","V"
"07/08/2026","15:07:41","3","default","198787511","O3","129.005","min","175.782","µmol/L","Humid","21.164","deg","132756","µV","23.650","°C","1011.000","hPa","34.2","pmil","0","52.118","deg","21.808","°C","226.700","µmol/L","21.407","deg","20.891","°C","1012.000","hPa","0.861","-0.02056","0.00035","-0.00011","0","14.7","Humid","27.30","0","43.40","195671.17","SABD0002000012","AAV2.0.0.13","1.1.2.0","PSt7-10","000000-000","6/10/2026 14:47:13","0000-00","0","no battery","V"
"07/08/2026","15:08:11","3","default","198787511","O3","129.504","min","175.879","µmol/L","Humid","21.158","deg","132733","µV","23.650","°C","1011.000","hPa","34.2","pmil","0","52.118","deg","21.808","°C","226.700","µmol/L","21.407","deg","20.891","°C","1012.000","hPa","0.861","-0.02056","0.00035","-0.00011","0","14.7","Humid","27.30","0","43.40","195676.41","SABD0002000012","AAV2.0.0.13","1.1.2.0","PSt7-10","000000-000","6/10/2026 14:47:13","0000-00","0","no battery","V"
"07/08/2026","15:08:41","3","default","198787511","O3","130.005","min","175.832","µmol/L","Humid","21.159","deg","132718","µV","23.656","°C","1011.000","hPa","34.2","pmil","0","52.118","deg","21.808","°C","226.700","µmol/L","21.407","deg","20.891","°C","1012.000","hPa","0.861","-0.02056","0.00035","-0.00011","0","14.7","Humid","27.30","0","43.40","195677.07","SABD0002000012","AAV2.0.0.13","1.1.2.0","PSt7-10","000000-000","6/10/2026 14:47:13","0000-00","0","no battery","V"
"07/08/2026","15:09:11","3","default","198787511","O3","130.504","min","175.911","µmol/L","Humid","21.156","deg","132726","µV","23.650","°C","1011.000","hPa","34.2","pmil","0","52.118","deg","21.808","°C","226.700","µmol/L","21.407","deg","20.891","°C","1012.000","hPa","0.861","-0.02056","0.00035","-0.00011","0","14.7","Humid","27.30","0","43.40","195682.87","SABD0002000012","AAV2.0.0.13","1.1.2.0","PSt7-10","000000-000","6/10/2026 14:47:13","0000-00","0","no battery","V"
"07/08/2026","15:09:41","3","default","198787511","O3","131.004","min","175.913","µmol/L","Humid","21.154","deg","132731","µV","23.656","°C","1011.000","hPa","34.2","pmil","0","52.118","deg","21.808","°C","226.700","µmol/L","21.407","deg","20.891","°C","1012.000","hPa","0.861","-0.02056","0.00035","-0.00011","0","14.7","Humid","27.30","0","43.40","195684.37","SABD0002000012","AAV2.0.0.13","1.1.2.0","PSt7-10","000000-000","6/10/2026 14:47:13","0000-00","0","no battery","V"
"07/08/2026","15:10:11","3","default","198787511","O3","131.505","min","175.927","µmol/L","Humid","21.155","deg","132738","µV","23.650","°C","1011.000","hPa","34.2","pmil","0","52.118","deg","21.808","°C","226.700","µmol/L","21.407","deg","20.891","°C","1012.000","hPa","0.861","-0.02056","0.00035","-0.00011","0","14.7","Humid","27.30","0","43.40","195687.42","SABD0002000012","AAV2.0.0.13","1.1.2.0","PSt7-10","000000-000","6/10/2026 14:47:13","0000-00","0","no battery","V"
"07/08/2026","15:10:41","3","default","198787511","O3","132.005","min","175.909","µmol/L","Humid","21.158","deg","132743","µV","23.643","°C","1011.000","hPa","34.2","pmil","0","52.118","deg","21.808","°C","226.700","µmol/L","21.407","deg","20.891","°C","1012.000","hPa","0.861","-0.02056","0.00035","-0.00011","0","14.7","Humid","27.30","0","43.40","195678.31","SABD0002000012","AAV2.0.0.13","1.1.2.0","PSt7-10","000000-000","6/10/2026 14:47:13","0000-00","0","no battery","V"
"07/08/2026","15:11:11","3","default","198787511","O3","132.505","min","175.895","µmol/L","Humid","21.157","deg","132768","µV","23.650","°C","1011.000","hPa","34.2","pmil","0","52.118","deg","21.808","°C","226.700","µmol/L","21.407","deg","20.891","°C","1012.000","hPa","0.861","-0.02056","0.00035","-0.00011","0","14.7","Humid","27.30","0","43.40","195677.95","SABD0002000012","AAV2.0.0.13","1.1.2.0","PSt7-10","000000-000","6/10/2026 14:47:13","0000-00","0","no battery","V"
"07/08/2026","15:11:41","3","default","198787511","O3","133.005","min","175.909","µmol/L","Humid","21.158","deg","132786","µV","23.643","°C","1011.000","hPa","34.2","pmil","0","52.118","deg","21.808","°C","226.700","µmol/L","21.407","deg","20.891","°C","1012.000","hPa","0.861","-0.02056","0.00035","-0.00011","0","14.7","Humid","27.30","0","43.40","195680.03","SABD0002000012","AAV2.0.0.13","1.1.2.0","PSt7-10","000000-000","6/10/2026 14:47:13","0000-00","0","no battery","V"
"07/08/2026","15:12:11","3","default","198787511","O3","133.504","min","176.009","µmol/L","Humid","21.150","deg","132748","µV","23.650","°C","1011.000","hPa","34.2","pmil","0","52.118","deg","21.808","°C","226.700","µmol/L","21.407","deg","20.891","°C","1012.000","hPa","0.861","-0.02056","0.00035","-0.00011","0","14.7","Humid","27.30","0","43.40","195677.90","SABD0002000012","AAV2.0.0.13","1.1.2.0","PSt7-10","000000-000","6/10/2026 14:47:13","0000-00","0","no battery","V"
"07/08/2026","15:12:41","3","default","198787511","O3","134.005","min","176.137","µmol/L","Humid","21.144","deg","132736","µV","23.643","°C","1011.000","hPa","34.2","pmil","0","52.118","deg","21.808","°C","226.700","µmol/L","21.407","deg","20.891","°C","1012.000","hPa","0.861","-0.02056","0.00035","-0.00011","0","14.7","Humid","27.30","0","43.40","195687.25","SABD0002000012","AAV2.0.0.13","1.1.2.0","PSt7-10","000000-000","6/10/2026 14:47:13","0000-00","0","no battery","V"
"07/08/2026","15:13:11","3","default","198787511","O3","134.504","min","176.104","µmol/L","Humid","21.146","deg","132751","µV","23.643","°C","1011.000","hPa","34.2","pmil","0","52.118","deg","21.808","°C","226.700","µmol/L","21.407","deg","20.891","°C","1012.000","hPa","0.861","-0.02056","0.00035","-0.00011","0","14.7","Humid","27.30","0","43.40","195676.57","SABD0002000012","AAV2.0.0.13","1.1.2.0","PSt7-10","000000-000","6/10/2026 14:47:13","0000-00","0","no battery","V"
"07/08/2026","15:13:41","3","default","198787511","O3","135.005","min","175.946","µmol/L","Humid","21.152","deg","132802","µV","23.656","°C","1011.000","hPa","34.2","pmil","0","52.118","deg","21.808","°C","226.700","µmol/L","21.407","deg","20.891","°C","1012.000","hPa","0.861","-0.02056","0.00035","-0.00011","0","14.7","Humid","27.30","0","43.40","195680.97","SABD0002000012","AAV2.0.0.13","1.1.2.0","PSt7-10","000000-000","6/10/2026 14:47:13","0000-00","0","no battery","V"
"07/08/2026","15:14:11","3","default","198787511","O3","135.505","min","175.895","µmol/L","Humid","21.157","deg","132833","µV","23.650","°C","1011.000","hPa","34.2","pmil","0","52.118","deg","21.808","°C","226.700","µmol/L","21.407","deg","20.891","°C","1012.000","hPa","0.861","-0.02056","0.00035","-0.00011","0","14.7","Humid","27.30","0","43.40","195679.62","SABD0002000012","AAV2.0.0.13","1.1.2.0","PSt7-10","000000-000","6/10/2026 14:47:13","0000-00","0","no battery","V"
"07/08/2026","15:14:41","3","default","198787511","O3","136.005","min","175.874","µmol/L","Humid","21.158","deg","132847","µV","23.650","°C","1010.000","hPa","34.2","pmil","0","52.118","deg","21.808","°C","226.700","µmol/L","21.407","deg","20.891","°C","1012.000","hPa","0.861","-0.02056","0.00035","-0.00011","0","14.7","Humid","27.30","0","43.40","195679.78","SABD0002000012","AAV2.0.0.13","1.1.2.0","PSt7-10","000000-000","6/10/2026 14:47:13","0000-00","0","no battery","V"
"07/08/2026","15:15:11","3","default","198787511","O3","136.505","min","175.893","µmol/L","Humid","21.159","deg","132865","µV","23.643","°C","1011.000","hPa","34.2","pmil","0","52.118","deg","21.808","°C","226.700","µmol/L","21.407","deg","20.891","°C","1012.000","hPa","0.861","-0.02056","0.00035","-0.00011","0","14.7","Humid","27.30","0","43.40","195679.71","SABD0002000012","AAV2.0.0.13","1.1.2.0","PSt7-10","000000-000","6/10/2026 14:47:13","0000-00","0","no battery","V"
"07/08/2026","15:15:41","3","default","198787511","O3","137.004","min","175.944","µmol/L","Humid","21.154","deg","132864","µV","23.650","°C","1011.000","hPa","34.2","pmil","0","52.118","deg","21.808","°C","226.700","µmol/L","21.407","deg","20.891","°C","1012.000","hPa","0.861","-0.02056","0.00035","-0.00011","0","14.7","Humid","27.30","0","43.40","195694.55","SABD0002000012","AAV2.0.0.13","1.1.2.0","PSt7-10","000000-000","6/10/2026 14:47:13","0000-00","0","no battery","V"
"07/08/2026","15:16:11","3","default","198787511","O3","137.505","min","175.940","µmol/L","Humid","21.158","deg","132877","µV","23.637","°C","1011.000","hPa","34.2","pmil","0","52.118","deg","21.808","°C","226.700","µmol/L","21.407","deg","20.891","°C","1012.000","hPa","0.861","-0.02056","0.00035","-0.00011","0","14.7","Humid","27.30","0","43.40","195690.24","SABD0002000012","AAV2.0.0.13","1.1.2.0","PSt7-10","000000-000","6/10/2026 14:47:13","0000-00","0","no battery","V"
"07/08/2026","15:16:41","3","default","198787511","O3","138.004","min","175.904","µmol/L","Humid","21.158","deg","132893","µV","23.643","°C","1010.000","hPa","34.2","pmil","0","52.118","deg","21.808","°C","226.700","µmol/L","21.407","deg","20.891","°C","1012.000","hPa","0.861","-0.02056","0.00035","-0.00011","0","14.7","Humid","27.30","0","43.40","195684.04","SABD0002000012","AAV2.0.0.13","1.1.2.0","PSt7-10","000000-000","6/10/2026 14:47:13","0000-00","0","no battery","V"
"07/08/2026","15:17:11","3","default","198787511","O3","138.505","min","175.904","µmol/L","Humid","21.158","deg","132878","µV","23.643","°C","1010.000","hPa","34.2","pmil","0","52.118","deg","21.808","°C","226.700","µmol/L","21.407","deg","20.891","°C","1012.000","hPa","0.861","-0.02056","0.00035","-0.00011","0","14.7","Humid","27.30","0","43.40","195689.67","SABD0002000012","AAV2.0.0.13","1.1.2.0","PSt7-10","000000-000","6/10/2026 14:47:13","0000-00","0","no battery","V"
"07/08/2026","15:17:41","3","default","198787511","O3","139.004","min","175.861","µmol/L","Humid","21.161","deg","132894","µV","23.643","°C","1011.000","hPa","34.2","pmil","0","52.118","deg","21.808","°C","226.700","µmol/L","21.407","deg","20.891","°C","1012.000","hPa","0.861","-0.02056","0.00035","-0.00011","0","14.7","Humid","27.30","0","43.40","195681.61","SABD0002000012","AAV2.0.0.13","1.1.2.0","PSt7-10","000000-000","6/10/2026 14:47:13","0000-00","0","no battery","V"
"07/08/2026","15:18:11","3","default","198787511","O3","139.504","min","175.823","µmol/L","Humid","21.163","deg","132912","µV","23.643","°C","1010.000","hPa","34.2","pmil","0","52.118","deg","21.808","°C","226.700","µmol/L","21.407","deg","20.891","°C","1012.000","hPa","0.861","-0.02056","0.00035","-0.00011","0","14.7","Humid","27.30","0","43.40","195685.06","SABD0002000012","AAV2.0.0.13","1.1.2.0","PSt7-10","000000-000","6/10/2026 14:47:13","0000-00","0","no battery","V"
"07/08/2026","15:18:41","3","default","198787511","O3","140.005","min","175.825","µmol/L","Humid","21.161","deg","132927","µV","23.650","°C","1010.000","hPa","34.2","pmil","0","52.118","deg","21.808","°C","226.700","µmol/L","21.407","deg","20.891","°C","1012.000","hPa","0.861","-0.02056","0.00035","-0.00011","0","14.7","Humid","27.30","0","43.40","195687.65","SABD0002000012","AAV2.0.0.13","1.1.2.0","PSt7-10","000000-000","6/10/2026 14:47:13","0000-00","0","no battery","V"
"07/08/2026","15:19:11","3","default","198787511","O3","140.504","min","175.810","µmol/L","Humid","21.166","deg","132962","µV","23.637","°C","1011.000","hPa","34.2","pmil","0","52.118","deg","21.808","°C","226.700","µmol/L","21.407","deg","20.891","°C","1012.000","hPa","0.861","-0.02056","0.00035","-0.00011","0","14.7","Humid","27.30","0","43.40","195676.08","SABD0002000012","AAV2.0.0.13","1.1.2.0","PSt7-10","000000-000","6/10/2026 14:47:13","0000-00","0","no battery","V"
"07/08/2026","15:19:41","3","default","198787511","O3","141.004","min","175.715","µmol/L","Humid","21.170","deg","132987","µV","23.643","°C","1011.000","hPa","34.2","pmil","0","52.118","deg","21.808","°C","226.700","µmol/L","21.407","deg","20.891","°C","1012.000","hPa","0.861","-0.02056","0.00035","-0.00011","0","14.7","Humid","27.30","0","43.40","195670.03","SABD0002000012","AAV2.0.0.13","1.1.2.0","PSt7-10","000000-000","6/10/2026 14:47:13","0000-00","0","no battery","V"
"07/08/2026","15:20:11","3","default","198787511","O3","141.505","min","175.679","µmol/L","Humid","21.170","deg","132985","µV","23.650","°C","1010.000","hPa","34.2","pmil","0","52.118","deg","21.808","°C","226.700","µmol/L","21.407","deg","20.891","°C","1012.000","hPa","0.861","-0.02056","0.00035","-0.00011","0","14.7","Humid","27.30","0","43.40","195672.01","SABD0002000012","AAV2.0.0.13","1.1.2.0","PSt7-10","000000-000","6/10/2026 14:47:13","0000-00","0","no battery","V"
"07/08/2026","15:20:41","3","default","198787511","O3","142.005","min","175.682","µmol/L","Humid","21.172","deg","132998","µV","23.643","°C","1011.000","hPa","34.2","pmil","0","52.118","deg","21.808","°C","226.700","µmol/L","21.407","deg","20.891","°C","1012.000","hPa","0.861","-0.02056","0.00035","-0.00011","0","14.7","Humid","27.30","0","43.40","195672.07","SABD0002000012","AAV2.0.0.13","1.1.2.0","PSt7-10","000000-000","6/10/2026 14:47:13","0000-00","0","no battery","V"
"07/08/2026","15:21:11","3","default","198787511","O3","142.505","min","175.693","µmol/L","Humid","21.171","deg","133005","µV","23.643","°C","1010.000","hPa","34.2","pmil","0","52.118","deg","21.808","°C","226.700","µmol/L","21.407","deg","20.891","°C","1012.000","hPa","0.861","-0.02056","0.00035","-0.00011","0","14.7","Humid","27.30","0","43.40","195679.35","SABD0002000012","AAV2.0.0.13","1.1.2.0","PSt7-10","000000-000","6/10/2026 14:47:13","0000-00","0","no battery","V"
"07/08/2026","15:21:41","3","default","198787511","O3","143.005","min","175.710","µmol/L","Humid","21.170","deg","133007","µV","23.643","°C","1010.000","hPa","34.2","pmil","0","52.118","deg","21.808","°C","226.700","µmol/L","21.407","deg","20.891","°C","1012.000","hPa","0.861","-0.02056","0.00035","-0.00011","0","14.7","Humid","27.30","0","43.40","195676.48","SABD0002000012","AAV2.0.0.13","1.1.2.0","PSt7-10","000000-000","6/10/2026 14:47:13","0000-00","0","no battery","V"
"07/08/2026","15:22:11","3","default","198787511","O3","143.505","min","175.789","µmol/L","Humid","21.167","deg","133014","µV","23.637","°C","1010.000","hPa","34.2","pmil","0","52.118","deg","21.808","°C","226.700","µmol/L","21.407","deg","20.891","°C","1012.000","hPa","0.861","-0.02056","0.00035","-0.00011","0","14.7","Humid","27.30","0","43.40","195678.20","SABD0002000012","AAV2.0.0.13","1.1.2.0","PSt7-10","000000-000","6/10/2026 14:47:13","0000-00","0","no battery","V"
"07/08/2026","15:22:41","3","default","198787511","O3","144.005","min","175.661","µmol/L","Humid","21.173","deg","133031","µV","23.643","°C","1010.000","hPa","34.2","pmil","0","52.118","deg","21.808","°C","226.700","µmol/L","21.407","deg","20.891","°C","1012.000","hPa","0.861","-0.02056","0.00035","-0.00011","0","14.7","Humid","27.30","0","43.40","195687.75","SABD0002000012","AAV2.0.0.13","1.1.2.0","PSt7-10","000000-000","6/10/2026 14:47:13","0000-00","0","no battery","V"
"07/08/2026","15:23:11","3","default","198787511","O3","144.504","min","175.710","µmol/L","Humid","21.170","deg","133019","µV","23.643","°C","1010.000","hPa","34.2","pmil","0","52.118","deg","21.808","°C","226.700","µmol/L","21.407","deg","20.891","°C","1012.000","hPa","0.861","-0.02056","0.00035","-0.00011","0","14.7","Humid","27.30","0","43.40","195675.84","SABD0002000012","AAV2.0.0.13","1.1.2.0","PSt7-10","000000-000","6/10/2026 14:47:13","0000-00","0","no battery","V"
"07/08/2026","15:23:41","3","default","198787511","O3","145.005","min","175.738","µmol/L","Humid","21.172","deg","133023","µV","23.631","°C","1010.000","hPa","34.2","pmil","0","52.118","deg","21.808","°C","226.700","µmol/L","21.407","deg","20.891","°C","1012.000","hPa","0.861","-0.02056","0.00035","-0.00011","0","14.7","Humid","27.30","0","43.40","195685.66","SABD0002000012","AAV2.0.0.13","1.1.2.0","PSt7-10","000000-000","6/10/2026 14:47:13","0000-00","0","no battery","V"
"07/08/2026","15:24:11","3","default","198787511","O3","145.505","min","175.661","µmol/L","Humid","21.173","deg","133021","µV","23.643","°C","1010.000","hPa","34.2","pmil","0","52.118","deg","21.808","°C","226.700","µmol/L","21.407","deg","20.891","°C","1012.000","hPa","0.861","-0.02056","0.00035","-0.00011","0","14.7","Humid","27.30","0","43.40","195675.23","SABD0002000012","AAV2.0.0.13","1.1.2.0","PSt7-10","000000-000","6/10/2026 14:47:13","0000-00","0","no battery","V"
"07/08/2026","15:24:41","3","default","198787511","O3","146.004","min","175.661","µmol/L","Humid","21.173","deg","133030","µV","23.643","°C","1010.000","hPa","34.2","pmil","0","52.118","deg","21.808","°C","226.700","µmol/L","21.407","deg","20.891","°C","1012.000","hPa","0.861","-0.02056","0.00035","-0.00011","0","14.7","Humid","27.30","0","43.40","195676.55","SABD0002000012","AAV2.0.0.13","1.1.2.0","PSt7-10","000000-000","6/10/2026 14:47:13","0000-00","0","no battery","V"
"07/08/2026","15:25:11","3","default","198787511","O3","146.505","min","175.675","µmol/L","Humid","21.174","deg","133022","µV","23.637","°C","1010.000","hPa","34.2","pmil","0","52.118","deg","21.808","°C","226.700","µmol/L","21.407","deg","20.891","°C","1012.000","hPa","0.861","-0.02056","0.00035","-0.00011","0","14.7","Humid","27.30","0","43.40","195668.48","SABD0002000012","AAV2.0.0.13","1.1.2.0","PSt7-10","000000-000","6/10/2026 14:47:13","0000-00","0","no battery","V"
"07/08/2026","15:25:41","3","default","198787511","O3","147.005","min","175.689","µmol/L","Humid","21.175","deg","133038","µV","23.631","°C","1010.000","hPa","34.2","pmil","0","52.118","deg","21.808","°C","226.700","µmol/L","21.407","deg","20.891","°C","1012.000","hPa","0.861","-0.02056","0.00035","-0.00011","0","14.7","Humid","27.30","0","43.40","195681.84","SABD0002000012","AAV2.0.0.13","1.1.2.0","PSt7-10","000000-000","6/10/2026 14:47:13","0000-00","0","no battery","V"
"07/08/2026","15:26:11","3","default","198787511","O3","147.504","min","175.610","µmol/L","Humid","21.178","deg","133045","µV","23.637","°C","1010.000","hPa","34.2","pmil","0","52.118","deg","21.808","°C","226.700","µmol/L","21.407","deg","20.891","°C","1012.000","hPa","0.861","-0.02056","0.00035","-0.00011","0","14.7","Humid","27.30","0","43.40","195678.76","SABD0002000012","AAV2.0.0.13","1.1.2.0","PSt7-10","000000-000","6/10/2026 14:47:13","0000-00","0","no battery","V"
"07/08/2026","15:26:41","3","default","198787511","O3","148.004","min","175.643","µmol/L","Humid","21.176","deg","133064","µV","23.637","°C","1010.000","hPa","34.2","pmil","0","52.118","deg","21.808","°C","226.700","µmol/L","21.407","deg","20.891","°C","1012.000","hPa","0.861","-0.02056","0.00035","-0.00011","0","14.7","Humid","27.30","0","43.40","195677.92","SABD0002000012","AAV2.0.0.13","1.1.2.0","PSt7-10","000000-000","6/10/2026 14:47:13","0000-00","0","no battery","V"
"07/08/2026","15:27:11","3","default","198787511","O3","148.504","min","175.722","µmol/L","Humid","21.173","deg","133050","µV","23.631","°C","1010.000","hPa","34.2","pmil","0","52.118","deg","21.808","°C","226.700","µmol/L","21.407","deg","20.891","°C","1012.000","hPa","0.861","-0.02056","0.00035","-0.00011","0","14.7","Humid","27.30","0","43.40","195677.16","SABD0002000012","AAV2.0.0.13","1.1.2.0","PSt7-10","000000-000","6/10/2026 14:47:13","0000-00","0","no battery","V"
"07/08/2026","15:27:41","3","default","198787511","O3","149.005","min","175.659","µmol/L","Humid","21.175","deg","133054","µV","23.637","°C","1010.000","hPa","34.2","pmil","0","52.118","deg","21.808","°C","226.700","µmol/L","21.407","deg","20.891","°C","1012.000","hPa","0.861","-0.02056","0.00035","-0.00011","0","14.7","Humid","27.30","0","43.40","195669.18","SABD0002000012","AAV2.0.0.13","1.1.2.0","PSt7-10","000000-000","6/10/2026 14:47:13","0000-00","0","no battery","V"
"07/08/2026","15:28:11","3","default","198787511","O3","149.504","min","175.657","µmol/L","Humid","21.177","deg","133075","µV","23.631","°C","1010.000","hPa","34.2","pmil","0","52.118","deg","21.808","°C","226.700","µmol/L","21.407","deg","20.891","°C","1012.000","hPa","0.861","-0.02056","0.00035","-0.00011","0","14.7","Humid","27.30","0","43.40","195682.81","SABD0002000012","AAV2.0.0.13","1.1.2.0","PSt7-10","000000-000","6/10/2026 14:47:13","0000-00","0","no battery","V"
"07/08/2026","15:28:41","3","default","198787511","O3","150.005","min","175.687","µmol/L","Humid","21.177","deg","133089","µV","23.625","°C","1010.000","hPa","34.2","pmil","0","52.118","deg","21.808","°C","226.700","µmol/L","21.407","deg","20.891","°C","1012.000","hPa","0.861","-0.02056","0.00035","-0.00011","0","14.7","Humid","27.30","0","43.40","195683.03","SABD0002000012","AAV2.0.0.13","1.1.2.0","PSt7-10","000000-000","6/10/2026 14:47:13","0000-00","0","no battery","V"
"07/08/2026","15:29:11","3","default","198787511","O3","150.505","min","175.687","µmol/L","Humid","21.177","deg","133081","µV","23.625","°C","1010.000","hPa","34.2","pmil","0","52.118","deg","21.808","°C","226.700","µmol/L","21.407","deg","20.891","°C","1012.000","hPa","0.861","-0.02056","0.00035","-0.00011","0","14.7","Humid","27.30","0","43.40","195675.18","SABD0002000012","AAV2.0.0.13","1.1.2.0","PSt7-10","000000-000","6/10/2026 14:47:13","0000-00","0","no battery","V"
"07/08/2026","15:29:41","3","default","198787511","O3","151.004","min","175.641","µmol/L","Humid","21.178","deg","133093","µV","23.631","°C","1010.000","hPa","34.2","pmil","0","52.118","deg","21.808","°C","226.700","µmol/L","21.407","deg","20.891","°C","1012.000","hPa","0.861","-0.02056","0.00035","-0.00011","0","14.7","Humid","27.30","0","43.40","195682.04","SABD0002000012","AAV2.0.0.13","1.1.2.0","PSt7-10","000000-000","6/10/2026 14:47:13","0000-00","0","no battery","V"
"07/08/2026","15:30:11","3","default","198787511","O3","151.504","min","175.673","µmol/L","Humid","21.176","deg","133101","µV","23.631","°C","1010.000","hPa","34.2","pmil","0","52.118","deg","21.808","°C","226.700","µmol/L","21.407","deg","20.891","°C","1012.000","hPa","0.861","-0.02056","0.00035","-0.00011","0","14.7","Humid","27.30","0","43.40","195689.20","SABD0002000012","AAV2.0.0.13","1.1.2.0","PSt7-10","000000-000","6/10/2026 14:47:13","0000-00","0","no battery","V"
"07/08/2026","15:30:41","3","default","198787511","O3","152.004","min","175.560","µmol/L","Humid","21.183","deg","133107","µV","23.631","°C","1010.000","hPa","34.2","pmil","0","52.118","deg","21.808","°C","226.700","µmol/L","21.407","deg","20.891","°C","1012.000","hPa","0.861","-0.02056","0.00035","-0.00011","0","14.7","Humid","27.30","0","43.40","195680.90","SABD0002000012","AAV2.0.0.13","1.1.2.0","PSt7-10","000000-000","6/10/2026 14:47:13","0000-00","0","no battery","V"
"07/08/2026","15:31:11","3","default","198787511","O3","152.505","min","175.657","µmol/L","Humid","21.177","deg","133105","µV","23.631","°C","1010.000","hPa","34.2","pmil","0","52.118","deg","21.808","°C","226.700","µmol/L","21.407","deg","20.891","°C","1012.000","hPa","0.861","-0.02056","0.00035","-0.00011","0","14.7","Humid","27.30","0","43.40","195686.70","SABD0002000012","AAV2.0.0.13","1.1.2.0","PSt7-10","000000-000","6/10/2026 14:47:13","0000-00","0","no battery","V"
"07/08/2026","15:31:41","3","default","198787511","O3","153.005","min","175.687","µmol/L","Humid","21.177","deg","133125","µV","23.625","°C","1010.000","hPa","34.2","pmil","0","52.118","deg","21.808","°C","226.700","µmol/L","21.407","deg","20.891","°C","1012.000","hPa","0.861","-0.02056","0.00035","-0.00011","0","14.7","Humid","27.30","0","43.40","195675.99","SABD0002000012","AAV2.0.0.13","1.1.2.0","PSt7-10","000000-000","6/10/2026 14:47:13","0000-00","0","no battery","V"
"07/08/2026","15:32:11","3","default","198787511","O3","153.504","min","175.592","µmol/L","Humid","21.181","deg","133137","µV","23.631","°C","1010.000","hPa","34.2","pmil","0","52.118","deg","21.808","°C","226.700","µmol/L","21.407","deg","20.891","°C","1012.000","hPa","0.861","-0.02056","0.00035","-0.00011","0","14.7","Humid","27.30","0","43.40","195674.60","SABD0002000012","AAV2.0.0.13","1.1.2.0","PSt7-10","000000-000","6/10/2026 14:47:13","0000-00","0","no battery","V"
"07/08/2026","15:32:41","3","default","198787511","O3","154.005","min","175.637","µmol/L","Humid","21.182","deg","133140","µV","23.619","°C","1010.000","hPa","34.2","pmil","0","52.118","deg","21.808","°C","226.700","µmol/L","21.407","deg","20.891","°C","1012.000","hPa","0.861","-0.02056","0.00035","-0.00011","0","14.7","Humid","27.30","0","43.40","195685.22","SABD0002000012","AAV2.0.0.13","1.1.2.0","PSt7-10","000000-000","6/10/2026 14:47:13","0000-00","0","no battery","V"
"07/08/2026","15:33:11","3","default","198787511","O3","154.504","min","175.558","µmol/L","Humid","21.185","deg","133147","µV","23.625","°C","1010.000","hPa","34.2","pmil","0","52.118","deg","21.808","°C","226.700","µmol/L","21.407","deg","20.891","°C","1012.000","hPa","0.861","-0.02056","0.00035","-0.00011","0","14.7","Humid","27.30","0","43.40","195675.54","SABD0002000012","AAV2.0.0.13","1.1.2.0","PSt7-10","000000-000","6/10/2026 14:47:13","0000-00","0","no battery","V"
"07/08/2026","15:33:41","3","default","198787511","O3","155.005","min","175.590","µmol/L","Humid","21.183","deg","133173","µV","23.625","°C","1010.000","hPa","34.2","pmil","0","52.118","deg","21.808","°C","226.700","µmol/L","21.407","deg","20.891","°C","1012.000","hPa","0.861","-0.02056","0.00035","-0.00011","0","14.7","Humid","27.30","0","43.40","195678.49","SABD0002000012","AAV2.0.0.13","1.1.2.0","PSt7-10","000000-000","6/10/2026 14:47:13","0000-00","0","no battery","V"
"07/08/2026","15:34:11","3","default","198787511","O3","155.504","min","175.588","µmol/L","Humid","21.185","deg","133174","µV","23.619","°C","1010.000","hPa","34.2","pmil","0","52.118","deg","21.808","°C","226.700","µmol/L","21.407","deg","20.891","°C","1012.000","hPa","0.861","-0.02056","0.00035","-0.00011","0","14.7","Humid","27.30","0","43.40","195684.75","SABD0002000012","AAV2.0.0.13","1.1.2.0","PSt7-10","000000-000","6/10/2026 14:47:13","0000-00","0","no battery","V"
"07/08/2026","15:34:41","3","default","198787511","O3","156.004","min","175.574","µmol/L","Humid","21.184","deg","133190","µV","23.625","°C","1010.000","hPa","34.2","pmil","0","52.118","deg","21.808","°C","226.700","µmol/L","21.407","deg","20.891","°C","1012.000","hPa","0.861","-0.02056","0.00035","-0.00011","0","14.7","Humid","27.30","0","43.40","195685.39","SABD0002000012","AAV2.0.0.13","1.1.2.0","PSt7-10","000000-000","6/10/2026 14:47:13","0000-00","0","no battery","V"
"07/08/2026","15:35:11","3","default","198787511","O3","156.505","min","175.588","µmol/L","Humid","21.185","deg","133177","µV","23.619","°C","1010.000","hPa","34.2","pmil","0","52.118","deg","21.808","°C","226.700","µmol/L","21.407","deg","20.891","°C","1012.000","hPa","0.861","-0.02056","0.00035","-0.00011","0","14.7","Humid","27.30","0","43.40","195674.91","SABD0002000012","AAV2.0.0.13","1.1.2.0","PSt7-10","000000-000","6/10/2026 14:47:13","0000-00","0","no battery","V"
"07/08/2026","15:35:41","3","default","198787511","O3","157.005","min","175.651","µmol/L","Humid","21.183","deg","133194","µV","23.613","°C","1010.000","hPa","34.2","pmil","0","52.118","deg","21.808","°C","226.700","µmol/L","21.407","deg","20.891","°C","1012.000","hPa","0.861","-0.02056","0.00035","-0.00011","0","14.7","Humid","27.30","0","43.40","195681.43","SABD0002000012","AAV2.0.0.13","1.1.2.0","PSt7-10","000000-000","6/10/2026 14:47:13","0000-00","0","no battery","V"
"07/08/2026","15:36:11","3","default","198787511","O3","157.505","min","175.653","µmol/L","Humid","21.181","deg","133194","µV","23.619","°C","1010.000","hPa","34.2","pmil","0","52.118","deg","21.808","°C","226.700","µmol/L","21.407","deg","20.891","°C","1012.000","hPa","0.861","-0.02056","0.00035","-0.00011","0","14.7","Humid","27.30","0","43.40","195683.32","SABD0002000012","AAV2.0.0.13","1.1.2.0","PSt7-10","000000-000","6/10/2026 14:47:13","0000-00","0","no battery","V"
"07/08/2026","15:36:41","3","default","198787511","O3","158.004","min","175.540","µmol/L","Humid","21.188","deg","133216","µV","23.619","°C","1010.000","hPa","34.2","pmil","0","52.118","deg","21.808","°C","226.700","µmol/L","21.407","deg","20.891","°C","1012.000","hPa","0.861","-0.02056","0.00035","-0.00011","0","14.7","Humid","27.30","0","43.40","195698.06","SABD0002000012","AAV2.0.0.13","1.1.2.0","PSt7-10","000000-000","6/10/2026 14:47:13","0000-00","0","no battery","V"
"07/08/2026","15:37:11","3","default","198787511","O3","158.505","min","175.493","µmol/L","Humid","21.189","deg","133226","µV","23.625","°C","1010.000","hPa","34.2","pmil","0","52.118","deg","21.808","°C","226.700","µmol/L","21.407","deg","20.891","°C","1012.000","hPa","0.861","-0.02056","0.00035","-0.00011","0","14.7","Humid","27.30","0","43.40","195690.20","SABD0002000012","AAV2.0.0.13","1.1.2.0","PSt7-10","000000-000","6/10/2026 14:47:13","0000-00","0","no battery","V"
"07/08/2026","15:37:41","3","default","198787511","O3","159.005","min","175.508","µmol/L","Humid","21.190","deg","133241","µV","23.619","°C","1010.000","hPa","34.2","pmil","0","52.118","deg","21.808","°C","226.700","µmol/L","21.407","deg","20.891","°C","1012.000","hPa","0.861","-0.02056","0.00035","-0.00011","0","14.7","Humid","27.30","0","43.40","195683.33","SABD0002000012","AAV2.0.0.13","1.1.2.0","PSt7-10","000000-000","6/10/2026 14:47:13","0000-00","0","no battery","V"
"07/08/2026","15:38:11","3","default","198787511","O3","159.505","min","175.508","µmol/L","Humid","21.190","deg","133249","µV","23.619","°C","1010.000","hPa","34.2","pmil","0","52.118","deg","21.808","°C","226.700","µmol/L","21.407","deg","20.891","°C","1012.000","hPa","0.861","-0.02056","0.00035","-0.00011","0","14.7","Humid","27.30","0","43.40","195681.66","SABD0002000012","AAV2.0.0.13","1.1.2.0","PSt7-10","000000-000","6/10/2026 14:47:13","0000-00","0","no battery","V"
"07/08/2026","15:38:41","3","default","198787511","O3","160.004","min","175.556","µmol/L","Humid","21.187","deg","133258","µV","23.619","°C","1010.000","hPa","34.2","pmil","0","52.118","deg","21.808","°C","226.700","µmol/L","21.407","deg","20.891","°C","1012.000","hPa","0.861","-0.02056","0.00035","-0.00011","0","14.7","Humid","27.30","0","43.40","195677.93","SABD0002000012","AAV2.0.0.13","1.1.2.0","PSt7-10","000000-000","6/10/2026 14:47:13","0000-00","0","no battery","V"
"07/08/2026","15:39:11","3","default","198787511","O3","160.504","min","175.538","µmol/L","Humid","21.190","deg","133256","µV","23.613","°C","1010.000","hPa","34.2","pmil","0","52.118","deg","21.808","°C","226.700","µmol/L","21.407","deg","20.891","°C","1012.000","hPa","0.861","-0.02056","0.00035","-0.00011","0","14.7","Humid","27.30","0","43.40","195685.02","SABD0002000012","AAV2.0.0.13","1.1.2.0","PSt7-10","000000-000","6/10/2026 14:47:13","0000-00","0","no battery","V"
"07/08/2026","15:39:41","3","default","198787511","O3","161.005","min","175.522","µmol/L","Humid","21.191","deg","133273","µV","23.613","°C","1010.000","hPa","34.2","pmil","0","52.118","deg","21.808","°C","226.700","µmol/L","21.407","deg","20.891","°C","1012.000","hPa","0.861","-0.02056","0.00035","-0.00011","0","14.7","Humid","27.30","0","43.40","195677.04","SABD0002000012","AAV2.0.0.13","1.1.2.0","PSt7-10","000000-000","6/10/2026 14:47:13","0000-00","0","no battery","V"
"07/08/2026","15:40:11","3","default","198787511","O3","161.504","min","175.473","µmol/L","Humid","21.194","deg","133304","µV","23.613","°C","1010.000","hPa","34.2","pmil","0","52.118","deg","21.808","°C","226.700","µmol/L","21.407","deg","20.891","°C","1012.000","hPa","0.861","-0.02056","0.00035","-0.00011","0","14.7","Humid","27.30","0","43.40","195675.03","SABD0002000012","AAV2.0.0.13","1.1.2.0","PSt7-10","000000-000","6/10/2026 14:47:13","0000-00","0","no battery","V"
"07/08/2026","15:40:41","3","default","198787511","O3","162.004","min","175.568","µmol/L","Humid","21.190","deg","133315","µV","23.607","°C","1010.000","hPa","34.2","pmil","0","52.118","deg","21.808","°C","226.700","µmol/L","21.407","deg","20.891","°C","1012.000","hPa","0.861","-0.02056","0.00035","-0.00011","0","14.7","Humid","27.30","0","43.40","195687.98","SABD0002000012","AAV2.0.0.13","1.1.2.0","PSt7-10","000000-000","6/10/2026 14:47:13","0000-00","0","no battery","V"
"07/08/2026","15:41:11","3","default","198787511","O3","162.504","min","175.572","µmol/L","Humid","21.186","deg","133279","µV","23.619","°C","1010.000","hPa","34.2","pmil","0","52.118","deg","21.808","°C","226.700","µmol/L","21.407","deg","20.891","°C","1012.000","hPa","0.861","-0.02056","0.00035","-0.00011","0","14.7","Humid","27.30","0","43.40","195677.22","SABD0002000012","AAV2.0.0.13","1.1.2.0","PSt7-10","000000-000","6/10/2026 14:47:13","0000-00","0","no battery","V"
"07/08/2026","15:41:41","3","default","198787511","O3","163.004","min","175.588","µmol/L","Humid","21.185","deg","133281","µV","23.619","°C","1010.000","hPa","34.2","pmil","0","52.118","deg","21.808","°C","226.700","µmol/L","21.407","deg","20.891","°C","1012.000","hPa","0.861","-0.02056","0.00035","-0.00011","0","14.7","Humid","27.30","0","43.40","195673.70","SABD0002000012","AAV2.0.0.13","1.1.2.0","PSt7-10","000000-000","6/10/2026 14:47:13","0000-00","0","no battery","V"
"07/08/2026","15:42:11","3","default","198787511","O3","163.505","min","175.538","µmol/L","Humid","21.190","deg","133313","µV","23.613","°C","1010.000","hPa","34.2","pmil","0","52.118","deg","21.808","°C","226.700","µmol/L","21.407","deg","20.891","°C","1012.000","hPa","0.861","-0.02056","0.00035","-0.00011","0","14.7","Humid","27.30","0","43.40","195678.03","SABD0002000012","AAV2.0.0.13","1.1.2.0","PSt7-10","000000-000","6/10/2026 14:47:13","0000-00","0","no battery","V"
"07/08/2026","15:42:41","3","default","198787511","O3","164.005","min","175.536","µmol/L","Humid","21.192","deg","133330","µV","23.607","°C","1010.000","hPa","34.2","pmil","0","52.118","deg","21.808","°C","226.700","µmol/L","21.407","deg","20.891","°C","1012.000","hPa","0.861","-0.02056","0.00035","-0.00011","0","14.7","Humid","27.30","0","43.40","195679.94","SABD0002000012","AAV2.0.0.13","1.1.2.0","PSt7-10","000000-000","6/10/2026 14:47:13","0000-00","0","no battery","V"
"07/08/2026","15:43:11","3","default","198787511","O3","164.504","min","175.538","µmol/L","Humid","21.190","deg","133352","µV","23.613","°C","1010.000","hPa","34.2","pmil","0","52.118","deg","21.808","°C","226.700","µmol/L","21.407","deg","20.891","°C","1012.000","hPa","0.861","-0.02056","0.00035","-0.00011","0","14.7","Humid","27.30","0","43.40","195682.00","SABD0002000012","AAV2.0.0.13","1.1.2.0","PSt7-10","000000-000","6/10/2026 14:47:13","0000-00","0","no battery","V"
"07/08/2026","15:43:41","3","default","198787511","O3","165.005","min","175.520","µmol/L","Humid","21.193","deg","133341","µV","23.607","°C","1010.000","hPa","34.2","pmil","0","52.118","deg","21.808","°C","226.700","µmol/L","21.407","deg","20.891","°C","1012.000","hPa","0.861","-0.02056","0.00035","-0.00011","0","14.7","Humid","27.30","0","43.40","195673.27","SABD0002000012","AAV2.0.0.13","1.1.2.0","PSt7-10","000000-000","6/10/2026 14:47:13","0000-00","0","no battery","V"
"07/08/2026","15:44:11","3","default","198787511","O3","165.504","min","175.599","µmol/L","Humid","21.190","deg","133354","µV","23.601","°C","1010.000","hPa","34.2","pmil","0","52.118","deg","21.808","°C","226.700","µmol/L","21.407","deg","20.891","°C","1012.000","hPa","0.861","-0.02056","0.00035","-0.00011","0","14.7","Humid","27.30","0","43.40","195682.91","SABD0002000012","AAV2.0.0.13","1.1.2.0","PSt7-10","000000-000","6/10/2026 14:47:13","0000-00","0","no battery","V"
"07/08/2026","15:44:41","3","default","198787511","O3","166.004","min","175.473","µmol/L","Humid","21.194","deg","133358","µV","23.613","°C","1010.000","hPa","34.2","pmil","0","52.118","deg","21.808","°C","226.700","µmol/L","21.407","deg","20.891","°C","1012.000","hPa","0.861","-0.02056","0.00035","-0.00011","0","14.7","Humid","27.30","0","43.40","195677.84","SABD0002000012","AAV2.0.0.13","1.1.2.0","PSt7-10","000000-000","6/10/2026 14:47:13","0000-00","0","no battery","V"
"07/08/2026","15:45:11","3","default","198787511","O3","166.505","min","175.550","µmol/L","Humid","21.193","deg","133343","µV","23.601","°C","1010.000","hPa","34.2","pmil","0","52.118","deg","21.808","°C","226.700","µmol/L","21.407","deg","20.891","°C","1012.000","hPa","0.861","-0.02056","0.00035","-0.00011","0","14.7","Humid","27.30","0","43.40","195673.92","SABD0002000012","AAV2.0.0.13","1.1.2.0","PSt7-10","000000-000","6/10/2026 14:47:13","0000-00","0","no battery","V"
"07/08/2026","15:45:41","3","default","198787511","O3","167.005","min","175.680","µmol/L","Humid","21.185","deg","133320","µV","23.601","°C","1010.000","hPa","34.2","pmil","0","52.118","deg","21.808","°C","226.700","µmol/L","21.407","deg","20.891","°C","1012.000","hPa","0.861","-0.02056","0.00035","-0.00011","0","14.7","Humid","27.30","0","43.40","195675.75","SABD0002000012","AAV2.0.0.13","1.1.2.0","PSt7-10","000000-000","6/10/2026 14:47:13","0000-00","0","no battery","V"
"07/08/2026","15:46:11","3","default","198787511","O3","167.505","min","175.568","µmol/L","Humid","21.190","deg","133352","µV","23.607","°C","1010.000","hPa","34.2","pmil","0","52.118","deg","21.808","°C","226.700","µmol/L","21.407","deg","20.891","°C","1012.000","hPa","0.861","-0.02056","0.00035","-0.00011","0","14.7","Humid","27.30","0","43.40","195671.47","SABD0002000012","AAV2.0.0.13","1.1.2.0","PSt7-10","000000-000","6/10/2026 14:47:13","0000-00","0","no battery","V"
"07/08/2026","15:46:41","3","default","198787511","O3","168.004","min","175.631","µmol/L","Humid","21.188","deg","133361","µV","23.601","°C","1010.000","hPa","34.2","pmil","0","52.118","deg","21.808","°C","226.700","µmol/L","21.407","deg","20.891","°C","1012.000","hPa","0.861","-0.02056","0.00035","-0.00011","0","14.7","Humid","27.30","0","43.40","195676.90","SABD0002000012","AAV2.0.0.13","1.1.2.0","PSt7-10","000000-000","6/10/2026 14:47:13","0000-00","0","no battery","V"
"07/08/2026","15:47:11","3","default","198787511","O3","168.505","min","175.568","µmol/L","Humid","21.190","deg","133365","µV","23.607","°C","1010.000","hPa","34.2","pmil","0","52.118","deg","21.808","°C","226.700","µmol/L","21.407","deg","20.891","°C","1012.000","hPa","0.861","-0.02056","0.00035","-0.00011","0","14.7","Humid","27.30","0","43.40","195678.24","SABD0002000012","AAV2.0.0.13","1.1.2.0","PSt7-10","000000-000","6/10/2026 14:47:13","0000-00","0","no battery","V"
"07/08/2026","15:47:41","3","default","198787511","O3","169.004","min","175.566","µmol/L","Humid","21.192","deg","133371","µV","23.601","°C","1010.000","hPa","34.2","pmil","0","52.118","deg","21.808","°C","226.700","µmol/L","21.407","deg","20.891","°C","1012.000","hPa","0.861","-0.02056","0.00035","-0.00011","0","14.7","Humid","27.30","0","43.40","195676.10","SABD0002000012","AAV2.0.0.13","1.1.2.0","PSt7-10","000000-000","6/10/2026 14:47:13","0000-00","0","no battery","V"
"07/08/2026","15:48:11","3","default","198787511","O3","169.505","min","175.520","µmol/L","Humid","21.193","deg","133370","µV","23.607","°C","1010.000","hPa","34.2","pmil","0","52.118","deg","21.808","°C","226.700","µmol/L","21.407","deg","20.891","°C","1012.000","hPa","0.861","-0.02056","0.00035","-0.00011","0","14.7","Humid","27.30","0","43.40","195678.69","SABD0002000012","AAV2.0.0.13","1.1.2.0","PSt7-10","000000-000","6/10/2026 14:47:13","0000-00","0","no battery","V"
"07/08/2026","15:48:41","3","default","198787511","O3","170.005","min","175.584","µmol/L","Humid","21.189","deg","133395","µV","23.607","°C","1010.000","hPa","34.2","pmil","0","52.118","deg","21.808","°C","226.700","µmol/L","21.407","deg","20.891","°C","1012.000","hPa","0.861","-0.02056","0.00035","-0.00011","0","14.7","Humid","27.30","0","43.40","195671.96","SABD0002000012","AAV2.0.0.13","1.1.2.0","PSt7-10","000000-000","6/10/2026 14:47:13","0000-00","0","no battery","V"
"07/08/2026","15:49:11","3","default","198787511","O3","170.505","min","175.631","µmol/L","Humid","21.188","deg","133388","µV","23.601","°C","1010.000","hPa","34.2","pmil","0","52.118","deg","21.808","°C","226.700","µmol/L","21.407","deg","20.891","°C","1012.000","hPa","0.861","-0.02056","0.00035","-0.00011","0","14.7","Humid","27.30","0","43.40","195673.99","SABD0002000012","AAV2.0.0.13","1.1.2.0","PSt7-10","000000-000","6/10/2026 14:47:13","0000-00","0","no battery","V"
"07/08/2026","15:49:41","3","default","198787511","O3","171.005","min","175.550","µmol/L","Humid","21.193","deg","133395","µV","23.601","°C","1010.000","hPa","34.2","pmil","0","52.118","deg","21.808","°C","226.700","µmol/L","21.407","deg","20.891","°C","1012.000","hPa","0.861","-0.02056","0.00035","-0.00011","0","14.7","Humid","27.30","0","43.40","195667.82","SABD0002000012","AAV2.0.0.13","1.1.2.0","PSt7-10","000000-000","6/10/2026 14:47:13","0000-00","0","no battery","V"
"07/08/2026","15:50:11","3","default","198787511","O3","171.505","min","175.613","µmol/L","Humid","21.191","deg","133408","µV","23.595","°C","1010.000","hPa","34.2","pmil","0","52.118","deg","21.808","°C","226.700","µmol/L","21.407","deg","20.891","°C","1012.000","hPa","0.861","-0.02056","0.00035","-0.00011","0","14.7","Humid","27.30","0","43.40","195684.68","SABD0002000012","AAV2.0.0.13","1.1.2.0","PSt7-10","000000-000","6/10/2026 14:47:13","0000-00","0","no battery","V"
"07/08/2026","15:50:41","3","default","198787511","O3","172.005","min","175.633","µmol/L","Humid","21.186","deg","133421","µV","23.607","°C","1010.000","hPa","34.2","pmil","0","52.118","deg","21.808","°C","226.700","µmol/L","21.407","deg","20.891","°C","1012.000","hPa","0.861","-0.02056","0.00035","-0.00011","0","14.7","Humid","27.30","0","43.40","195670.75","SABD0002000012","AAV2.0.0.13","1.1.2.0","PSt7-10","000000-000","6/10/2026 14:47:13","0000-00","0","no battery","V"
"07/08/2026","15:51:11","3","default","198787511","O3","172.504","min","175.649","µmol/L","Humid","21.185","deg","133415","µV","23.607","°C","1010.000","hPa","34.2","pmil","0","52.118","deg","21.808","°C","226.700","µmol/L","21.407","deg","20.891","°C","1012.000","hPa","0.861","-0.02056","0.00035","-0.00011","0","14.7","Humid","27.30","0","43.40","195678.41","SABD0002000012","AAV2.0.0.13","1.1.2.0","PSt7-10","000000-000","6/10/2026 14:47:13","0000-00","0","no battery","V"
"07/08/2026","15:51:41","3","default","198787511","O3","173.005","min","175.617","µmol/L","Humid","21.187","deg","133428","µV","23.607","°C","1010.000","hPa","34.2","pmil","0","52.118","deg","21.808","°C","226.700","µmol/L","21.407","deg","20.891","°C","1012.000","hPa","0.861","-0.02056","0.00035","-0.00011","0","14.7","Humid","27.30","0","43.40","195679.28","SABD0002000012","AAV2.0.0.13","1.1.2.0","PSt7-10","000000-000","6/10/2026 14:47:13","0000-00","0","no battery","V"
"07/08/2026","15:52:11","3","default","198787511","O3","173.505","min","175.584","µmol/L","Humid","21.189","deg","133446","µV","23.607","°C","1010.000","hPa","34.2","pmil","0","52.118","deg","21.808","°C","226.700","µmol/L","21.407","deg","20.891","°C","1012.000","hPa","0.861","-0.02056","0.00035","-0.00011","0","14.7","Humid","27.30","0","43.40","195662.98","SABD0002000012","AAV2.0.0.13","1.1.2.0","PSt7-10","000000-000","6/10/2026 14:47:13","0000-00","0","no battery","V"
"07/08/2026","15:52:41","3","default","198787511","O3","174.004","min","175.694","µmol/L","Humid","21.186","deg","133452","µV","23.595","°C","1010.000","hPa","34.2","pmil","0","52.118","deg","21.808","°C","226.700","µmol/L","21.407","deg","20.891","°C","1012.000","hPa","0.861","-0.02056","0.00035","-0.00011","0","14.7","Humid","27.30","0","43.40","195677.87","SABD0002000012","AAV2.0.0.13","1.1.2.0","PSt7-10","000000-000","6/10/2026 14:47:13","0000-00","0","no battery","V"
"07/08/2026","15:53:11","3","default","198787511","O3","174.504","min","175.643","µmol/L","Humid","21.191","deg","133478","µV","23.588","°C","1010.000","hPa","34.2","pmil","0","52.118","deg","21.808","°C","226.700","µmol/L","21.407","deg","20.891","°C","1012.000","hPa","0.861","-0.02056","0.00035","-0.00011","0","14.7","Humid","27.30","0","43.40","195677.54","SABD0002000012","AAV2.0.0.13","1.1.2.0","PSt7-10","000000-000","6/10/2026 14:47:13","0000-00","0","no battery","V"
"07/08/2026","15:53:41","3","default","198787511","O3","175.005","min","175.629","µmol/L","Humid","21.190","deg","133485","µV","23.595","°C","1010.000","hPa","34.2","pmil","0","52.118","deg","21.808","°C","226.700","µmol/L","21.407","deg","20.891","°C","1012.000","hPa","0.861","-0.02056","0.00035","-0.00011","0","14.7","Humid","27.30","0","43.40","195680.73","SABD0002000012","AAV2.0.0.13","1.1.2.0","PSt7-10","000000-000","6/10/2026 14:47:13","0000-00","0","no battery","V"
"07/08/2026","15:54:11","3","default","198787511","O3","175.505","min","175.611","µmol/L","Humid","21.193","deg","133493","µV","23.588","°C","1010.000","hPa","34.2","pmil","0","52.118","deg","21.808","°C","226.700","µmol/L","21.407","deg","20.891","°C","1012.000","hPa","0.861","-0.02056","0.00035","-0.00011","0","14.7","Humid","27.30","0","43.40","195685.64","SABD0002000012","AAV2.0.0.13","1.1.2.0","PSt7-10","000000-000","6/10/2026 14:47:13","0000-00","0","no battery","V"
"07/08/2026","15:54:41","3","default","198787511","O3","176.005","min","175.611","µmol/L","Humid","21.193","deg","133492","µV","23.588","°C","1010.000","hPa","34.2","pmil","0","52.118","deg","21.808","°C","226.700","µmol/L","21.407","deg","20.891","°C","1012.000","hPa","0.861","-0.02056","0.00035","-0.00011","0","14.7","Humid","27.30","0","43.40","195684.43","SABD0002000012","AAV2.0.0.13","1.1.2.0","PSt7-10","000000-000","6/10/2026 14:47:13","0000-00","0","no battery","V"
"07/08/2026","15:55:11","3","default","198787511","O3","176.505","min","175.583","µmol/L","Humid","21.191","deg","133515","µV","23.601","°C","1010.000","hPa","34.2","pmil","0","52.118","deg","21.808","°C","226.700","µmol/L","21.407","deg","20.891","°C","1012.000","hPa","0.861","-0.02056","0.00035","-0.00011","0","14.7","Humid","27.30","0","43.40","195687.60","SABD0002000012","AAV2.0.0.13","1.1.2.0","PSt7-10","000000-000","6/10/2026 14:47:13","0000-00","0","no battery","V"
"07/08/2026","15:55:41","3","default","198787511","O3","177.005","min","175.643","µmol/L","Humid","21.191","deg","133535","µV","23.588","°C","1010.000","hPa","34.2","pmil","0","52.118","deg","21.808","°C","226.700","µmol/L","21.407","deg","20.891","°C","1012.000","hPa","0.861","-0.02056","0.00035","-0.00011","0","14.7","Humid","27.30","0","43.40","195684.12","SABD0002000012","AAV2.0.0.13","1.1.2.0","PSt7-10","000000-000","6/10/2026 14:47:13","0000-00","0","no battery","V"
"07/08/2026","15:56:11","3","default","198787511","O3","177.504","min","175.629","µmol/L","Humid","21.190","deg","133526","µV","23.595","°C","1010.000","hPa","34.2","pmil","0","52.118","deg","21.808","°C","226.700","µmol/L","21.407","deg","20.891","°C","1012.000","hPa","0.861","-0.02056","0.00035","-0.00011","0","14.7","Humid","27.30","0","43.40","195683.34","SABD0002000012","AAV2.0.0.13","1.1.2.0","PSt7-10","000000-000","6/10/2026 14:47:13","0000-00","0","no battery","V"
"07/08/2026","15:56:41","3","default","198787511","O3","178.004","min","175.629","µmol/L","Humid","21.190","deg","133557","µV","23.595","°C","1010.000","hPa","34.2","pmil","0","52.118","deg","21.808","°C","226.700","µmol/L","21.407","deg","20.891","°C","1012.000","hPa","0.861","-0.02056","0.00035","-0.00011","0","14.7","Humid","27.30","0","43.40","195696.82","SABD0002000012","AAV2.0.0.13","1.1.2.0","PSt7-10","000000-000","6/10/2026 14:47:13","0000-00","0","no battery","V"
"07/08/2026","15:57:11","3","default","198787511","O3","178.505","min","175.641","µmol/L","Humid","21.193","deg","133585","µV","23.582","°C","1010.000","hPa","34.2","pmil","0","52.118","deg","21.808","°C","226.700","µmol/L","21.407","deg","20.891","°C","1012.000","hPa","0.861","-0.02056","0.00035","-0.00011","0","14.7","Humid","27.30","0","43.40","195691.57","SABD0002000012","AAV2.0.0.13","1.1.2.0","PSt7-10","000000-000","6/10/2026 14:47:13","0000-00","0","no battery","V"
"07/08/2026","15:57:41","3","default","198787511","O3","179.005","min","175.690","µmol/L","Humid","21.190","deg","133581","µV","23.582","°C","1010.000","hPa","34.2","pmil","0","52.118","deg","21.808","°C","226.700","µmol/L","21.407","deg","20.891","°C","1012.000","hPa","0.861","-0.02056","0.00035","-0.00011","0","14.7","Humid","27.30","0","43.40","195694.76","SABD0002000012","AAV2.0.0.13","1.1.2.0","PSt7-10","000000-000","6/10/2026 14:47:13","0000-00","0","no battery","V"
"07/08/2026","15:58:11","3","default","198787511","O3","179.505","min","175.692","µmol/L","Humid","21.188","deg","133593","µV","23.588","°C","1010.000","hPa","34.2","pmil","0","52.118","deg","21.808","°C","226.700","µmol/L","21.407","deg","20.891","°C","1012.000","hPa","0.861","-0.02056","0.00035","-0.00011","0","14.7","Humid","27.30","0","43.40","195695.30","SABD0002000012","AAV2.0.0.13","1.1.2.0","PSt7-10","000000-000","6/10/2026 14:47:13","0000-00","0","no battery","V"
"07/08/2026","15:58:41","3","default","198787511","O3","180.004","min","175.660","µmol/L","Humid","21.190","deg","133613","µV","23.588","°C","1010.000","hPa","34.2","pmil","0","52.118","deg","21.808","°C","226.700","µmol/L","21.407","deg","20.891","°C","1012.000","hPa","0.861","-0.02056","0.00035","-0.00011","0","14.7","Humid","27.30","0","43.40","195697.82","SABD0002000012","AAV2.0.0.13","1.1.2.0","PSt7-10","000000-000","6/10/2026 14:47:13","0000-00","0","no battery","V"
"07/08/2026","15:59:11","3","default","198787511","O3","180.505","min","175.729","µmol/L","Humid","21.197","deg","133648","µV","23.552","°C","1010.000","hPa","34.2","pmil","0","52.118","deg","21.808","°C","226.700","µmol/L","21.407","deg","20.891","°C","1012.000","hPa","0.861","-0.02056","0.00035","-0.00011","0","14.7","Humid","27.30","0","43.40","195698.37","SABD0002000012","AAV2.0.0.13","1.1.2.0","PSt7-10","000000-000","6/10/2026 14:47:13","0000-00","0","no battery","V"
"07/08/2026","15:59:41","3","default","198787511","O3","181.005","min","175.889","µmol/L","Humid","21.189","deg","133623","µV","23.546","°C","1010.000","hPa","34.2","pmil","0","52.118","deg","21.808","°C","226.700","µmol/L","21.407","deg","20.891","°C","1012.000","hPa","0.861","-0.02056","0.00035","-0.00011","0","14.7","Humid","27.30","0","43.40","195693.83","SABD0002000012","AAV2.0.0.13","1.1.2.0","PSt7-10","000000-000","6/10/2026 14:47:13","0000-00","0","no battery","V"
"07/08/2026","16:00:11","3","default","198787511","O3","181.504","min","175.795","µmol/L","Humid","21.191","deg","133641","µV","23.558","°C","1010.000","hPa","34.2","pmil","0","52.118","deg","21.808","°C","226.700","µmol/L","21.407","deg","20.891","°C","1012.000","hPa","0.861","-0.02056","0.00035","-0.00011","0","14.7","Humid","27.30","0","43.40","195700.80","SABD0002000012","AAV2.0.0.13","1.1.2.0","PSt7-10","000000-000","6/10/2026 14:47:13","0000-00","0","no battery","V"
"07/08/2026","16:00:41","3","default","198787511","O3","182.004","min","175.779","µmol/L","Humid","21.192","deg","133650","µV","23.558","°C","1010.000","hPa","34.2","pmil","0","52.118","deg","21.808","°C","226.700","µmol/L","21.407","deg","20.891","°C","1012.000","hPa","0.861","-0.02056","0.00035","-0.00011","0","14.7","Humid","27.30","0","43.40","195700.64","SABD0002000012","AAV2.0.0.13","1.1.2.0","PSt7-10","000000-000","6/10/2026 14:47:13","0000-00","0","no battery","V"
"07/08/2026","16:01:11","3","default","198787511","O3","182.505","min","175.856","µmol/L","Humid","21.191","deg","133675","µV","23.546","°C","1010.000","hPa","34.2","pmil","0","52.118","deg","21.808","°C","226.700","µmol/L","21.407","deg","20.891","°C","1012.000","hPa","0.861","-0.02056","0.00035","-0.00011","0","14.7","Humid","27.30","0","43.40","195701.21","SABD0002000012","AAV2.0.0.13","1.1.2.0","PSt7-10","000000-000","6/10/2026 14:47:13","0000-00","0","no battery","V"
"07/08/2026","16:01:41","3","default","198787511","O3","183.005","min","175.779","µmol/L","Humid","21.192","deg","133673","µV","23.558","°C","1010.000","hPa","34.2","pmil","0","52.118","deg","21.808","°C","226.700","µmol/L","21.407","deg","20.891","°C","1012.000","hPa","0.861","-0.02056","0.00035","-0.00011","0","14.7","Humid","27.30","0","43.40","195696.77","SABD0002000012","AAV2.0.0.13","1.1.2.0","PSt7-10","000000-000","6/10/2026 14:47:13","0000-00","0","no battery","V"
"07/08/2026","16:02:11","3","default","198787511","O3","183.504","min","175.826","µmol/L","Humid","21.191","deg","133688","µV","23.552","°C","1010.000","hPa","34.2","pmil","0","52.118","deg","21.808","°C","226.700","µmol/L","21.407","deg","20.891","°C","1012.000","hPa","0.861","-0.02056","0.00035","-0.00011","0","14.7","Humid","27.30","0","43.40","195712.43","SABD0002000012","AAV2.0.0.13","1.1.2.0","PSt7-10","000000-000","6/10/2026 14:47:13","0000-00","0","no battery","V"
"07/08/2026","16:02:41","3","default","198787511","O3","184.004","min","175.828","µmol/L","Humid","21.189","deg","133694","µV","23.558","°C","1010.000","hPa","34.2","pmil","0","52.118","deg","21.808","°C","226.700","µmol/L","21.407","deg","20.891","°C","1012.000","hPa","0.861","-0.02056","0.00035","-0.00011","0","14.7","Humid","27.30","0","43.40","195711.53","SABD0002000012","AAV2.0.0.13","1.1.2.0","PSt7-10","000000-000","6/10/2026 14:47:13","0000-00","0","no battery","V"
"07/08/2026","16:03:11","3","default","198787511","O3","184.505","min","175.812","µmol/L","Humid","21.190","deg","133706","µV","23.558","°C","1010.000","hPa","34.2","pmil","0","52.118","deg","21.808","°C","226.700","µmol/L","21.407","deg","20.891","°C","1012.000","hPa","0.861","-0.02056","0.00035","-0.00011","0","14.7","Humid","27.30","0","43.40","195712.23","SABD0002000012","AAV2.0.0.13","1.1.2.0","PSt7-10","000000-000","6/10/2026 14:47:13","0000-00","0","no battery","V"
"07/08/2026","16:03:41","3","default","198787511","O3","185.005","min","175.860","µmol/L","Humid","21.187","deg","133723","µV","23.558","°C","1010.000","hPa","34.2","pmil","0","52.118","deg","21.808","°C","226.700","µmol/L","21.407","deg","20.891","°C","1012.000","hPa","0.861","-0.02056","0.00035","-0.00011","0","14.7","Humid","27.30","0","43.40","195726.33","SABD0002000012","AAV2.0.0.13","1.1.2.0","PSt7-10","000000-000","6/10/2026 14:47:13","0000-00","0","no battery","V"
"07/08/2026","16:04:11","3","default","198787511","O3","185.505","min","175.891","µmol/L","Humid","21.187","deg","133720","µV","23.552","°C","1010.000","hPa","34.2","pmil","0","52.118","deg","21.808","°C","226.700","µmol/L","21.407","deg","20.891","°C","1012.000","hPa","0.861","-0.02056","0.00035","-0.00011","0","14.7","Humid","27.30","0","43.40","195709.70","SABD0002000012","AAV2.0.0.13","1.1.2.0","PSt7-10","000000-000","6/10/2026 14:47:13","0000-00","0","no battery","V"
"07/08/2026","16:04:41","3","default","198787511","O3","186.005","min","175.875","µmol/L","Humid","21.188","deg","133728","µV","23.552","°C","1010.000","hPa","34.2","pmil","0","52.118","deg","21.808","°C","226.700","µmol/L","21.407","deg","20.891","°C","1012.000","hPa","0.861","-0.02056","0.00035","-0.00011","0","14.7","Humid","27.30","0","43.40","195707.21","SABD0002000012","AAV2.0.0.13","1.1.2.0","PSt7-10","000000-000","6/10/2026 14:47:13","0000-00","0","no battery","V"
"07/08/2026","16:05:11","3","default","198787511","O3","186.504","min","175.781","µmol/L","Humid","21.190","deg","133750","µV","23.564","°C","1010.000","hPa","34.2","pmil","0","52.118","deg","21.808","°C","226.700","µmol/L","21.407","deg","20.891","°C","1012.000","hPa","0.861","-0.02056","0.00035","-0.00011","0","14.7","Humid","27.30","0","43.40","195703.15","SABD0002000012","AAV2.0.0.13","1.1.2.0","PSt7-10","000000-000","6/10/2026 14:47:13","0000-00","0","no battery","V"
"07/08/2026","16:05:41","3","default","198787511","O3","187.004","min","175.858","µmol/L","Humid","21.189","deg","133753","µV","23.552","°C","1010.000","hPa","34.2","pmil","0","52.118","deg","21.808","°C","226.700","µmol/L","21.407","deg","20.891","°C","1012.000","hPa","0.861","-0.02056","0.00035","-0.00011","0","14.7","Humid","27.30","0","43.40","195705.73","SABD0002000012","AAV2.0.0.13","1.1.2.0","PSt7-10","000000-000","6/10/2026 14:47:13","0000-00","0","no battery","V"
"07/08/2026","16:06:11","3","default","198787511","O3","187.504","min","175.828","µmol/L","Humid","21.189","deg","133760","µV","23.558","°C","1010.000","hPa","34.2","pmil","0","52.118","deg","21.808","°C","226.700","µmol/L","21.407","deg","20.891","°C","1012.000","hPa","0.861","-0.02056","0.00035","-0.00011","0","14.7","Humid","27.30","0","43.40","195703.81","SABD0002000012","AAV2.0.0.13","1.1.2.0","PSt7-10","000000-000","6/10/2026 14:47:13","0000-00","0","no battery","V"
"07/08/2026","16:06:41","3","default","198787511","O3","188.005","min","175.842","µmol/L","Humid","21.190","deg","133779","µV","23.552","°C","1010.000","hPa","34.2","pmil","0","52.118","deg","21.808","°C","226.700","µmol/L","21.407","deg","20.891","°C","1012.000","hPa","0.861","-0.02056","0.00035","-0.00011","0","14.7","Humid","27.30","0","43.40","195702.89","SABD0002000012","AAV2.0.0.13","1.1.2.0","PSt7-10","000000-000","6/10/2026 14:47:13","0000-00","0","no battery","V"
"07/08/2026","16:07:11","3","default","198787511","O3","188.505","min","175.814","µmol/L","Humid","21.188","deg","133798","µV","23.564","°C","1010.000","hPa","34.2","pmil","0","52.118","deg","21.808","°C","226.700","µmol/L","21.407","deg","20.891","°C","1012.000","hPa","0.861","-0.02056","0.00035","-0.00011","0","14.7","Humid","27.30","0","43.40","195715.13","SABD0002000012","AAV2.0.0.13","1.1.2.0","PSt7-10","000000-000","6/10/2026 14:47:13","0000-00","0","no battery","V"
"07/08/2026","16:07:41","3","default","198787511","O3","189.004","min","175.860","µmol/L","Humid","21.187","deg","133787","µV","23.558","°C","1010.000","hPa","34.2","pmil","0","52.118","deg","21.808","°C","226.700","µmol/L","21.407","deg","20.891","°C","1012.000","hPa","0.861","-0.02056","0.00035","-0.00011","0","14.7","Humid","27.30","0","43.40","195717.83","SABD0002000012","AAV2.0.0.13","1.1.2.0","PSt7-10","000000-000","6/10/2026 14:47:13","0000-00","0","no battery","V"
"07/08/2026","16:08:11","3","default","198787511","O3","189.505","min","175.779","µmol/L","Humid","21.192","deg","133793","µV","23.558","°C","1010.000","hPa","34.2","pmil","0","52.118","deg","21.808","°C","226.700","µmol/L","21.407","deg","20.891","°C","1012.000","hPa","0.861","-0.02056","0.00035","-0.00011","0","14.7","Humid","27.30","0","43.40","195701.53","SABD0002000012","AAV2.0.0.13","1.1.2.0","PSt7-10","000000-000","6/10/2026 14:47:13","0000-00","0","no battery","V"
"07/08/2026","16:08:41","3","default","198787511","O3","190.005","min","175.795","µmol/L","Humid","21.191","deg","133802","µV","23.558","°C","1010.000","hPa","34.2","pmil","0","52.118","deg","21.808","°C","226.700","µmol/L","21.407","deg","20.891","°C","1012.000","hPa","0.861","-0.02056","0.00035","-0.00011","0","14.7","Humid","27.30","0","43.40","195702.49","SABD0002000012","AAV2.0.0.13","1.1.2.0","PSt7-10","000000-000","6/10/2026 14:47:13","0000-00","0","no battery","V"
"07/08/2026","16:09:11","3","default","198787511","O3","190.505","min","175.812","µmol/L","Humid","21.190","deg","133808","µV","23.558","°C","1010.000","hPa","34.2","pmil","0","52.118","deg","21.808","°C","226.700","µmol/L","21.407","deg","20.891","°C","1012.000","hPa","0.861","-0.02056","0.00035","-0.00011","0","14.7","Humid","27.30","0","43.40","195705.07","SABD0002000012","AAV2.0.0.13","1.1.2.0","PSt7-10","000000-000","6/10/2026 14:47:13","0000-00","0","no battery","V"
"07/08/2026","16:09:41","3","default","198787511","O3","191.004","min","175.795","µmol/L","Humid","21.191","deg","133815","µV","23.558","°C","1010.000","hPa","34.2","pmil","0","52.118","deg","21.808","°C","226.700","µmol/L","21.407","deg","20.891","°C","1012.000","hPa","0.861","-0.02056","0.00035","-0.00011","0","14.7","Humid","27.30","0","43.40","195700.62","SABD0002000012","AAV2.0.0.13","1.1.2.0","PSt7-10","000000-000","6/10/2026 14:47:13","0000-00","0","no battery","V"
"07/08/2026","16:10:11","3","default","198787511","O3","191.504","min","175.749","µmol/L","Humid","21.192","deg","133822","µV","23.564","°C","1010.000","hPa","34.2","pmil","0","52.118","deg","21.808","°C","226.700","µmol/L","21.407","deg","20.891","°C","1012.000","hPa","0.861","-0.02056","0.00035","-0.00011","0","14.7","Humid","27.30","0","43.40","195697.06","SABD0002000012","AAV2.0.0.13","1.1.2.0","PSt7-10","000000-000","6/10/2026 14:47:13","0000-00","0","no battery","V"
"07/08/2026","16:10:41","3","default","198787511","O3","192.005","min","175.715","µmol/L","Humid","21.196","deg","133823","µV","23.558","°C","1010.000","hPa","34.2","pmil","0","52.118","deg","21.808","°C","226.700","µmol/L","21.407","deg","20.891","°C","1012.000","hPa","0.861","-0.02056","0.00035","-0.00011","0","14.7","Humid","27.30","0","43.40","195700.65","SABD0002000012","AAV2.0.0.13","1.1.2.0","PSt7-10","000000-000","6/10/2026 14:47:13","0000-00","0","no battery","V"
"07/08/2026","16:11:11","3","default","198787511","O3","192.505","min","175.715","µmol/L","Humid","21.196","deg","133845","µV","23.558","°C","1010.000","hPa","34.2","pmil","0","52.118","deg","21.808","°C","226.700","µmol/L","21.407","deg","20.891","°C","1012.000","hPa","0.861","-0.02056","0.00035","-0.00011","0","14.7","Humid","27.30","0","43.40","195705.02","SABD0002000012","AAV2.0.0.13","1.1.2.0","PSt7-10","000000-000","6/10/2026 14:47:13","0000-00","0","no battery","V"
"07/08/2026","16:11:41","3","default","198787511","O3","193.004","min","175.775","µmol/L","Humid","21.196","deg","133857","µV","23.546","°C","1010.000","hPa","34.2","pmil","0","52.118","deg","21.808","°C","226.700","µmol/L","21.407","deg","20.891","°C","1012.000","hPa","0.861","-0.02056","0.00035","-0.00011","0","14.7","Humid","27.30","0","43.40","195695.64","SABD0002000012","AAV2.0.0.13","1.1.2.0","PSt7-10","000000-000","6/10/2026 14:47:13","0000-00","0","no battery","V"
"07/08/2026","16:12:11","3","default","198787511","O3","193.504","min","175.650","µmol/L","Humid","21.200","deg","133867","µV","23.558","°C","1010.000","hPa","34.2","pmil","0","52.118","deg","21.808","°C","226.700","µmol/L","21.407","deg","20.891","°C","1012.000","hPa","0.861","-0.02056","0.00035","-0.00011","0","14.7","Humid","27.30","0","43.40","195704.38","SABD0002000012","AAV2.0.0.13","1.1.2.0","PSt7-10","000000-000","6/10/2026 14:47:13","0000-00","0","no battery","V"
"07/08/2026","16:12:41","3","default","198787511","O3","194.004","min","175.646","µmol/L","Humid","21.204","deg","133892","µV","23.546","°C","1010.000","hPa","34.2","pmil","0","52.118","deg","21.808","°C","226.700","µmol/L","21.407","deg","20.891","°C","1012.000","hPa","0.861","-0.02056","0.00035","-0.00011","0","14.7","Humid","27.30","0","43.40","195694.74","SABD0002000012","AAV2.0.0.13","1.1.2.0","PSt7-10","000000-000","6/10/2026 14:47:13","0000-00","0","no battery","V"
"07/08/2026","16:13:11","3","default","198787511","O3","194.505","min","175.615","µmol/L","Humid","21.204","deg","133899","µV","23.552","°C","1010.000","hPa","34.2","pmil","0","52.118","deg","21.808","°C","226.700","µmol/L","21.407","deg","20.891","°C","1012.000","hPa","0.861","-0.02056","0.00035","-0.00011","0","14.7","Humid","27.30","0","43.40","195698.95","SABD0002000012","AAV2.0.0.13","1.1.2.0","PSt7-10","000000-000","6/10/2026 14:47:13","0000-00","0","no battery","V"
"07/08/2026","16:13:41","3","default","198787511","O3","195.004","min","175.599","µmol/L","Humid","21.205","deg","133903","µV","23.552","°C","1010.000","hPa","34.2","pmil","0","52.118","deg","21.808","°C","226.700","µmol/L","21.407","deg","20.891","°C","1012.000","hPa","0.861","-0.02056","0.00035","-0.00011","0","14.7","Humid","27.30","0","43.40","195708.45","SABD0002000012","AAV2.0.0.13","1.1.2.0","PSt7-10","000000-000","6/10/2026 14:47:13","0000-00","0","no battery","V"
"07/08/2026","16:14:11","3","default","198787511","O3","195.504","min","175.599","µmol/L","Humid","21.205","deg","133911","µV","23.552","°C","1010.000","hPa","34.2","pmil","0","52.118","deg","21.808","°C","226.700","µmol/L","21.407","deg","20.891","°C","1012.000","hPa","0.861","-0.02056","0.00035","-0.00011","0","14.7","Humid","27.30","0","43.40","195704.70","SABD0002000012","AAV2.0.0.13","1.1.2.0","PSt7-10","000000-000","6/10/2026 14:47:13","0000-00","0","no battery","V"
"07/08/2026","16:14:41","3","default","198787511","O3","196.004","min","175.648","µmol/L","Humid","21.202","deg","133907","µV","23.552","°C","1010.000","hPa","34.2","pmil","0","52.118","deg","21.808","°C","226.700","µmol/L","21.407","deg","20.891","°C","1012.000","hPa","0.861","-0.02056","0.00035","-0.00011","0","14.7","Humid","27.30","0","43.40","195719.43","SABD0002000012","AAV2.0.0.13","1.1.2.0","PSt7-10","000000-000","6/10/2026 14:47:13","0000-00","0","no battery","V"
"07/08/2026","16:15:11","3","default","198787511","O3","196.504","min","175.646","µmol/L","Humid","21.204","deg","133923","µV","23.546","°C","1010.000","hPa","34.2","pmil","0","52.118","deg","21.808","°C","226.700","µmol/L","21.407","deg","20.891","°C","1012.000","hPa","0.861","-0.02056","0.00035","-0.00011","0","14.7","Humid","27.30","0","43.40","195705.68","SABD0002000012","AAV2.0.0.13","1.1.2.0","PSt7-10","000000-000","6/10/2026 14:47:13","0000-00","0","no battery","V"
"07/08/2026","16:15:41","3","default","198787511","O3","197.004","min","175.599","µmol/L","Humid","21.205","deg","133925","µV","23.552","°C","1010.000","hPa","34.2","pmil","0","52.118","deg","21.808","°C","226.700","µmol/L","21.407","deg","20.891","°C","1012.000","hPa","0.861","-0.02056","0.00035","-0.00011","0","14.7","Humid","27.30","0","43.40","195713.05","SABD0002000012","AAV2.0.0.13","1.1.2.0","PSt7-10","000000-000","6/10/2026 14:47:13","0000-00","0","no battery","V"
"07/08/2026","16:16:11","3","default","198787511","O3","197.505","min","175.615","µmol/L","Humid","21.204","deg","133929","µV","23.552","°C","1010.000","hPa","34.2","pmil","0","52.118","deg","21.808","°C","226.700","µmol/L","21.407","deg","20.891","°C","1012.000","hPa","0.861","-0.02056","0.00035","-0.00011","0","14.7","Humid","27.30","0","43.40","195703.82","SABD0002000012","AAV2.0.0.13","1.1.2.0","PSt7-10","000000-000","6/10/2026 14:47:13","0000-00","0","no battery","V"
"07/08/2026","16:16:41","3","default","198787511","O3","198.005","min","175.567","µmol/L","Humid","21.207","deg","133934","µV","23.552","°C","1010.000","hPa","34.2","pmil","0","52.118","deg","21.808","°C","226.700","µmol/L","21.407","deg","20.891","°C","1012.000","hPa","0.861","-0.02056","0.00035","-0.00011","0","14.7","Humid","27.30","0","43.40","195701.32","SABD0002000012","AAV2.0.0.13","1.1.2.0","PSt7-10","000000-000","6/10/2026 14:47:13","0000-00","0","no battery","V"
"07/08/2026","16:17:11","3","default","198787511","O3","198.504","min","175.694","µmol/L","Humid","21.201","deg","133943","µV","23.546","°C","1010.000","hPa","34.2","pmil","0","52.118","deg","21.808","°C","226.700","µmol/L","21.407","deg","20.891","°C","1012.000","hPa","0.861","-0.02056","0.00035","-0.00011","0","14.7","Humid","27.30","0","43.40","195694.46","SABD0002000012","AAV2.0.0.13","1.1.2.0","PSt7-10","000000-000","6/10/2026 14:47:13","0000-00","0","no battery","V"
"07/08/2026","16:17:41","3","default","198787511","O3","199.005","min","175.599","µmol/L","Humid","21.205","deg","133952","µV","23.552","°C","1010.000","hPa","34.2","pmil","0","52.118","deg","21.808","°C","226.700","µmol/L","21.407","deg","20.891","°C","1012.000","hPa","0.861","-0.02056","0.00035","-0.00011","0","14.7","Humid","27.30","0","43.40","195704.11","SABD0002000012","AAV2.0.0.13","1.1.2.0","PSt7-10","000000-000","6/10/2026 14:47:13","0000-00","0","no battery","V"
"07/08/2026","16:18:11","3","default","198787511","O3","199.505","min","175.630","µmol/L","Humid","21.205","deg","133947","µV","23.546","°C","1010.000","hPa","34.2","pmil","0","52.118","deg","21.808","°C","226.700","µmol/L","21.407","deg","20.891","°C","1012.000","hPa","0.861","-0.02056","0.00035","-0.00011","0","14.7","Humid","27.30","0","43.40","195708.80","SABD0002000012","AAV2.0.0.13","1.1.2.0","PSt7-10","000000-000","6/10/2026 14:47:13","0000-00","0","no battery","V"
"07/08/2026","16:18:41","3","default","198787511","O3","200.005","min","175.694","µmol/L","Humid","21.201","deg","133955","µV","23.546","°C","1010.000","hPa","34.2","pmil","0","52.118","deg","21.808","°C","226.700","µmol/L","21.407","deg","20.891","°C","1012.000","hPa","0.861","-0.02056","0.00035","-0.00011","0","14.7","Humid","27.30","0","43.40","195700.67","SABD0002000012","AAV2.0.0.13","1.1.2.0","PSt7-10","000000-000","6/10/2026 14:47:13","0000-00","0","no battery","V"
"07/08/2026","16:19:11","3","default","198787511","O3","200.504","min","175.614","µmol/L","Humid","21.206","deg","133969","µV","23.546","°C","1010.000","hPa","34.2","pmil","0","52.118","deg","21.808","°C","226.700","µmol/L","21.407","deg","20.891","°C","1012.000","hPa","0.861","-0.02056","0.00035","-0.00011","0","14.7","Humid","27.30","0","43.40","195707.68","SABD0002000012","AAV2.0.0.13","1.1.2.0","PSt7-10","000000-000","6/10/2026 14:47:13","0000-00","0","no battery","V"
"07/08/2026","16:19:41","3","default","198787511","O3","201.005","min","175.615","µmol/L","Humid","21.204","deg","133968","µV","23.552","°C","1010.000","hPa","34.2","pmil","0","52.118","deg","21.808","°C","226.700","µmol/L","21.407","deg","20.891","°C","1012.000","hPa","0.861","-0.02056","0.00035","-0.00011","0","14.7","Humid","27.30","0","43.40","195710.22","SABD0002000012","AAV2.0.0.13","1.1.2.0","PSt7-10","000000-000","6/10/2026 14:47:13","0000-00","0","no battery","V"
"07/08/2026","16:20:11","3","default","198787511","O3","201.505","min","175.597","µmol/L","Humid","21.207","deg","133979","µV","23.546","°C","1010.000","hPa","34.2","pmil","0","52.118","deg","21.808","°C","226.700","µmol/L","21.407","deg","20.891","°C","1012.000","hPa","0.861","-0.02056","0.00035","-0.00011","0","14.7","Humid","27.30","0","43.40","195704.58","SABD0002000012","AAV2.0.0.13","1.1.2.0","PSt7-10","000000-000","6/10/2026 14:47:13","0000-00","0","no battery","V"
"07/08/2026","16:20:41","3","default","198787511","O3","202.005","min","175.840","µmol/L","Humid","21.192","deg","133902","µV","23.546","°C","1010.000","hPa","34.2","pmil","0","52.118","deg","21.808","°C","226.700","µmol/L","21.407","deg","20.891","°C","1012.000","hPa","0.861","-0.02056","0.00035","-0.00011","0","14.7","Humid","27.30","0","43.40","195707.41","SABD0002000012","AAV2.0.0.13","1.1.2.0","PSt7-10","000000-000","6/10/2026 14:47:13","0000-00","0","no battery","V"
"07/08/2026","16:21:11","3","default","198787511","O3","202.505","min","175.794","µmol/L","Humid","21.193","deg","133876","µV","23.552","°C","1010.000","hPa","34.2","pmil","0","52.118","deg","21.808","°C","226.700","µmol/L","21.407","deg","20.891","°C","1012.000","hPa","0.861","-0.02056","0.00035","-0.00011","0","14.7","Humid","27.30","0","43.40","195689.90","SABD0002000012","AAV2.0.0.13","1.1.2.0","PSt7-10","000000-000","6/10/2026 14:47:13","0000-00","0","no battery","V"
"07/08/2026","16:21:41","3","default","198787511","O3","203.004","min","175.842","µmol/L","Humid","21.190","deg","133869","µV","23.552","°C","1010.000","hPa","34.2","pmil","0","52.118","deg","21.808","°C","226.700","µmol/L","21.407","deg","20.891","°C","1012.000","hPa","0.861","-0.02056","0.00035","-0.00011","0","14.7","Humid","27.30","0","43.40","195701.34","SABD0002000012","AAV2.0.0.13","1.1.2.0","PSt7-10","000000-000","6/10/2026 14:47:13","0000-00","0","no battery","V"
"07/08/2026","16:22:11","3","default","198787511","O3","203.505","min","175.824","µmol/L","Humid","21.193","deg","133910","µV","23.546","°C","1010.000","hPa","34.2","pmil","0","52.118","deg","21.808","°C","226.700","µmol/L","21.407","deg","20.891","°C","1012.000","hPa","0.861","-0.02056","0.00035","-0.00011","0","14.7","Humid","27.30","0","43.40","195703.35","SABD0002000012","AAV2.0.0.13","1.1.2.0","PSt7-10","000000-000","6/10/2026 14:47:13","0000-00","0","no battery","V"
"07/08/2026","16:22:41","3","default","198787511","O3","204.004","min","175.597","µmol/L","Humid","21.207","deg","133985","µV","23.546","°C","1010.000","hPa","34.2","pmil","0","52.118","deg","21.808","°C","226.700","µmol/L","21.407","deg","20.891","°C","1012.000","hPa","0.861","-0.02056","0.00035","-0.00011","0","14.7","Humid","27.30","0","43.40","195700.83","SABD0002000012","AAV2.0.0.13","1.1.2.0","PSt7-10","000000-000","6/10/2026 14:47:13","0000-00","0","no battery","V"
"07/08/2026","16:23:11","3","default","198787511","O3","204.504","min","175.644","µmol/L","Humid","21.206","deg","133999","µV","23.539","°C","1010.000","hPa","34.2","pmil","0","52.118","deg","21.808","°C","226.700","µmol/L","21.407","deg","20.891","°C","1012.000","hPa","0.861","-0.02056","0.00035","-0.00011","0","14.7","Humid","27.30","0","43.40","195709.36","SABD0002000012","AAV2.0.0.13","1.1.2.0","PSt7-10","000000-000","6/10/2026 14:47:13","0000-00","0","no battery","V"
"07/08/2026","16:23:41","3","default","198787511","O3","205.004","min","175.549","µmol/L","Humid","21.210","deg","134011","µV","23.546","°C","1010.000","hPa","34.2","pmil","0","52.118","deg","21.808","°C","226.700","µmol/L","21.407","deg","20.891","°C","1012.000","hPa","0.861","-0.02056","0.00035","-0.00011","0","14.7","Humid","27.30","0","43.40","195700.13","SABD0002000012","AAV2.0.0.13","1.1.2.0","PSt7-10","000000-000","6/10/2026 14:47:13","0000-00","0","no battery","V"
"07/08/2026","16:24:11","3","default","198787511","O3","205.505","min","175.517","µmol/L","Humid","21.212","deg","134012","µV","23.546","°C","1010.000","hPa","34.2","pmil","0","52.118","deg","21.808","°C","226.700","µmol/L","21.407","deg","20.891","°C","1012.000","hPa","0.861","-0.02056","0.00035","-0.00011","0","14.7","Humid","27.30","0","43.40","195716.36","SABD0002000012","AAV2.0.0.13","1.1.2.0","PSt7-10","000000-000","6/10/2026 14:47:13","0000-00","0","no battery","V"
"07/08/2026","16:24:41","3","default","198787511","O3","206.004","min","175.676","µmol/L","Humid","21.204","deg","134026","µV","23.539","°C","1010.000","hPa","34.2","pmil","0","52.118","deg","21.808","°C","226.700","µmol/L","21.407","deg","20.891","°C","1012.000","hPa","0.861","-0.02056","0.00035","-0.00011","0","14.7","Humid","27.30","0","43.40","195713.38","SABD0002000012","AAV2.0.0.13","1.1.2.0","PSt7-10","000000-000","6/10/2026 14:47:13","0000-00","0","no battery","V"
"07/08/2026","16:25:11","3","default","198787511","O3","206.505","min","175.581","µmol/L","Humid","21.208","deg","134022","µV","23.546","°C","1010.000","hPa","34.2","pmil","0","52.118","deg","21.808","°C","226.700","µmol/L","21.407","deg","20.891","°C","1012.000","hPa","0.861","-0.02056","0.00035","-0.00011","0","14.7","Humid","27.30","0","43.40","195711.04","SABD0002000012","AAV2.0.0.13","1.1.2.0","PSt7-10","000000-000","6/10/2026 14:47:13","0000-00","0","no battery","V"
"07/08/2026","16:25:41","3","default","198787511","O3","207.004","min","175.597","µmol/L","Humid","21.207","deg","134023","µV","23.546","°C","1010.000","hPa","34.2","pmil","0","52.118","deg","21.808","°C","226.700","µmol/L","21.407","deg","20.891","°C","1012.000","hPa","0.861","-0.02056","0.00035","-0.00011","0","14.7","Humid","27.30","0","43.40","195697.57","SABD0002000012","AAV2.0.0.13","1.1.2.0","PSt7-10","000000-000","6/10/2026 14:47:13","0000-00","0","no battery","V"
"07/08/2026","16:26:11","3","default","198787511","O3","207.504","min","175.612","µmol/L","Humid","21.208","deg","134027","µV","23.539","°C","1010.000","hPa","34.2","pmil","0","52.118","deg","21.808","°C","226.700","µmol/L","21.407","deg","20.891","°C","1012.000","hPa","0.861","-0.02056","0.00035","-0.00011","0","14.7","Humid","27.30","0","43.40","195712.06","SABD0002000012","AAV2.0.0.13","1.1.2.0","PSt7-10","000000-000","6/10/2026 14:47:13","0000-00","0","no battery","V"
"07/08/2026","16:26:41","3","default","198787511","O3","208.005","min","175.676","µmol/L","Humid","21.204","deg","134021","µV","23.539","°C","1010.000","hPa","34.2","pmil","0","52.118","deg","21.808","°C","226.700","µmol/L","21.407","deg","20.891","°C","1012.000","hPa","0.861","-0.02056","0.00035","-0.00011","0","14.7","Humid","27.30","0","43.40","195714.31","SABD0002000012","AAV2.0.0.13","1.1.2.0","PSt7-10","000000-000","6/10/2026 14:47:13","0000-00","0","no battery","V"
"07/08/2026","16:27:11","3","default","198787511","O3","208.505","min","175.612","µmol/L","Humid","21.208","deg","134034","µV","23.539","°C","1010.000","hPa","34.2","pmil","0","52.118","deg","21.808","°C","226.700","µmol/L","21.407","deg","20.891","°C","1012.000","hPa","0.861","-0.02056","0.00035","-0.00011","0","14.7","Humid","27.30","0","43.40","195713.20","SABD0002000012","AAV2.0.0.13","1.1.2.0","PSt7-10","000000-000","6/10/2026 14:47:13","0000-00","0","no battery","V"
"07/08/2026","16:27:41","3","default","198787511","O3","209.004","min","175.563","µmol/L","Humid","21.211","deg","134048","µV","23.539","°C","1010.000","hPa","34.2","pmil","0","52.118","deg","21.808","°C","226.700","µmol/L","21.407","deg","20.891","°C","1012.000","hPa","0.861","-0.02056","0.00035","-0.00011","0","14.7","Humid","27.30","0","43.40","195711.06","SABD0002000012","AAV2.0.0.13","1.1.2.0","PSt7-10","000000-000","6/10/2026 14:47:13","0000-00","0","no battery","V"
"07/08/2026","16:28:11","3","default","198787511","O3","209.505","min","175.628","µmol/L","Humid","21.207","deg","134060","µV","23.539","°C","1010.000","hPa","34.2","pmil","0","52.118","deg","21.808","°C","226.700","µmol/L","21.407","deg","20.891","°C","1012.000","hPa","0.861","-0.02056","0.00035","-0.00011","0","14.7","Humid","27.30","0","43.40","195704.43","SABD0002000012","AAV2.0.0.13","1.1.2.0","PSt7-10","000000-000","6/10/2026 14:47:13","0000-00","0","no battery","V"
"07/08/2026","16:28:41","3","default","198787511","O3","210.005","min","175.612","µmol/L","Humid","21.208","deg","134060","µV","23.539","°C","1010.000","hPa","34.2","pmil","0","52.118","deg","21.808","°C","226.700","µmol/L","21.407","deg","20.891","°C","1012.000","hPa","0.861","-0.02056","0.00035","-0.00011","0","14.7","Humid","27.30","0","43.40","195704.28","SABD0002000012","AAV2.0.0.13","1.1.2.0","PSt7-10","000000-000","6/10/2026 14:47:13","0000-00","0","no battery","V"
"07/08/2026","16:29:11","3","default","198787511","O3","210.505","min","175.549","µmol/L","Humid","21.210","deg","134053","µV","23.546","°C","1010.000","hPa","34.2","pmil","0","52.118","deg","21.808","°C","226.700","µmol/L","21.407","deg","20.891","°C","1012.000","hPa","0.861","-0.02056","0.00035","-0.00011","0","14.7","Humid","27.30","0","43.40","195695.69","SABD0002000012","AAV2.0.0.13","1.1.2.0","PSt7-10","000000-000","6/10/2026 14:47:13","0000-00","0","no battery","V"
"07/08/2026","16:29:41","3","default","198787511","O3","211.005","min","175.595","µmol/L","Humid","21.209","deg","134065","µV","23.539","°C","1010.000","hPa","34.2","pmil","0","52.118","deg","21.808","°C","226.700","µmol/L","21.407","deg","20.891","°C","1012.000","hPa","0.861","-0.02056","0.00035","-0.00011","0","14.7","Humid","27.30","0","43.40","195703.83","SABD0002000012","AAV2.0.0.13","1.1.2.0","PSt7-10","000000-000","6/10/2026 14:47:13","0000-00","0","no battery","V"
"07/08/2026","16:30:11","3","default","198787511","O3","211.504","min","175.642","µmol/L","Humid","21.208","deg","134068","µV","23.533","°C","1010.000","hPa","34.2","pmil","0","52.118","deg","21.808","°C","226.700","µmol/L","21.407","deg","20.891","°C","1012.000","hPa","0.861","-0.02056","0.00035","-0.00011","0","14.7","Humid","27.30","0","43.40","195712.44","SABD0002000012","AAV2.0.0.13","1.1.2.0","PSt7-10","000000-000","6/10/2026 14:47:13","0000-00","0","no battery","V"
"07/08/2026","16:30:41","3","default","198787511","O3","212.004","min","175.577","µmol/L","Humid","21.212","deg","134082","µV","23.533","°C","1010.000","hPa","34.2","pmil","0","52.118","deg","21.808","°C","226.700","µmol/L","21.407","deg","20.891","°C","1012.000","hPa","0.861","-0.02056","0.00035","-0.00011","0","14.7","Humid","27.30","0","43.40","195718.81","SABD0002000012","AAV2.0.0.13","1.1.2.0","PSt7-10","000000-000","6/10/2026 14:47:13","0000-00","0","no battery","V"
"07/08/2026","16:31:11","3","default","198787511","O3","212.505","min","175.642","µmol/L","Humid","21.208","deg","134091","µV","23.533","°C","1010.000","hPa","34.2","pmil","0","52.118","deg","21.808","°C","226.700","µmol/L","21.407","deg","20.891","°C","1012.000","hPa","0.861","-0.02056","0.00035","-0.00011","0","14.7","Humid","27.30","0","43.40","195703.13","SABD0002000012","AAV2.0.0.13","1.1.2.0","PSt7-10","000000-000","6/10/2026 14:47:13","0000-00","0","no battery","V"
"07/08/2026","16:31:41","3","default","198787511","O3","213.005","min","175.593","µmol/L","Humid","21.211","deg","134100","µV","23.533","°C","1010.000","hPa","34.2","pmil","0","52.118","deg","21.808","°C","226.700","µmol/L","21.407","deg","20.891","°C","1012.000","hPa","0.861","-0.02056","0.00035","-0.00011","0","14.7","Humid","27.30","0","43.40","195717.67","SABD0002000012","AAV2.0.0.13","1.1.2.0","PSt7-10","000000-000","6/10/2026 14:47:13","0000-00","0","no battery","V"
"07/08/2026","16:32:11","3","default","198787511","O3","213.505","min","175.593","µmol/L","Humid","21.211","deg","134117","µV","23.533","°C","1010.000","hPa","34.2","pmil","0","52.118","deg","21.808","°C","226.700","µmol/L","21.407","deg","20.891","°C","1012.000","hPa","0.861","-0.02056","0.00035","-0.00011","0","14.7","Humid","27.30","0","43.40","195713.25","SABD0002000012","AAV2.0.0.13","1.1.2.0","PSt7-10","000000-000","6/10/2026 14:47:13","0000-00","0","no battery","V"
"07/08/2026","16:32:41","3","default","198787511","O3","214.004","min","175.577","µmol/L","Humid","21.212","deg","134133","µV","23.533","°C","1010.000","hPa","34.2","pmil","0","52.118","deg","21.808","°C","226.700","µmol/L","21.407","deg","20.891","°C","1012.000","hPa","0.861","-0.02056","0.00035","-0.00011","0","14.7","Humid","27.30","0","43.40","195713.93","SABD0002000012","AAV2.0.0.13","1.1.2.0","PSt7-10","000000-000","6/10/2026 14:47:13","0000-00","0","no battery","V"
"07/08/2026","16:33:11","3","default","198787511","O3","214.505","min","175.529","µmol/L","Humid","21.215","deg","134129","µV","23.533","°C","1010.000","hPa","34.2","pmil","0","52.118","deg","21.808","°C","226.700","µmol/L","21.407","deg","20.891","°C","1012.000","hPa","0.861","-0.02056","0.00035","-0.00011","0","14.7","Humid","27.30","0","43.40","195707.40","SABD0002000012","AAV2.0.0.13","1.1.2.0","PSt7-10","000000-000","6/10/2026 14:47:13","0000-00","0","no battery","V"
"07/08/2026","16:33:41","3","default","198787511","O3","215.004","min","175.531","µmol/L","Humid","21.213","deg","134138","µV","23.539","°C","1010.000","hPa","34.2","pmil","0","52.118","deg","21.808","°C","226.700","µmol/L","21.407","deg","20.891","°C","1012.000","hPa","0.861","-0.02056","0.00035","-0.00011","0","14.7","Humid","27.30","0","43.40","195712.56","SABD0002000012","AAV2.0.0.13","1.1.2.0","PSt7-10","000000-000","6/10/2026 14:47:13","0000-00","0","no battery","V"
"07/08/2026","16:34:11","3","default","198787511","O3","215.504","min","175.705","µmol/L","Humid","21.206","deg","134137","µV","23.527","°C","1010.000","hPa","34.2","pmil","0","52.118","deg","21.808","°C","226.700","µmol/L","21.407","deg","20.891","°C","1012.000","hPa","0.861","-0.02056","0.00035","-0.00011","0","14.7","Humid","27.30","0","43.40","195709.27","SABD0002000012","AAV2.0.0.13","1.1.2.0","PSt7-10","000000-000","6/10/2026 14:47:13","0000-00","0","no battery","V"
"07/08/2026","16:34:41","3","default","198787511","O3","216.005","min","175.608","µmol/L","Humid","21.212","deg","134144","µV","23.527","°C","1010.000","hPa","34.2","pmil","0","52.118","deg","21.808","°C","226.700","µmol/L","21.407","deg","20.891","°C","1012.000","hPa","0.861","-0.02056","0.00035","-0.00011","0","14.7","Humid","27.30","0","43.40","195707.22","SABD0002000012","AAV2.0.0.13","1.1.2.0","PSt7-10","000000-000","6/10/2026 14:47:13","0000-00","0","no battery","V"
"07/08/2026","16:35:11","3","default","198787511","O3","216.505","min","175.547","µmol/L","Humid","21.212","deg","134153","µV","23.539","°C","1010.000","hPa","34.2","pmil","0","52.118","deg","21.808","°C","226.700","µmol/L","21.407","deg","20.891","°C","1012.000","hPa","0.861","-0.02056","0.00035","-0.00011","0","14.7","Humid","27.30","0","43.40","195704.11","SABD0002000012","AAV2.0.0.13","1.1.2.0","PSt7-10","000000-000","6/10/2026 14:47:13","0000-00","0","no battery","V"
"07/08/2026","16:35:41","3","default","198787511","O3","217.005","min","175.608","µmol/L","Humid","21.212","deg","134156","µV","23.527","°C","1010.000","hPa","34.2","pmil","0","52.118","deg","21.808","°C","226.700","µmol/L","21.407","deg","20.891","°C","1012.000","hPa","0.861","-0.02056","0.00035","-0.00011","0","14.7","Humid","27.30","0","43.40","195700.11","SABD0002000012","AAV2.0.0.13","1.1.2.0","PSt7-10","000000-000","6/10/2026 14:47:13","0000-00","0","no battery","V"
"07/08/2026","16:36:11","3","default","198787511","O3","217.505","min","175.656","µmol/L","Humid","21.209","deg","134146","µV","23.527","°C","1010.000","hPa","34.2","pmil","0","52.118","deg","21.808","°C","226.700","µmol/L","21.407","deg","20.891","°C","1012.000","hPa","0.861","-0.02056","0.00035","-0.00011","0","14.7","Humid","27.30","0","43.40","195700.43","SABD0002000012","AAV2.0.0.13","1.1.2.0","PSt7-10","000000-000","6/10/2026 14:47:13","0000-00","0","no battery","V"
"07/08/2026","16:36:41","3","default","198787511","O3","218.004","min","175.672","µmol/L","Humid","21.208","deg","134115","µV","23.527","°C","1010.000","hPa","34.2","pmil","0","52.118","deg","21.808","°C","226.700","µmol/L","21.407","deg","20.891","°C","1012.000","hPa","0.861","-0.02056","0.00035","-0.00011","0","14.7","Humid","27.30","0","43.40","195707.11","SABD0002000012","AAV2.0.0.13","1.1.2.0","PSt7-10","000000-000","6/10/2026 14:47:13","0000-00","0","no battery","V"
"07/08/2026","16:37:11","3","default","198787511","O3","218.504","min","175.672","µmol/L","Humid","21.208","deg","134127","µV","23.527","°C","1010.000","hPa","34.2","pmil","0","52.118","deg","21.808","°C","226.700","µmol/L","21.407","deg","20.891","°C","1012.000","hPa","0.861","-0.02056","0.00035","-0.00011","0","14.7","Humid","27.30","0","43.40","195703.49","SABD0002000012","AAV2.0.0.13","1.1.2.0","PSt7-10","000000-000","6/10/2026 14:47:13","0000-00","0","no battery","V"
"07/08/2026","16:37:41","3","default","198787511","O3","219.005","min","175.674","µmol/L","Humid","21.206","deg","134142","µV","23.533","°C","1010.000","hPa","34.2","pmil","0","52.118","deg","21.808","°C","226.700","µmol/L","21.407","deg","20.891","°C","1012.000","hPa","0.861","-0.02056","0.00035","-0.00011","0","14.7","Humid","27.30","0","43.40","195707.35","SABD0002000012","AAV2.0.0.13","1.1.2.0","PSt7-10","000000-000","6/10/2026 14:47:13","0000-00","0","no battery","V"
"07/08/2026","16:38:11","3","default","198787511","O3","219.505","min","175.672","µmol/L","Humid","21.208","deg","134142","µV","23.527","°C","1010.000","hPa","34.2","pmil","0","52.118","deg","21.808","°C","226.700","µmol/L","21.407","deg","20.891","°C","1012.000","hPa","0.861","-0.02056","0.00035","-0.00011","0","14.7","Humid","27.30","0","43.40","195708.92","SABD0002000012","AAV2.0.0.13","1.1.2.0","PSt7-10","000000-000","6/10/2026 14:47:13","0000-00","0","no battery","V"
"07/08/2026","16:38:41","3","default","198787511","O3","220.005","min","175.640","µmol/L","Humid","21.210","deg","134162","µV","23.527","°C","1010.000","hPa","34.2","pmil","0","52.118","deg","21.808","°C","226.700","µmol/L","21.407","deg","20.891","°C","1012.000","hPa","0.861","-0.02056","0.00035","-0.00011","0","14.7","Humid","27.30","0","43.40","195713.16","SABD0002000012","AAV2.0.0.13","1.1.2.0","PSt7-10","000000-000","6/10/2026 14:47:13","0000-00","0","no battery","V"
"07/08/2026","16:39:11","3","default","198787511","O3","220.504","min","175.608","µmol/L","Humid","21.212","deg","134164","µV","23.527","°C","1010.000","hPa","34.2","pmil","0","52.118","deg","21.808","°C","226.700","µmol/L","21.407","deg","20.891","°C","1012.000","hPa","0.861","-0.02056","0.00035","-0.00011","0","14.7","Humid","27.30","0","43.40","195707.33","SABD0002000012","AAV2.0.0.13","1.1.2.0","PSt7-10","000000-000","6/10/2026 14:47:13","0000-00","0","no battery","V"
"07/08/2026","16:39:41","3","default","198787511","O3","221.004","min","175.685","µmol/L","Humid","21.211","deg","134180","µV","23.515","°C","1010.000","hPa","34.2","pmil","0","52.118","deg","21.808","°C","226.700","µmol/L","21.407","deg","20.891","°C","1012.000","hPa","0.861","-0.02056","0.00035","-0.00011","0","14.7","Humid","27.30","0","43.40","195712.10","SABD0002000012","AAV2.0.0.13","1.1.2.0","PSt7-10","000000-000","6/10/2026 14:47:13","0000-00","0","no battery","V"
"07/08/2026","16:40:11","3","default","198787511","O3","221.505","min","175.529","µmol/L","Humid","21.215","deg","134183","µV","23.533","°C","1010.000","hPa","34.2","pmil","0","52.118","deg","21.808","°C","226.700","µmol/L","21.407","deg","20.891","°C","1012.000","hPa","0.861","-0.02056","0.00035","-0.00011","0","14.7","Humid","27.30","0","43.40","195718.94","SABD0002000012","AAV2.0.0.13","1.1.2.0","PSt7-10","000000-000","6/10/2026 14:47:13","0000-00","0","no battery","V"
"07/08/2026","16:40:41","3","default","198787511","O3","222.005","min","175.527","µmol/L","Humid","21.217","deg","134181","µV","23.527","°C","1010.000","hPa","34.2","pmil","0","52.118","deg","21.808","°C","226.700","µmol/L","21.407","deg","20.891","°C","1012.000","hPa","0.861","-0.02056","0.00035","-0.00011","0","14.7","Humid","27.30","0","43.40","195716.22","SABD0002000012","AAV2.0.0.13","1.1.2.0","PSt7-10","000000-000","6/10/2026 14:47:13","0000-00","0","no battery","V"
"07/08/2026","16:41:11","3","default","198787511","O3","222.505","min","175.610","µmol/L","Humid","21.210","deg","134197","µV","23.533","°C","1010.000","hPa","34.2","pmil","0","52.118","deg","21.808","°C","226.700","µmol/L","21.407","deg","20.891","°C","1012.000","hPa","0.861","-0.02056","0.00035","-0.00011","0","14.7","Humid","27.30","0","43.40","195714.80","SABD0002000012","AAV2.0.0.13","1.1.2.0","PSt7-10","000000-000","6/10/2026 14:47:13","0000-00","0","no battery","V"
"07/08/2026","16:41:41","3","default","198787511","O3","223.004","min","175.622","µmol/L","Humid","21.213","deg","134191","µV","23.521","°C","1010.000","hPa","34.2","pmil","0","52.118","deg","21.808","°C","226.700","µmol/L","21.407","deg","20.891","°C","1012.000","hPa","0.861","-0.02056","0.00035","-0.00011","0","14.7","Humid","27.30","0","43.40","195723.09","SABD0002000012","AAV2.0.0.13","1.1.2.0","PSt7-10","000000-000","6/10/2026 14:47:13","0000-00","0","no battery","V"
"07/08/2026","16:42:11","3","default","198787511","O3","223.505","min","175.636","µmol/L","Humid","21.214","deg","134181","µV","23.515","°C","1010.000","hPa","34.2","pmil","0","52.118","deg","21.808","°C","226.700","µmol/L","21.407","deg","20.891","°C","1012.000","hPa","0.861","-0.02056","0.00035","-0.00011","0","14.7","Humid","27.30","0","43.40","195710.00","SABD0002000012","AAV2.0.0.13","1.1.2.0","PSt7-10","000000-000","6/10/2026 14:47:13","0000-00","0","no battery","V"
"07/08/2026","16:42:41","3","default","198787511","O3","224.004","min","175.640","µmol/L","Humid","21.210","deg","134196","µV","23.527","°C","1010.000","hPa","34.2","pmil","0","52.118","deg","21.808","°C","226.700","µmol/L","21.407","deg","20.891","°C","1012.000","hPa","0.861","-0.02056","0.00035","-0.00011","0","14.7","Humid","27.30","0","43.40","195715.60","SABD0002000012","AAV2.0.0.13","1.1.2.0","PSt7-10","000000-000","6/10/2026 14:47:13","0000-00","0","no battery","V"
"07/08/2026","16:43:11","3","default","198787511","O3","224.505","min","175.654","µmol/L","Humid","21.211","deg","134205","µV","23.521","°C","1010.000","hPa","34.2","pmil","0","52.118","deg","21.808","°C","226.700","µmol/L","21.407","deg","20.891","°C","1012.000","hPa","0.861","-0.02056","0.00035","-0.00011","0","14.7","Humid","27.30","0","43.40","195719.38","SABD0002000012","AAV2.0.0.13","1.1.2.0","PSt7-10","000000-000","6/10/2026 14:47:13","0000-00","0","no battery","V"
"07/08/2026","16:43:41","3","default","198787511","O3","225.005","min","175.669","µmol/L","Humid","21.212","deg","134198","µV","23.515","°C","1010.000","hPa","34.2","pmil","0","52.118","deg","21.808","°C","226.700","µmol/L","21.407","deg","20.891","°C","1012.000","hPa","0.861","-0.02056","0.00035","-0.00011","0","14.7","Humid","27.30","0","43.40","195708.17","SABD0002000012","AAV2.0.0.13","1.1.2.0","PSt7-10","000000-000","6/10/2026 14:47:13","0000-00","0","no battery","V"
"07/08/2026","16:44:11","3","default","198787511","O3","225.505","min","175.652","µmol/L","Humid","21.213","deg","134208","µV","23.515","°C","1010.000","hPa","34.2","pmil","0","52.118","deg","21.808","°C","226.700","µmol/L","21.407","deg","20.891","°C","1012.000","hPa","0.861","-0.02056","0.00035","-0.00011","0","14.7","Humid","27.30","0","43.40","195713.52","SABD0002000012","AAV2.0.0.13","1.1.2.0","PSt7-10","000000-000","6/10/2026 14:47:13","0000-00","0","no battery","V"
"07/08/2026","16:44:41","3","default","198787511","O3","226.004","min","175.620","µmol/L","Humid","21.215","deg","134218","µV","23.515","°C","1010.000","hPa","34.2","pmil","0","52.118","deg","21.808","°C","226.700","µmol/L","21.407","deg","20.891","°C","1012.000","hPa","0.861","-0.02056","0.00035","-0.00011","0","14.7","Humid","27.30","0","43.40","195718.31","SABD0002000012","AAV2.0.0.13","1.1.2.0","PSt7-10","000000-000","6/10/2026 14:47:13","0000-00","0","no battery","V"
"07/08/2026","16:45:11","3","default","198787511","O3","226.505","min","175.559","µmol/L","Humid","21.215","deg","134221","µV","23.527","°C","1010.000","hPa","34.2","pmil","0","52.118","deg","21.808","°C","226.700","µmol/L","21.407","deg","20.891","°C","1012.000","hPa","0.861","-0.02056","0.00035","-0.00011","0","14.7","Humid","27.30","0","43.40","195712.79","SABD0002000012","AAV2.0.0.13","1.1.2.0","PSt7-10","000000-000","6/10/2026 14:47:13","0000-00","0","no battery","V"
"07/08/2026","16:45:41","3","default","198787511","O3","227.004","min","175.638","µmol/L","Humid","21.212","deg","134236","µV","23.521","°C","1010.000","hPa","34.2","pmil","0","52.118","deg","21.808","°C","226.700","µmol/L","21.407","deg","20.891","°C","1012.000","hPa","0.861","-0.02056","0.00035","-0.00011","0","14.7","Humid","27.30","0","43.40","195710.88","SABD0002000012","AAV2.0.0.13","1.1.2.0","PSt7-10","000000-000","6/10/2026 14:47:13","0000-00","0","no battery","V"
"07/08/2026","16:46:11","3","default","198787511","O3","227.504","min","175.638","µmol/L","Humid","21.212","deg","134251","µV","23.521","°C","1010.000","hPa","34.2","pmil","0","52.118","deg","21.808","°C","226.700","µmol/L","21.407","deg","20.891","°C","1012.000","hPa","0.861","-0.02056","0.00035","-0.00011","0","14.7","Humid","27.30","0","43.40","195700.63","SABD0002000012","AAV2.0.0.13","1.1.2.0","PSt7-10","000000-000","6/10/2026 14:47:13","0000-00","0","no battery","V"
"07/08/2026","16:46:41","3","default","198787511","O3","228.004","min","175.620","µmol/L","Humid","21.215","deg","134231","µV","23.515","°C","1010.000","hPa","34.2","pmil","0","52.118","deg","21.808","°C","226.700","µmol/L","21.407","deg","20.891","°C","1012.000","hPa","0.861","-0.02056","0.00035","-0.00011","0","14.7","Humid","27.30","0","43.40","195709.20","SABD0002000012","AAV2.0.0.13","1.1.2.0","PSt7-10","000000-000","6/10/2026 14:47:13","0000-00","0","no battery","V"
"07/08/2026","16:47:11","3","default","198787511","O3","228.504","min","175.620","µmol/L","Humid","21.215","deg","134236","µV","23.515","°C","1010.000","hPa","34.2","pmil","0","52.118","deg","21.808","°C","226.700","µmol/L","21.407","deg","20.891","°C","1012.000","hPa","0.861","-0.02056","0.00035","-0.00011","0","14.7","Humid","27.30","0","43.40","195698.63","SABD0002000012","AAV2.0.0.13","1.1.2.0","PSt7-10","000000-000","6/10/2026 14:47:13","0000-00","0","no battery","V"
"07/08/2026","16:47:41","3","default","198787511","O3","229.005","min","175.638","µmol/L","Humid","21.212","deg","134229","µV","23.521","°C","1010.000","hPa","34.2","pmil","0","52.118","deg","21.808","°C","226.700","µmol/L","21.407","deg","20.891","°C","1012.000","hPa","0.861","-0.02056","0.00035","-0.00011","0","14.7","Humid","27.30","0","43.40","195697.97","SABD0002000012","AAV2.0.0.13","1.1.2.0","PSt7-10","000000-000","6/10/2026 14:47:13","0000-00","0","no battery","V"
"07/08/2026","16:48:11","3","default","198787511","O3","229.505","min","175.543","µmol/L","Humid","21.216","deg","134236","µV","23.527","°C","1010.000","hPa","34.2","pmil","0","52.118","deg","21.808","°C","226.700","µmol/L","21.407","deg","20.891","°C","1012.000","hPa","0.861","-0.02056","0.00035","-0.00011","0","14.7","Humid","27.30","0","43.40","195698.20","SABD0002000012","AAV2.0.0.13","1.1.2.0","PSt7-10","000000-000","6/10/2026 14:47:13","0000-00","0","no battery","V"
"07/08/2026","16:48:41","3","default","198787511","O3","230.004","min","175.606","µmol/L","Humid","21.214","deg","134249","µV","23.521","°C","1010.000","hPa","34.2","pmil","0","52.118","deg","21.808","°C","226.700","µmol/L","21.407","deg","20.891","°C","1012.000","hPa","0.861","-0.02056","0.00035","-0.00011","0","14.7","Humid","27.30","0","43.40","195708.98","SABD0002000012","AAV2.0.0.13","1.1.2.0","PSt7-10","000000-000","6/10/2026 14:47:13","0000-00","0","no battery","V"
"07/08/2026","16:49:11","3","default","198787511","O3","230.505","min","175.604","µmol/L","Humid","21.216","deg","134269","µV","23.515","°C","1010.000","hPa","34.2","pmil","0","52.118","deg","21.808","°C","226.700","µmol/L","21.407","deg","20.891","°C","1012.000","hPa","0.861","-0.02056","0.00035","-0.00011","0","14.7","Humid","27.30","0","43.40","195711.05","SABD0002000012","AAV2.0.0.13","1.1.2.0","PSt7-10","000000-000","6/10/2026 14:47:13","0000-00","0","no battery","V"
"07/08/2026","16:49:41","3","default","198787511","O3","231.005","min","175.634","µmol/L","Humid","21.216","deg","134270","µV","23.509","°C","1010.000","hPa","34.2","pmil","0","52.118","deg","21.808","°C","226.700","µmol/L","21.407","deg","20.891","°C","1012.000","hPa","0.861","-0.02056","0.00035","-0.00011","0","14.7","Humid","27.30","0","43.40","195711.26","SABD0002000012","AAV2.0.0.13","1.1.2.0","PSt7-10","000000-000","6/10/2026 14:47:13","0000-00","0","no battery","V"
"07/08/2026","16:50:11","3","default","198787511","O3","231.505","min","175.650","µmol/L","Humid","21.215","deg","134284","µV","23.509","°C","1010.000","hPa","34.2","pmil","0","52.118","deg","21.808","°C","226.700","µmol/L","21.407","deg","20.891","°C","1012.000","hPa","0.861","-0.02056","0.00035","-0.00011","0","14.7","Humid","27.30","0","43.40","195718.24","SABD0002000012","AAV2.0.0.13","1.1.2.0","PSt7-10","000000-000","6/10/2026 14:47:13","0000-00","0","no battery","V"
"07/08/2026","16:50:41","3","default","198787511","O3","232.005","min","175.669","µmol/L","Humid","21.212","deg","134292","µV","23.515","°C","1010.000","hPa","34.2","pmil","0","52.118","deg","21.808","°C","226.700","µmol/L","21.407","deg","20.891","°C","1012.000","hPa","0.861","-0.02056","0.00035","-0.00011","0","14.7","Humid","27.30","0","43.40","195703.60","SABD0002000012","AAV2.0.0.13","1.1.2.0","PSt7-10","000000-000","6/10/2026 14:47:13","0000-00","0","no battery","V"
"07/08/2026","16:51:11","3","default","198787511","O3","232.504","min","175.588","µmol/L","Humid","21.217","deg","134285","µV","23.515","°C","1010.000","hPa","34.2","pmil","0","52.118","deg","21.808","°C","226.700","µmol/L","21.407","deg","20.891","°C","1012.000","hPa","0.861","-0.02056","0.00035","-0.00011","0","14.7","Humid","27.30","0","43.40","195715.25","SABD0002000012","AAV2.0.0.13","1.1.2.0","PSt7-10","000000-000","6/10/2026 14:47:13","0000-00","0","no battery","V"
"07/08/2026","16:51:41","3","default","198787511","O3","233.004","min","175.555","µmol/L","Humid","21.219","deg","134284","µV","23.515","°C","1010.000","hPa","34.2","pmil","0","52.118","deg","21.808","°C","226.700","µmol/L","21.407","deg","20.891","°C","1012.000","hPa","0.861","-0.02056","0.00035","-0.00011","0","14.7","Humid","27.30","0","43.40","195715.13","SABD0002000012","AAV2.0.0.13","1.1.2.0","PSt7-10","000000-000","6/10/2026 14:47:13","0000-00","0","no battery","V"
"07/08/2026","16:52:11","3","default","198787511","O3","233.505","min","175.650","µmol/L","Humid","21.215","deg","134225","µV","23.509","°C","1010.000","hPa","34.2","pmil","0","52.118","deg","21.808","°C","226.700","µmol/L","21.407","deg","20.891","°C","1012.000","hPa","0.861","-0.02056","0.00035","-0.00011","0","14.7","Humid","27.30","0","43.40","195707.99","SABD0002000012","AAV2.0.0.13","1.1.2.0","PSt7-10","000000-000","6/10/2026 14:47:13","0000-00","0","no battery","V"
"07/08/2026","16:52:41","3","default","198787511","O3","234.005","min","175.697","µmol/L","Humid","21.214","deg","134230","µV","23.503","°C","1010.000","hPa","34.2","pmil","0","52.118","deg","21.808","°C","226.700","µmol/L","21.407","deg","20.891","°C","1012.000","hPa","0.861","-0.02056","0.00035","-0.00011","0","14.7","Humid","27.30","0","43.40","195704.70","SABD0002000012","AAV2.0.0.13","1.1.2.0","PSt7-10","000000-000","6/10/2026 14:47:13","0000-00","0","no battery","V"
"07/08/2026","16:53:11","3","default","198787511","O3","234.504","min","175.715","µmol/L","Humid","21.211","deg","134202","µV","23.509","°C","1010.000","hPa","34.2","pmil","0","52.118","deg","21.808","°C","226.700","µmol/L","21.407","deg","20.891","°C","1012.000","hPa","0.861","-0.02056","0.00035","-0.00011","0","14.7","Humid","27.30","0","43.40","195716.67","SABD0002000012","AAV2.0.0.13","1.1.2.0","PSt7-10","000000-000","6/10/2026 14:47:13","0000-00","0","no battery","V"
"07/08/2026","16:53:41","3","default","198787511","O3","235.004","min","175.729","µmol/L","Humid","21.212","deg","134190","µV","23.503","°C","1010.000","hPa","34.2","pmil","0","52.118","deg","21.808","°C","226.700","µmol/L","21.407","deg","20.891","°C","1012.000","hPa","0.861","-0.02056","0.00035","-0.00011","0","14.7","Humid","27.30","0","43.40","195704.14","SABD0002000012","AAV2.0.0.13","1.1.2.0","PSt7-10","000000-000","6/10/2026 14:47:13","0000-00","0","no battery","V"
"07/08/2026","16:54:11","3","default","198787511","O3","235.505","min","176.005","µmol/L","Humid","21.195","deg","134080","µV","23.503","°C","1010.000","hPa","34.2","pmil","0","52.118","deg","21.808","°C","226.700","µmol/L","21.407","deg","20.891","°C","1012.000","hPa","0.861","-0.02056","0.00035","-0.00011","0","14.7","Humid","27.30","0","43.40","195718.57","SABD0002000012","AAV2.0.0.13","1.1.2.0","PSt7-10","000000-000","6/10/2026 14:47:13","0000-00","0","no battery","V"
"07/08/2026","16:54:41","3","default","198787511","O3","236.005","min","175.845","µmol/L","Humid","21.203","deg","134166","µV","23.509","°C","1010.000","hPa","34.2","pmil","0","52.118","deg","21.808","°C","226.700","µmol/L","21.407","deg","20.891","°C","1012.000","hPa","0.861","-0.02056","0.00035","-0.00011","0","14.7","Humid","27.30","0","43.40","195712.17","SABD0002000012","AAV2.0.0.13","1.1.2.0","PSt7-10","000000-000","6/10/2026 14:47:13","0000-00","0","no battery","V"
"07/08/2026","16:55:11","3","default","198787511","O3","236.505","min","175.808","µmol/L","Humid","21.209","deg","134175","µV","23.497","°C","1010.000","hPa","34.2","pmil","0","52.118","deg","21.808","°C","226.700","µmol/L","21.407","deg","20.891","°C","1012.000","hPa","0.861","-0.02056","0.00035","-0.00011","0","14.7","Humid","27.30","0","43.40","195706.68","SABD0002000012","AAV2.0.0.13","1.1.2.0","PSt7-10","000000-000","6/10/2026 14:47:13","0000-00","0","no battery","V"
"07/08/2026","16:55:41","3","default","198787511","O3","237.004","min","175.762","µmol/L","Humid","21.210","deg","134189","µV","23.503","°C","1010.000","hPa","34.2","pmil","0","52.118","deg","21.808","°C","226.700","µmol/L","21.407","deg","20.891","°C","1012.000","hPa","0.861","-0.02056","0.00035","-0.00011","0","14.7","Humid","27.30","0","43.40","195707.81","SABD0002000012","AAV2.0.0.13","1.1.2.0","PSt7-10","000000-000","6/10/2026 14:47:13","0000-00","0","no battery","V"
"07/08/2026","16:56:11","3","default","198787511","O3","237.505","min","175.825","µmol/L","Humid","21.208","deg","134191","µV","23.497","°C","1010.000","hPa","34.2","pmil","0","52.118","deg","21.808","°C","226.700","µmol/L","21.407","deg","20.891","°C","1012.000","hPa","0.861","-0.02056","0.00035","-0.00011","0","14.7","Humid","27.30","0","43.40","195713.41","SABD0002000012","AAV2.0.0.13","1.1.2.0","PSt7-10","000000-000","6/10/2026 14:47:13","0000-00","0","no battery","V"
"07/08/2026","16:56:41","3","default","198787511","O3","238.005","min","175.778","µmol/L","Humid","21.209","deg","134203","µV","23.503","°C","1010.000","hPa","34.2","pmil","0","52.118","deg","21.808","°C","226.700","µmol/L","21.407","deg","20.891","°C","1012.000","hPa","0.861","-0.02056","0.00035","-0.00011","0","14.7","Humid","27.30","0","43.40","195705.90","SABD0002000012","AAV2.0.0.13","1.1.2.0","PSt7-10","000000-000","6/10/2026 14:47:13","0000-00","0","no battery","V"
"07/08/2026","16:57:11","3","default","198787511","O3","238.505","min","175.808","µmol/L","Humid","21.209","deg","134197","µV","23.497","°C","1010.000","hPa","34.2","pmil","0","52.118","deg","21.808","°C","226.700","µmol/L","21.407","deg","20.891","°C","1012.000","hPa","0.861","-0.02056","0.00035","-0.00011","0","14.7","Humid","27.30","0","43.40","195707.83","SABD0002000012","AAV2.0.0.13","1.1.2.0","PSt7-10","000000-000","6/10/2026 14:47:13","0000-00","0","no battery","V"
"07/08/2026","16:57:41","3","default","198787511","O3","239.004","min","175.776","µmol/L","Humid","21.211","deg","134213","µV","23.497","°C","1010.000","hPa","34.2","pmil","0","52.118","deg","21.808","°C","226.700","µmol/L","21.407","deg","20.891","°C","1012.000","hPa","0.861","-0.02056","0.00035","-0.00011","0","14.7","Humid","27.30","0","43.40","195721.48","SABD0002000012","AAV2.0.0.13","1.1.2.0","PSt7-10","000000-000","6/10/2026 14:47:13","0000-00","0","no battery","V"
"07/08/2026","16:58:11","3","default","198787511","O3","239.505","min","175.744","µmol/L","Humid","21.213","deg","134230","µV","23.497","°C","1010.000","hPa","34.2","pmil","0","52.118","deg","21.808","°C","226.700","µmol/L","21.407","deg","20.891","°C","1012.000","hPa","0.861","-0.02056","0.00035","-0.00011","0","14.7","Humid","27.30","0","43.40","195711.96","SABD0002000012","AAV2.0.0.13","1.1.2.0","PSt7-10","000000-000","6/10/2026 14:47:13","0000-00","0","no battery","V"
"07/08/2026","16:58:41","3","default","198787511","O3","240.005","min","175.774","µmol/L","Humid","21.213","deg","134227","µV","23.491","°C","1010.000","hPa","34.2","pmil","0","52.118","deg","21.808","°C","226.700","µmol/L","21.407","deg","20.891","°C","1012.000","hPa","0.861","-0.02056","0.00035","-0.00011","0","14.7","Humid","27.30","0","43.40","195705.00","SABD0002000012","AAV2.0.0.13","1.1.2.0","PSt7-10","000000-000","6/10/2026 14:47:13","0000-00","0","no battery","V"
"07/08/2026","16:59:11","3","default","198787511","O3","240.504","min","175.802","µmol/L","Humid","21.215","deg","134236","µV","23.478","°C","1010.000","hPa","34.2","pmil","0","52.118","deg","21.808","°C","226.700","µmol/L","21.407","deg","20.891","°C","1012.000","hPa","0.861","-0.02056","0.00035","-0.00011","0","14.7","Humid","27.30","0","43.40","195709.28","SABD0002000012","AAV2.0.0.13","1.1.2.0","PSt7-10","000000-000","6/10/2026 14:47:13","0000-00","0","no battery","V"
"07/08/2026","16:59:41","3","default","198787511","O3","241.005","min","175.801","µmol/L","Humid","21.217","deg","134227","µV","23.472","°C","1010.000","hPa","34.2","pmil","0","52.118","deg","21.808","°C","226.700","µmol/L","21.407","deg","20.891","°C","1012.000","hPa","0.861","-0.02056","0.00035","-0.00011","0","14.7","Humid","27.30","0","43.40","195702.48","SABD0002000012","AAV2.0.0.13","1.1.2.0","PSt7-10","000000-000","6/10/2026 14:47:13","0000-00","0","no battery","V"
"07/08/2026","17:00:11","3","default","198787511","O3","241.505","min","175.851","µmol/L","Humid","21.212","deg","134216","µV","23.478","°C","1010.000","hPa","34.2","pmil","0","52.118","deg","21.808","°C","226.700","µmol/L","21.407","deg","20.891","°C","1012.000","hPa","0.861","-0.02056","0.00035","-0.00011","0","14.7","Humid","27.30","0","43.40","195712.24","SABD0002000012","AAV2.0.0.13","1.1.2.0","PSt7-10","000000-000","6/10/2026 14:47:13","0000-00","0","no battery","V"
"07/08/2026","17:00:41","3","default","198787511","O3","242.005","min","175.772","µmol/L","Humid","21.215","deg","134233","µV","23.484","°C","1010.000","hPa","34.2","pmil","0","52.118","deg","21.808","°C","226.700","µmol/L","21.407","deg","20.891","°C","1012.000","hPa","0.861","-0.02056","0.00035","-0.00011","0","14.7","Humid","27.30","0","43.40","195716.26","SABD0002000012","AAV2.0.0.13","1.1.2.0","PSt7-10","000000-000","6/10/2026 14:47:13","0000-00","0","no battery","V"
"07/08/2026","17:01:11","3","default","198787511","O3","242.504","min","175.772","µmol/L","Humid","21.215","deg","134239","µV","23.484","°C","1010.000","hPa","34.2","pmil","0","52.118","deg","21.808","°C","226.700","µmol/L","21.407","deg","20.891","°C","1012.000","hPa","0.861","-0.02056","0.00035","-0.00011","0","14.7","Humid","27.30","0","43.40","195698.70","SABD0002000012","AAV2.0.0.13","1.1.2.0","PSt7-10","000000-000","6/10/2026 14:47:13","0000-00","0","no battery","V"
"07/08/2026","17:01:41","3","default","198787511","O3","243.004","min","175.802","µmol/L","Humid","21.215","deg","134242","µV","23.478","°C","1010.000","hPa","34.2","pmil","0","52.118","deg","21.808","°C","226.700","µmol/L","21.407","deg","20.891","°C","1012.000","hPa","0.861","-0.02056","0.00035","-0.00011","0","14.7","Humid","27.30","0","43.40","195707.78","SABD0002000012","AAV2.0.0.13","1.1.2.0","PSt7-10","000000-000","6/10/2026 14:47:13","0000-00","0","no battery","V"
"07/08/2026","17:02:11","3","default","198787511","O3","243.504","min","175.819","µmol/L","Humid","21.214","deg","134247","µV","23.478","°C","1010.000","hPa","34.2","pmil","0","52.118","deg","21.808","°C","226.700","µmol/L","21.407","deg","20.891","°C","1012.000","hPa","0.861","-0.02056","0.00035","-0.00011","0","14.7","Humid","27.30","0","43.40","195709.82","SABD0002000012","AAV2.0.0.13","1.1.2.0","PSt7-10","000000-000","6/10/2026 14:47:13","0000-00","0","no battery","V"
"07/08/2026","17:02:41","3","default","198787511","O3","244.005","min","175.817","µmol/L","Humid","21.216","deg","134247","µV","23.472","°C","1010.000","hPa","34.2","pmil","0","52.118","deg","21.808","°C","226.700","µmol/L","21.407","deg","20.891","°C","1012.000","hPa","0.861","-0.02056","0.00035","-0.00011","0","14.7","Humid","27.30","0","43.40","195715.70","SABD0002000012","AAV2.0.0.13","1.1.2.0","PSt7-10","000000-000","6/10/2026 14:47:13","0000-00","0","no battery","V"
"07/08/2026","17:03:11","3","default","198787511","O3","244.505","min","175.833","µmol/L","Humid","21.215","deg","134263","µV","23.472","°C","1010.000","hPa","34.2","pmil","0","52.118","deg","21.808","°C","226.700","µmol/L","21.407","deg","20.891","°C","1012.000","hPa","0.861","-0.02056","0.00035","-0.00011","0","14.7","Humid","27.30","0","43.40","195721.19","SABD0002000012","AAV2.0.0.13","1.1.2.0","PSt7-10","000000-000","6/10/2026 14:47:13","0000-00","0","no battery","V"
"07/08/2026","17:03:41","3","default","198787511","O3","245.005","min","175.801","µmol/L","Humid","21.217","deg","134276","µV","23.472","°C","1010.000","hPa","34.2","pmil","0","52.118","deg","21.808","°C","226.700","µmol/L","21.407","deg","20.891","°C","1012.000","hPa","0.861","-0.02056","0.00035","-0.00011","0","14.7","Humid","27.30","0","43.40","195714.11","SABD0002000012","AAV2.0.0.13","1.1.2.0","PSt7-10","000000-000","6/10/2026 14:47:13","0000-00","0","no battery","V"
"07/08/2026","17:04:11","3","default","198787511","O3","245.505","min","175.801","µmol/L","Humid","21.217","deg","134266","µV","23.472","°C","1010.000","hPa","34.2","pmil","0","52.118","deg","21.808","°C","226.700","µmol/L","21.407","deg","20.891","°C","1012.000","hPa","0.861","-0.02056","0.00035","-0.00011","0","14.7","Humid","27.30","0","43.40","195705.52","SABD0002000012","AAV2.0.0.13","1.1.2.0","PSt7-10","000000-000","6/10/2026 14:47:13","0000-00","0","no battery","V"
"07/08/2026","17:04:41","3","default","198787511","O3","246.004","min","175.768","µmol/L","Humid","21.219","deg","134284","µV","23.472","°C","1010.000","hPa","34.2","pmil","0","52.118","deg","21.808","°C","226.700","µmol/L","21.407","deg","20.891","°C","1012.000","hPa","0.861","-0.02056","0.00035","-0.00011","0","14.7","Humid","27.30","0","43.40","195707.81","SABD0002000012","AAV2.0.0.13","1.1.2.0","PSt7-10","000000-000","6/10/2026 14:47:13","0000-00","0","no battery","V"
"07/08/2026","17:05:11","3","default","198787511","O3","246.505","min","175.752","µmol/L","Humid","21.220","deg","134295","µV","23.472","°C","1010.000","hPa","34.2","pmil","0","52.118","deg","21.808","°C","226.700","µmol/L","21.407","deg","20.891","°C","1012.000","hPa","0.861","-0.02056","0.00035","-0.00011","0","14.7","Humid","27.30","0","43.40","195709.73","SABD0002000012","AAV2.0.0.13","1.1.2.0","PSt7-10","000000-000","6/10/2026 14:47:13","0000-00","0","no battery","V"
"07/08/2026","17:05:41","3","default","198787511","O3","247.005","min","175.655","µmol/L","Humid","21.226","deg","134307","µV","23.472","°C","1010.000","hPa","34.2","pmil","0","52.118","deg","21.808","°C","226.700","µmol/L","21.407","deg","20.891","°C","1012.000","hPa","0.861","-0.02056","0.00035","-0.00011","0","14.7","Humid","27.30","0","43.40","195705.08","SABD0002000012","AAV2.0.0.13","1.1.2.0","PSt7-10","000000-000","6/10/2026 14:47:13","0000-00","0","no battery","V"
"07/08/2026","17:06:11","3","default","198787511","O3","247.504","min","175.748","µmol/L","Humid","21.224","deg","134313","µV","23.460","°C","1010.000","hPa","34.2","pmil","0","52.118","deg","21.808","°C","226.700","µmol/L","21.407","deg","20.891","°C","1012.000","hPa","0.861","-0.02056","0.00035","-0.00011","0","14.7","Humid","27.30","0","43.40","195699.54","SABD0002000012","AAV2.0.0.13","1.1.2.0","PSt7-10","000000-000","6/10/2026 14:47:13","0000-00","0","no battery","V"
"07/08/2026","17:06:41","3","default","198787511","O3","248.004","min","175.703","µmol/L","Humid","21.223","deg","134314","µV","23.472","°C","1010.000","hPa","34.2","pmil","0","52.118","deg","21.808","°C","226.700","µmol/L","21.407","deg","20.891","°C","1012.000","hPa","0.861","-0.02056","0.00035","-0.00011","0","14.7","Humid","27.30","0","43.40","195700.68","SABD0002000012","AAV2.0.0.13","1.1.2.0","PSt7-10","000000-000","6/10/2026 14:47:13","0000-00","0","no battery","V"
"07/08/2026","17:07:11","3","default","198787511","O3","248.504","min","175.639","µmol/L","Humid","21.227","deg","134315","µV","23.472","°C","1010.000","hPa","34.2","pmil","0","52.118","deg","21.808","°C","226.700","µmol/L","21.407","deg","20.891","°C","1012.000","hPa","0.861","-0.02056","0.00035","-0.00011","0","14.7","Humid","27.30","0","43.40","195706.01","SABD0002000012","AAV2.0.0.13","1.1.2.0","PSt7-10","000000-000","6/10/2026 14:47:13","0000-00","0","no battery","V"
"07/08/2026","17:07:41","3","default","198787511","O3","249.004","min","175.687","µmol/L","Humid","21.224","deg","134312","µV","23.472","°C","1010.000","hPa","34.2","pmil","0","52.118","deg","21.808","°C","226.700","µmol/L","21.407","deg","20.891","°C","1012.000","hPa","0.861","-0.02056","0.00035","-0.00011","0","14.7","Humid","27.30","0","43.40","195705.70","SABD0002000012","AAV2.0.0.13","1.1.2.0","PSt7-10","000000-000","6/10/2026 14:47:13","0000-00","0","no battery","V"
"07/08/2026","17:08:11","3","default","198787511","O3","249.505","min","175.815","µmol/L","Humid","21.218","deg","134297","µV","23.466","°C","1010.000","hPa","34.2","pmil","0","52.118","deg","21.808","°C","226.700","µmol/L","21.407","deg","20.891","°C","1012.000","hPa","0.861","-0.02056","0.00035","-0.00011","0","14.7","Humid","27.30","0","43.40","195709.12","SABD0002000012","AAV2.0.0.13","1.1.2.0","PSt7-10","000000-000","6/10/2026 14:47:13","0000-00","0","no battery","V"
"07/08/2026","17:08:41","3","default","198787511","O3","250.005","min","175.782","µmol/L","Humid","21.220","deg","134253","µV","23.466","°C","1010.000","hPa","34.2","pmil","0","52.118","deg","21.808","°C","226.700","µmol/L","21.407","deg","20.891","°C","1012.000","hPa","0.861","-0.02056","0.00035","-0.00011","0","14.7","Humid","27.30","0","43.40","195695.18","SABD0002000012","AAV2.0.0.13","1.1.2.0","PSt7-10","000000-000","6/10/2026 14:47:13","0000-00","0","no battery","V"
"07/08/2026","17:09:11","3","default","198787511","O3","250.504","min","175.847","µmol/L","Humid","21.216","deg","134220","µV","23.466","°C","1010.000","hPa","34.2","pmil","0","52.118","deg","21.808","°C","226.700","µmol/L","21.407","deg","20.891","°C","1012.000","hPa","0.861","-0.02056","0.00035","-0.00011","0","14.7","Humid","27.30","0","43.40","195695.07","SABD0002000012","AAV2.0.0.13","1.1.2.0","PSt7-10","000000-000","6/10/2026 14:47:13","0000-00","0","no battery","V"
"07/08/2026","17:09:41","3","default","198787511","O3","251.005","min","175.912","µmol/L","Humid","21.212","deg","134223","µV","23.466","°C","1010.000","hPa","34.2","pmil","0","52.118","deg","21.808","°C","226.700","µmol/L","21.407","deg","20.891","°C","1012.000","hPa","0.861","-0.02056","0.00035","-0.00011","0","14.7","Humid","27.30","0","43.40","195697.67","SABD0002000012","AAV2.0.0.13","1.1.2.0","PSt7-10","000000-000","6/10/2026 14:47:13","0000-00","0","no battery","V"
"07/08/2026","17:10:11","3","default","198787511","O3","251.504","min","175.878","µmol/L","Humid","21.216","deg","134247","µV","23.460","°C","1010.000","hPa","34.2","pmil","0","52.118","deg","21.808","°C","226.700","µmol/L","21.407","deg","20.891","°C","1012.000","hPa","0.861","-0.02056","0.00035","-0.00011","0","14.7","Humid","27.30","0","43.40","195699.90","SABD0002000012","AAV2.0.0.13","1.1.2.0","PSt7-10","000000-000","6/10/2026 14:47:13","0000-00","0","no battery","V"
"07/08/2026","17:10:41","3","default","198787511","O3","252.004","min","175.797","µmol/L","Humid","21.221","deg","134258","µV","23.460","°C","1010.000","hPa","34.2","pmil","0","52.118","deg","21.808","°C","226.700","µmol/L","21.407","deg","20.891","°C","1012.000","hPa","0.861","-0.02056","0.00035","-0.00011","0","14.7","Humid","27.30","0","43.40","195686.45","SABD0002000012","AAV2.0.0.13","1.1.2.0","PSt7-10","000000-000","6/10/2026 14:47:13","0000-00","0","no battery","V"
"07/08/2026","17:11:11","3","default","198787511","O3","252.505","min","175.766","µmol/L","Humid","21.221","deg","134275","µV","23.466","°C","1010.000","hPa","34.2","pmil","0","52.118","deg","21.808","°C","226.700","µmol/L","21.407","deg","20.891","°C","1012.000","hPa","0.861","-0.02056","0.00035","-0.00011","0","14.7","Humid","27.30","0","43.40","195702.62","SABD0002000012","AAV2.0.0.13","1.1.2.0","PSt7-10","000000-000","6/10/2026 14:47:13","0000-00","0","no battery","V"
"07/08/2026","17:11:41","3","default","198787511","O3","253.005","min","175.797","µmol/L","Humid","21.221","deg","134282","µV","23.460","°C","1010.000","hPa","34.2","pmil","0","52.118","deg","21.808","°C","226.700","µmol/L","21.407","deg","20.891","°C","1012.000","hPa","0.861","-0.02056","0.00035","-0.00011","0","14.7","Humid","27.30","0","43.40","195707.59","SABD0002000012","AAV2.0.0.13","1.1.2.0","PSt7-10","000000-000","6/10/2026 14:47:13","0000-00","0","no battery","V"
"07/08/2026","17:12:11","3","default","198787511","O3","253.504","min","175.764","µmol/L","Humid","21.223","deg","134281","µV","23.460","°C","1010.000","hPa","34.2","pmil","0","52.118","deg","21.808","°C","226.700","µmol/L","21.407","deg","20.891","°C","1012.000","hPa","0.861","-0.02056","0.00035","-0.00011","0","14.7","Humid","27.30","0","43.40","195703.03","SABD0002000012","AAV2.0.0.13","1.1.2.0","PSt7-10","000000-000","6/10/2026 14:47:13","0000-00","0","no battery","V"
"07/08/2026","17:12:41","3","default","198787511","O3","254.004","min","175.797","µmol/L","Humid","21.221","deg","134296","µV","23.460","°C","1010.000","hPa","34.2","pmil","0","52.118","deg","21.808","°C","226.700","µmol/L","21.407","deg","20.891","°C","1012.000","hPa","0.861","-0.02056","0.00035","-0.00011","0","14.7","Humid","27.30","0","43.40","195707.01","SABD0002000012","AAV2.0.0.13","1.1.2.0","PSt7-10","000000-000","6/10/2026 14:47:13","0000-00","0","no battery","V"
"07/08/2026","17:13:11","3","default","198787511","O3","254.505","min","175.748","µmol/L","Humid","21.224","deg","134301","µV","23.460","°C","1010.000","hPa","34.2","pmil","0","52.118","deg","21.808","°C","226.700","µmol/L","21.407","deg","20.891","°C","1012.000","hPa","0.861","-0.02056","0.00035","-0.00011","0","14.7","Humid","27.30","0","43.40","195703.08","SABD0002000012","AAV2.0.0.13","1.1.2.0","PSt7-10","000000-000","6/10/2026 14:47:13","0000-00","0","no battery","V"
"07/08/2026","17:13:41","3","default","198787511","O3","255.005","min","175.762","µmol/L","Humid","21.225","deg","134324","µV","23.454","°C","1010.000","hPa","34.2","pmil","0","52.118","deg","21.808","°C","226.700","µmol/L","21.407","deg","20.891","°C","1012.000","hPa","0.861","-0.02056","0.00035","-0.00011","0","14.7","Humid","27.30","0","43.40","195700.85","SABD0002000012","AAV2.0.0.13","1.1.2.0","PSt7-10","000000-000","6/10/2026 14:47:13","0000-00","0","no battery","V"
"07/08/2026","17:14:11","3","default","198787511","O3","255.504","min","175.718","µmol/L","Humid","21.224","deg","134333","µV","23.466","°C","1010.000","hPa","34.2","pmil","0","52.118","deg","21.808","°C","226.700","µmol/L","21.407","deg","20.891","°C","1012.000","hPa","0.861","-0.02056","0.00035","-0.00011","0","14.7","Humid","27.30","0","43.40","195702.98","SABD0002000012","AAV2.0.0.13","1.1.2.0","PSt7-10","000000-000","6/10/2026 14:47:13","0000-00","0","no battery","V"
"07/08/2026","17:14:41","3","default","198787511","O3","256.005","min","175.762","µmol/L","Humid","21.225","deg","134335","µV","23.454","°C","1010.000","hPa","34.2","pmil","0","52.118","deg","21.808","°C","226.700","µmol/L","21.407","deg","20.891","°C","1012.000","hPa","0.861","-0.02056","0.00035","-0.00011","0","14.7","Humid","27.30","0","43.40","195707.18","SABD0002000012","AAV2.0.0.13","1.1.2.0","PSt7-10","000000-000","6/10/2026 14:47:13","0000-00","0","no battery","V"
"07/08/2026","17:15:11","3","default","198787511","O3","256.505","min","175.748","µmol/L","Humid","21.224","deg","134338","µV","23.460","°C","1010.000","hPa","34.2","pmil","0","52.118","deg","21.808","°C","226.700","µmol/L","21.407","deg","20.891","°C","1012.000","hPa","0.861","-0.02056","0.00035","-0.00011","0","14.7","Humid","27.30","0","43.40","195701.75","SABD0002000012","AAV2.0.0.13","1.1.2.0","PSt7-10","000000-000","6/10/2026 14:47:13","0000-00","0","no battery","V"
"07/08/2026","17:15:41","3","default","198787511","O3","257.005","min","175.681","µmol/L","Humid","21.230","deg","134350","µV","23.454","°C","1010.000","hPa","34.2","pmil","0","52.118","deg","21.808","°C","226.700","µmol/L","21.407","deg","20.891","°C","1012.000","hPa","0.861","-0.02056","0.00035","-0.00011","0","14.7","Humid","27.30","0","43.40","195703.10","SABD0002000012","AAV2.0.0.13","1.1.2.0","PSt7-10","000000-000","6/10/2026 14:47:13","0000-00","0","no battery","V"
"07/08/2026","17:16:11","3","default","198787511","O3","257.505","min","175.665","µmol/L","Humid","21.231","deg","134353","µV","23.454","°C","1010.000","hPa","34.2","pmil","0","52.118","deg","21.808","°C","226.700","µmol/L","21.407","deg","20.891","°C","1012.000","hPa","0.861","-0.02056","0.00035","-0.00011","0","14.7","Humid","27.30","0","43.40","195714.53","SABD0002000012","AAV2.0.0.13","1.1.2.0","PSt7-10","000000-000","6/10/2026 14:47:13","0000-00","0","no battery","V"
"07/08/2026","17:16:41","3","default","198787511","O3","258.004","min","175.696","µmol/L","Humid","21.231","deg","134351","µV","23.448","°C","1010.000","hPa","34.2","pmil","0","52.118","deg","21.808","°C","226.700","µmol/L","21.407","deg","20.891","°C","1012.000","hPa","0.861","-0.02056","0.00035","-0.00011","0","14.7","Humid","27.30","0","43.40","195700.98","SABD0002000012","AAV2.0.0.13","1.1.2.0","PSt7-10","000000-000","6/10/2026 14:47:13","0000-00","0","no battery","V"
"07/08/2026","17:17:11","3","default","198787511","O3","258.504","min","175.746","µmol/L","Humid","21.226","deg","134344","µV","23.454","°C","1010.000","hPa","34.2","pmil","0","52.118","deg","21.808","°C","226.700","µmol/L","21.407","deg","20.891","°C","1012.000","hPa","0.861","-0.02056","0.00035","-0.00011","0","14.7","Humid","27.30","0","43.40","195702.04","SABD0002000012","AAV2.0.0.13","1.1.2.0","PSt7-10","000000-000","6/10/2026 14:47:13","0000-00","0","no battery","V"
"07/08/2026","17:17:41","3","default","198787511","O3","259.004","min","175.712","µmol/L","Humid","21.230","deg","134348","µV","23.448","°C","1010.000","hPa","34.2","pmil","0","52.118","deg","21.808","°C","226.700","µmol/L","21.407","deg","20.891","°C","1012.000","hPa","0.861","-0.02056","0.00035","-0.00011","0","14.7","Humid","27.30","0","43.40","195705.40","SABD0002000012","AAV2.0.0.13","1.1.2.0","PSt7-10","000000-000","6/10/2026 14:47:13","0000-00","0","no battery","V"
"07/08/2026","17:18:11","3","default","198787511","O3","259.505","min","175.601","µmol/L","Humid","21.235","deg","134349","µV","23.454","°C","1010.000","hPa","34.2","pmil","0","52.118","deg","21.808","°C","226.700","µmol/L","21.407","deg","20.891","°C","1012.000","hPa","0.861","-0.02056","0.00035","-0.00011","0","14.7","Humid","27.30","0","43.40","195709.49","SABD0002000012","AAV2.0.0.13","1.1.2.0","PSt7-10","000000-000","6/10/2026 14:47:13","0000-00","0","no battery","V"
"07/08/2026","17:18:41","3","default","198787511","O3","260.005","min","175.712","µmol/L","Humid","21.230","deg","134367","µV","23.448","°C","1010.000","hPa","34.2","pmil","0","52.118","deg","21.808","°C","226.700","µmol/L","21.407","deg","20.891","°C","1012.000","hPa","0.861","-0.02056","0.00035","-0.00011","0","14.7","Humid","27.30","0","43.40","195712.71","SABD0002000012","AAV2.0.0.13","1.1.2.0","PSt7-10","000000-000","6/10/2026 14:47:13","0000-00","0","no battery","V"
"07/08/2026","17:19:11","3","default","198787511","O3","260.505","min","175.728","µmol/L","Humid","21.229","deg","134371","µV","23.448","°C","1010.000","hPa","34.2","pmil","0","52.118","deg","21.808","°C","226.700","µmol/L","21.407","deg","20.891","°C","1012.000","hPa","0.861","-0.02056","0.00035","-0.00011","0","14.7","Humid","27.30","0","43.40","195710.22","SABD0002000012","AAV2.0.0.13","1.1.2.0","PSt7-10","000000-000","6/10/2026 14:47:13","0000-00","0","no battery","V"
"07/08/2026","17:19:41","3","default","198787511","O3","261.004","min","175.791","µmol/L","Humid","21.227","deg","134373","µV","23.442","°C","1010.000","hPa","34.2","pmil","0","52.118","deg","21.808","°C","226.700","µmol/L","21.407","deg","20.891","°C","1012.000","hPa","0.861","-0.02056","0.00035","-0.00011","0","14.7","Humid","27.30","0","43.40","195707.83","SABD0002000012","AAV2.0.0.13","1.1.2.0","PSt7-10","000000-000","6/10/2026 14:47:13","0000-00","0","no battery","V"
"07/08/2026","17:20:11","3","default","198787511","O3","261.505","min","175.631","µmol/L","Humid","21.235","deg","134383","µV","23.448","°C","1010.000","hPa","34.2","pmil","0","52.118","deg","21.808","°C","226.700","µmol/L","21.407","deg","20.891","°C","1012.000","hPa","0.861","-0.02056","0.00035","-0.00011","0","14.7","Humid","27.30","0","43.40","195704.71","SABD0002000012","AAV2.0.0.13","1.1.2.0","PSt7-10","000000-000","6/10/2026 14:47:13","0000-00","0","no battery","V"
"07/08/2026","17:20:41","3","default","198787511","O3","262.005","min","175.726","µmol/L","Humid","21.231","deg","134378","µV","23.442","°C","1010.000","hPa","34.2","pmil","0","52.118","deg","21.808","°C","226.700","µmol/L","21.407","deg","20.891","°C","1012.000","hPa","0.861","-0.02056","0.00035","-0.00011","0","14.7","Humid","27.30","0","43.40","195705.20","SABD0002000012","AAV2.0.0.13","1.1.2.0","PSt7-10","000000-000","6/10/2026 14:47:13","0000-00","0","no battery","V"
"07/08/2026","17:21:11","3","default","198787511","O3","262.504","min","175.710","µmol/L","Humid","21.232","deg","134387","µV","23.442","°C","1010.000","hPa","34.2","pmil","0","52.118","deg","21.808","°C","226.700","µmol/L","21.407","deg","20.891","°C","1012.000","hPa","0.861","-0.02056","0.00035","-0.00011","0","14.7","Humid","27.30","0","43.40","195718.14","SABD0002000012","AAV2.0.0.13","1.1.2.0","PSt7-10","000000-000","6/10/2026 14:47:13","0000-00","0","no battery","V"
"07/08/2026","17:21:41","3","default","198787511","O3","263.004","min","175.678","µmol/L","Humid","21.234","deg","134391","µV","23.442","°C","1010.000","hPa","34.2","pmil","0","52.118","deg","21.808","°C","226.700","µmol/L","21.407","deg","20.891","°C","1012.000","hPa","0.861","-0.02056","0.00035","-0.00011","0","14.7","Humid","27.30","0","43.40","195718.17","SABD0002000012","AAV2.0.0.13","1.1.2.0","PSt7-10","000000-000","6/10/2026 14:47:13","0000-00","0","no battery","V"
"07/08/2026","17:22:11","3","default","198787511","O3","263.504","min","175.694","µmol/L","Humid","21.233","deg","134383","µV","23.442","°C","1010.000","hPa","34.2","pmil","0","52.118","deg","21.808","°C","226.700","µmol/L","21.407","deg","20.891","°C","1012.000","hPa","0.861","-0.02056","0.00035","-0.00011","0","14.7","Humid","27.30","0","43.40","195719.95","SABD0002000012","AAV2.0.0.13","1.1.2.0","PSt7-10","000000-000","6/10/2026 14:47:13","0000-00","0","no battery","V"
"07/08/2026","17:22:41","3","default","198787511","O3","264.004","min","175.676","µmol/L","Humid","21.236","deg","134400","µV","23.435","°C","1010.000","hPa","34.2","pmil","0","52.118","deg","21.808","°C","226.700","µmol/L","21.407","deg","20.891","°C","1012.000","hPa","0.861","-0.02056","0.00035","-0.00011","0","14.7","Humid","27.30","0","43.40","195715.52","SABD0002000012","AAV2.0.0.13","1.1.2.0","PSt7-10","000000-000","6/10/2026 14:47:13","0000-00","0","no battery","V"
"07/08/2026","17:23:11","3","default","198787511","O3","264.505","min","175.696","µmol/L","Humid","21.231","deg","134397","µV","23.448","°C","1010.000","hPa","34.2","pmil","0","52.118","deg","21.808","°C","226.700","µmol/L","21.407","deg","20.891","°C","1012.000","hPa","0.861","-0.02056","0.00035","-0.00011","0","14.7","Humid","27.30","0","43.40","195707.70","SABD0002000012","AAV2.0.0.13","1.1.2.0","PSt7-10","000000-000","6/10/2026 14:47:13","0000-00","0","no battery","V"
"07/08/2026","17:23:41","3","default","198787511","O3","265.005","min","175.708","µmol/L","Humid","21.234","deg","134406","µV","23.435","°C","1010.000","hPa","34.2","pmil","0","52.118","deg","21.808","°C","226.700","µmol/L","21.407","deg","20.891","°C","1012.000","hPa","0.861","-0.02056","0.00035","-0.00011","0","14.7","Humid","27.30","0","43.40","195713.57","SABD0002000012","AAV2.0.0.13","1.1.2.0","PSt7-10","000000-000","6/10/2026 14:47:13","0000-00","0","no battery","V"
"07/08/2026","17:24:11","3","default","198787511","O3","265.504","min","175.615","µmol/L","Humid","21.236","deg","134413","µV","23.448","°C","1010.000","hPa","34.2","pmil","0","52.118","deg","21.808","°C","226.700","µmol/L","21.407","deg","20.891","°C","1012.000","hPa","0.861","-0.02056","0.00035","-0.00011","0","14.7","Humid","27.30","0","43.40","195705.68","SABD0002000012","AAV2.0.0.13","1.1.2.0","PSt7-10","000000-000","6/10/2026 14:47:13","0000-00","0","no battery","V"
"07/08/2026","17:24:41","3","default","198787511","O3","266.004","min","175.710","µmol/L","Humid","21.232","deg","134406","µV","23.442","°C","1010.000","hPa","34.2","pmil","0","52.118","deg","21.808","°C","226.700","µmol/L","21.407","deg","20.891","°C","1012.000","hPa","0.861","-0.02056","0.00035","-0.00011","0","14.7","Humid","27.30","0","43.40","195705.67","SABD0002000012","AAV2.0.0.13","1.1.2.0","PSt7-10","000000-000","6/10/2026 14:47:13","0000-00","0","no battery","V"
"07/08/2026","17:25:11","3","default","198787511","O3","266.505","min","175.740","µmol/L","Humid","21.232","deg","134409","µV","23.435","°C","1010.000","hPa","34.2","pmil","0","52.118","deg","21.808","°C","226.700","µmol/L","21.407","deg","20.891","°C","1012.000","hPa","0.861","-0.02056","0.00035","-0.00011","0","14.7","Humid","27.30","0","43.40","195705.68","SABD0002000012","AAV2.0.0.13","1.1.2.0","PSt7-10","000000-000","6/10/2026 14:47:13","0000-00","0","no battery","V"
"07/08/2026","17:25:41","3","default","198787511","O3","267.005","min","175.710","µmol/L","Humid","21.232","deg","134400","µV","23.442","°C","1010.000","hPa","34.2","pmil","0","52.118","deg","21.808","°C","226.700","µmol/L","21.407","deg","20.891","°C","1012.000","hPa","0.861","-0.02056","0.00035","-0.00011","0","14.7","Humid","27.30","0","43.40","195703.33","SABD0002000012","AAV2.0.0.13","1.1.2.0","PSt7-10","000000-000","6/10/2026 14:47:13","0000-00","0","no battery","V"
"07/08/2026","17:26:11","3","default","198787511","O3","267.504","min","175.787","µmol/L","Humid","21.231","deg","134427","µV","23.429","°C","1010.000","hPa","34.2","pmil","0","52.118","deg","21.808","°C","226.700","µmol/L","21.407","deg","20.891","°C","1012.000","hPa","0.861","-0.02056","0.00035","-0.00011","0","14.7","Humid","27.30","0","43.40","195708.51","SABD0002000012","AAV2.0.0.13","1.1.2.0","PSt7-10","000000-000","6/10/2026 14:47:13","0000-00","0","no battery","V"
"07/08/2026","17:26:41","3","default","198787511","O3","268.005","min","175.785","µmol/L","Humid","21.233","deg","134428","µV","23.423","°C","1010.000","hPa","34.2","pmil","0","52.118","deg","21.808","°C","226.700","µmol/L","21.407","deg","20.891","°C","1012.000","hPa","0.861","-0.02056","0.00035","-0.00011","0","14.7","Humid","27.30","0","43.40","195692.67","SABD0002000012","AAV2.0.0.13","1.1.2.0","PSt7-10","000000-000","6/10/2026 14:47:13","0000-00","0","no battery","V"
"07/08/2026","17:27:11","3","default","198787511","O3","268.505","min","175.720","µmol/L","Humid","21.237","deg","134424","µV","23.423","°C","1010.000","hPa","34.2","pmil","0","52.118","deg","21.808","°C","226.700","µmol/L","21.407","deg","20.891","°C","1012.000","hPa","0.861","-0.02056","0.00035","-0.00011","0","14.7","Humid","27.30","0","43.40","195702.24","SABD0002000012","AAV2.0.0.13","1.1.2.0","PSt7-10","000000-000","6/10/2026 14:47:13","0000-00","0","no battery","V"
"07/08/2026","17:27:41","3","default","198787511","O3","269.005","min","175.660","µmol/L","Humid","21.237","deg","134442","µV","23.435","°C","1010.000","hPa","34.2","pmil","0","52.118","deg","21.808","°C","226.700","µmol/L","21.407","deg","20.891","°C","1012.000","hPa","0.861","-0.02056","0.00035","-0.00011","0","14.7","Humid","27.30","0","43.40","195700.44","SABD0002000012","AAV2.0.0.13","1.1.2.0","PSt7-10","000000-000","6/10/2026 14:47:13","0000-00","0","no battery","V"
"07/08/2026","17:28:11","3","default","198787511","O3","269.504","min","175.738","µmol/L","Humid","21.234","deg","134442","µV","23.429","°C","1010.000","hPa","34.2","pmil","0","52.118","deg","21.808","°C","226.700","µmol/L","21.407","deg","20.891","°C","1012.000","hPa","0.861","-0.02056","0.00035","-0.00011","0","14.7","Humid","27.30","0","43.40","195709.26","SABD0002000012","AAV2.0.0.13","1.1.2.0","PSt7-10","000000-000","6/10/2026 14:47:13","0000-00","0","no battery","V"
"07/08/2026","17:28:41","3","default","198787511","O3","270.005","min","175.688","µmol/L","Humid","21.239","deg","134446","µV","23.423","°C","1010.000","hPa","34.2","pmil","0","52.118","deg","21.808","°C","226.700","µmol/L","21.407","deg","20.891","°C","1012.000","hPa","0.861","-0.02056","0.00035","-0.00011","0","14.7","Humid","27.30","0","43.40","195715.42","SABD0002000012","AAV2.0.0.13","1.1.2.0","PSt7-10","000000-000","6/10/2026 14:47:13","0000-00","0","no battery","V"
"07/08/2026","17:29:11","3","default","198787511","O3","270.505","min","175.720","µmol/L","Humid","21.237","deg","134464","µV","23.423","°C","1010.000","hPa","34.2","pmil","0","52.118","deg","21.808","°C","226.700","µmol/L","21.407","deg","20.891","°C","1012.000","hPa","0.861","-0.02056","0.00035","-0.00011","0","14.7","Humid","27.30","0","43.40","195701.11","SABD0002000012","AAV2.0.0.13","1.1.2.0","PSt7-10","000000-000","6/10/2026 14:47:13","0000-00","0","no battery","V"
"07/08/2026","17:29:41","3","default","198787511","O3","271.004","min","175.704","µmol/L","Humid","21.238","deg","134463","µV","23.423","°C","1010.000","hPa","34.2","pmil","0","52.118","deg","21.808","°C","226.700","µmol/L","21.407","deg","20.891","°C","1012.000","hPa","0.861","-0.02056","0.00035","-0.00011","0","14.7","Humid","27.30","0","43.40","195704.23","SABD0002000012","AAV2.0.0.13","1.1.2.0","PSt7-10","000000-000","6/10/2026 14:47:13","0000-00","0","no battery","V"
"07/08/2026","17:30:11","3","default","198787511","O3","271.505","min","175.658","µmol/L","Humid","21.239","deg","134466","µV","23.429","°C","1010.000","hPa","34.2","pmil","0","52.118","deg","21.808","°C","226.700","µmol/L","21.407","deg","20.891","°C","1012.000","hPa","0.861","-0.02056","0.00035","-0.00011","0","14.7","Humid","27.30","0","43.40","195701.72","SABD0002000012","AAV2.0.0.13","1.1.2.0","PSt7-10","000000-000","6/10/2026 14:47:13","0000-00","0","no battery","V"
"07/08/2026","17:30:41","3","default","198787511","O3","272.005","min","175.704","µmol/L","Humid","21.238","deg","134458","µV","23.423","°C","1010.000","hPa","34.2","pmil","0","52.118","deg","21.808","°C","226.700","µmol/L","21.407","deg","20.891","°C","1012.000","hPa","0.861","-0.02056","0.00035","-0.00011","0","14.7","Humid","27.30","0","43.40","195687.16","SABD0002000012","AAV2.0.0.13","1.1.2.0","PSt7-10","000000-000","6/10/2026 14:47:13","0000-00","0","no battery","V"
"07/08/2026","17:31:11","3","default","198787511","O3","272.504","min","175.749","µmol/L","Humid","21.239","deg","134467","µV","23.411","°C","1010.000","hPa","34.2","pmil","0","52.118","deg","21.808","°C","226.700","µmol/L","21.407","deg","20.891","°C","1012.000","hPa","0.861","-0.02056","0.00035","-0.00011","0","14.7","Humid","27.30","0","43.40","195680.30","SABD0002000012","AAV2.0.0.13","1.1.2.0","PSt7-10","000000-000","6/10/2026 14:47:13","0000-00","0","no battery","V"
"07/08/2026","17:31:41","3","default","198787511","O3","273.004","min","175.720","µmol/L","Humid","21.237","deg","134464","µV","23.423","°C","1010.000","hPa","34.2","pmil","0","52.118","deg","21.808","°C","226.700","µmol/L","21.407","deg","20.891","°C","1012.000","hPa","0.861","-0.02056","0.00035","-0.00011","0","14.7","Humid","27.30","0","43.40","195681.18","SABD0002000012","AAV2.0.0.13","1.1.2.0","PSt7-10","000000-000","6/10/2026 14:47:13","0000-00","0","no battery","V"
"07/08/2026","17:32:11","3","default","198787511","O3","273.505","min","175.672","µmol/L","Humid","21.240","deg","134469","µV","23.423","°C","1010.000","hPa","34.2","pmil","0","52.118","deg","21.808","°C","226.700","µmol/L","21.407","deg","20.891","°C","1012.000","hPa","0.861","-0.02056","0.00035","-0.00011","0","14.7","Humid","27.30","0","43.40","195685.50","SABD0002000012","AAV2.0.0.13","1.1.2.0","PSt7-10","000000-000","6/10/2026 14:47:13","0000-00","0","no battery","V"
"07/08/2026","17:32:41","3","default","198787511","O3","274.004","min","175.700","µmol/L","Humid","21.242","deg","134482","µV","23.411","°C","1010.000","hPa","34.2","pmil","0","52.118","deg","21.808","°C","226.700","µmol/L","21.407","deg","20.891","°C","1012.000","hPa","0.861","-0.02056","0.00035","-0.00011","0","14.7","Humid","27.30","0","43.40","195695.00","SABD0002000012","AAV2.0.0.13","1.1.2.0","PSt7-10","000000-000","6/10/2026 14:47:13","0000-00","0","no battery","V"
"07/08/2026","17:33:11","3","default","198787511","O3","274.504","min","175.672","µmol/L","Humid","21.240","deg","134474","µV","23.423","°C","1010.000","hPa","34.2","pmil","0","52.118","deg","21.808","°C","226.700","µmol/L","21.407","deg","20.891","°C","1012.000","hPa","0.861","-0.02056","0.00035","-0.00011","0","14.7","Humid","27.30","0","43.40","195686.04","SABD0002000012","AAV2.0.0.13","1.1.2.0","PSt7-10","000000-000","6/10/2026 14:47:13","0000-00","0","no battery","V"
"07/08/2026","17:33:41","3","default","198787511","O3","275.005","min","175.718","µmol/L","Humid","21.239","deg","134482","µV","23.417","°C","1010.000","hPa","34.2","pmil","0","52.118","deg","21.808","°C","226.700","µmol/L","21.407","deg","20.891","°C","1012.000","hPa","0.861","-0.02056","0.00035","-0.00011","0","14.7","Humid","27.30","0","43.40","195685.18","SABD0002000012","AAV2.0.0.13","1.1.2.0","PSt7-10","000000-000","6/10/2026 14:47:13","0000-00","0","no battery","V"
"07/08/2026","17:34:11","3","default","198787511","O3","275.505","min","175.686","µmol/L","Humid","21.241","deg","134474","µV","23.417","°C","1010.000","hPa","34.2","pmil","0","52.118","deg","21.808","°C","226.700","µmol/L","21.407","deg","20.891","°C","1012.000","hPa","0.861","-0.02056","0.00035","-0.00011","0","14.7","Humid","27.30","0","43.40","195689.31","SABD0002000012","AAV2.0.0.13","1.1.2.0","PSt7-10","000000-000","6/10/2026 14:47:13","0000-00","0","no battery","V"
"07/08/2026","17:34:41","3","default","198787511","O3","276.004","min","175.733","µmol/L","Humid","21.240","deg","134457","µV","23.411","°C","1010.000","hPa","34.2","pmil","0","52.118","deg","21.808","°C","226.700","µmol/L","21.407","deg","20.891","°C","1012.000","hPa","0.861","-0.02056","0.00035","-0.00011","0","14.7","Humid","27.30","0","43.40","195689.05","SABD0002000012","AAV2.0.0.13","1.1.2.0","PSt7-10","000000-000","6/10/2026 14:47:13","0000-00","0","no battery","V"
"07/08/2026","17:35:11","3","default","198787511","O3","276.505","min","175.684","µmol/L","Humid","21.243","deg","134477","µV","23.411","°C","1010.000","hPa","34.2","pmil","0","52.118","deg","21.808","°C","226.700","µmol/L","21.407","deg","20.891","°C","1012.000","hPa","0.861","-0.02056","0.00035","-0.00011","0","14.7","Humid","27.30","0","43.40","195686.26","SABD0002000012","AAV2.0.0.13","1.1.2.0","PSt7-10","000000-000","6/10/2026 14:47:13","0000-00","0","no battery","V"
"07/08/2026","17:35:41","3","default","198787511","O3","277.004","min","175.638","µmol/L","Humid","21.244","deg","134482","µV","23.417","°C","1010.000","hPa","34.2","pmil","0","52.118","deg","21.808","°C","226.700","µmol/L","21.407","deg","20.891","°C","1012.000","hPa","0.861","-0.02056","0.00035","-0.00011","0","14.7","Humid","27.30","0","43.40","195700.57","SABD0002000012","AAV2.0.0.13","1.1.2.0","PSt7-10","000000-000","6/10/2026 14:47:13","0000-00","0","no battery","V"
"07/08/2026","17:36:11","3","default","198787511","O3","277.504","min","175.700","µmol/L","Humid","21.242","deg","134479","µV","23.411","°C","1010.000","hPa","34.2","pmil","0","52.118","deg","21.808","°C","226.700","µmol/L","21.407","deg","20.891","°C","1012.000","hPa","0.861","-0.02056","0.00035","-0.00011","0","14.7","Humid","27.30","0","43.40","195695.46","SABD0002000012","AAV2.0.0.13","1.1.2.0","PSt7-10","000000-000","6/10/2026 14:47:13","0000-00","0","no battery","V"
"07/08/2026","17:36:41","3","default","198787511","O3","278.004","min","175.700","µmol/L","Humid","21.242","deg","134479","µV","23.411","°C","1010.000","hPa","34.2","pmil","0","52.118","deg","21.808","°C","226.700","µmol/L","21.407","deg","20.891","°C","1012.000","hPa","0.861","-0.02056","0.00035","-0.00011","0","14.7","Humid","27.30","0","43.40","195696.01","SABD0002000012","AAV2.0.0.13","1.1.2.0","PSt7-10","000000-000","6/10/2026 14:47:13","0000-00","0","no battery","V"
"07/08/2026","17:37:11","3","default","198787511","O3","278.505","min","175.654","µmol/L","Humid","21.243","deg","134473","µV","23.417","°C","1010.000","hPa","34.2","pmil","0","52.118","deg","21.808","°C","226.700","µmol/L","21.407","deg","20.891","°C","1012.000","hPa","0.861","-0.02056","0.00035","-0.00011","0","14.7","Humid","27.30","0","43.40","195691.10","SABD0002000012","AAV2.0.0.13","1.1.2.0","PSt7-10","000000-000","6/10/2026 14:47:13","0000-00","0","no battery","V"
"07/08/2026","17:37:41","3","default","198787511","O3","279.004","min","175.815","µmol/L","Humid","21.233","deg","134408","µV","23.417","°C","1010.000","hPa","34.2","pmil","0","52.118","deg","21.808","°C","226.700","µmol/L","21.407","deg","20.891","°C","1012.000","hPa","0.861","-0.02056","0.00035","-0.00011","0","14.7","Humid","27.30","0","43.40","195689.67","SABD0002000012","AAV2.0.0.13","1.1.2.0","PSt7-10","000000-000","6/10/2026 14:47:13","0000-00","0","no battery","V"
"07/08/2026","17:38:11","3","default","198787511","O3","279.505","min","175.860","µmol/L","Humid","21.234","deg","134430","µV","23.405","°C","1010.000","hPa","34.2","pmil","0","52.118","deg","21.808","°C","226.700","µmol/L","21.407","deg","20.891","°C","1012.000","hPa","0.861","-0.02056","0.00035","-0.00011","0","14.7","Humid","27.30","0","43.40","195698.13","SABD0002000012","AAV2.0.0.13","1.1.2.0","PSt7-10","000000-000","6/10/2026 14:47:13","0000-00","0","no battery","V"
"07/08/2026","17:38:41","3","default","198787511","O3","280.004","min","175.761","µmol/L","Humid","21.242","deg","134481","µV","23.399","°C","1010.000","hPa","34.2","pmil","0","52.118","deg","21.808","°C","226.700","µmol/L","21.407","deg","20.891","°C","1012.000","hPa","0.861","-0.02056","0.00035","-0.00011","0","14.7","Humid","27.30","0","43.40","195694.93","SABD0002000012","AAV2.0.0.13","1.1.2.0","PSt7-10","000000-000","6/10/2026 14:47:13","0000-00","0","no battery","V"
"07/08/2026","17:39:11","3","default","198787511","O3","280.504","min","175.747","µmol/L","Humid","21.241","deg","134476","µV","23.405","°C","1010.000","hPa","34.2","pmil","0","52.118","deg","21.808","°C","226.700","µmol/L","21.407","deg","20.891","°C","1012.000","hPa","0.861","-0.02056","0.00035","-0.00011","0","14.7","Humid","27.30","0","43.40","195695.62","SABD0002000012","AAV2.0.0.13","1.1.2.0","PSt7-10","000000-000","6/10/2026 14:47:13","0000-00","0","no battery","V"
"07/08/2026","17:39:41","3","default","198787511","O3","281.004","min","175.777","µmol/L","Humid","21.241","deg","134495","µV","23.399","°C","1010.000","hPa","34.2","pmil","0","52.118","deg","21.808","°C","226.700","µmol/L","21.407","deg","20.891","°C","1012.000","hPa","0.861","-0.02056","0.00035","-0.00011","0","14.7","Humid","27.30","0","43.40","195689.70","SABD0002000012","AAV2.0.0.13","1.1.2.0","PSt7-10","000000-000","6/10/2026 14:47:13","0000-00","0","no battery","V"
"07/08/2026","17:40:11","3","default","198787511","O3","281.504","min","175.666","µmol/L","Humid","21.246","deg","134491","µV","23.405","°C","1010.000","hPa","34.2","pmil","0","52.118","deg","21.808","°C","226.700","µmol/L","21.407","deg","20.891","°C","1012.000","hPa","0.861","-0.02056","0.00035","-0.00011","0","14.7","Humid","27.30","0","43.40","195692.30","SABD0002000012","AAV2.0.0.13","1.1.2.0","PSt7-10","000000-000","6/10/2026 14:47:13","0000-00","0","no battery","V"
"07/08/2026","17:40:41","3","default","198787511","O3","282.005","min","175.698","µmol/L","Humid","21.244","deg","134495","µV","23.405","°C","1010.000","hPa","34.2","pmil","0","52.118","deg","21.808","°C","226.700","µmol/L","21.407","deg","20.891","°C","1012.000","hPa","0.861","-0.02056","0.00035","-0.00011","0","14.7","Humid","27.30","0","43.40","195693.77","SABD0002000012","AAV2.0.0.13","1.1.2.0","PSt7-10","000000-000","6/10/2026 14:47:13","0000-00","0","no battery","V"
"07/08/2026","17:41:11","3","default","198787511","O3","282.505","min","175.808","µmol/L","Humid","21.241","deg","134477","µV","23.393","°C","1010.000","hPa","34.2","pmil","0","52.118","deg","21.808","°C","226.700","µmol/L","21.407","deg","20.891","°C","1012.000","hPa","0.861","-0.02056","0.00035","-0.00011","0","14.7","Humid","27.30","0","43.40","195683.51","SABD0002000012","AAV2.0.0.13","1.1.2.0","PSt7-10","000000-000","6/10/2026 14:47:13","0000-00","0","no battery","V"
"07/08/2026","17:41:41","3","default","198787511","O3","283.004","min","175.747","µmol/L","Humid","21.241","deg","134458","µV","23.405","°C","1010.000","hPa","34.2","pmil","0","52.118","deg","21.808","°C","226.700","µmol/L","21.407","deg","20.891","°C","1012.000","hPa","0.861","-0.02056","0.00035","-0.00011","0","14.7","Humid","27.30","0","43.40","195674.94","SABD0002000012","AAV2.0.0.13","1.1.2.0","PSt7-10","000000-000","6/10/2026 14:47:13","0000-00","0","no battery","V"
"07/08/2026","17:42:11","3","default","198787511","O3","283.505","min","175.858","µmol/L","Humid","21.236","deg","134456","µV","23.399","°C","1010.000","hPa","34.2","pmil","0","52.118","deg","21.808","°C","226.700","µmol/L","21.407","deg","20.891","°C","1012.000","hPa","0.861","-0.02056","0.00035","-0.00011","0","14.7","Humid","27.30","0","43.40","195686.65","SABD0002000012","AAV2.0.0.13","1.1.2.0","PSt7-10","000000-000","6/10/2026 14:47:13","0000-00","0","no battery","V"
"07/08/2026","17:42:41","3","default","198787511","O3","284.004","min","175.793","µmol/L","Humid","21.240","deg","134485","µV","23.399","°C","1010.000","hPa","34.2","pmil","0","52.118","deg","21.808","°C","226.700","µmol/L","21.407","deg","20.891","°C","1012.000","hPa","0.861","-0.02056","0.00035","-0.00011","0","14.7","Humid","27.30","0","43.40","195676.34","SABD0002000012","AAV2.0.0.13","1.1.2.0","PSt7-10","000000-000","6/10/2026 14:47:13","0000-00","0","no battery","V"
"07/08/2026","17:43:11","3","default","198787511","O3","284.504","min","175.747","µmol/L","Humid","21.241","deg","134489","µV","23.405","°C","1010.000","hPa","34.2","pmil","0","52.118","deg","21.808","°C","226.700","µmol/L","21.407","deg","20.891","°C","1012.000","hPa","0.861","-0.02056","0.00035","-0.00011","0","14.7","Humid","27.30","0","43.40","195683.55","SABD0002000012","AAV2.0.0.13","1.1.2.0","PSt7-10","000000-000","6/10/2026 14:47:13","0000-00","0","no battery","V"
"07/08/2026","17:43:41","3","default","198787511","O3","285.004","min","175.745","µmol/L","Humid","21.243","deg","134489","µV","23.399","°C","1010.000","hPa","34.2","pmil","0","52.118","deg","21.808","°C","226.700","µmol/L","21.407","deg","20.891","°C","1012.000","hPa","0.861","-0.02056","0.00035","-0.00011","0","14.7","Humid","27.30","0","43.40","195673.06","SABD0002000012","AAV2.0.0.13","1.1.2.0","PSt7-10","000000-000","6/10/2026 14:47:13","0000-00","0","no battery","V"
"07/08/2026","17:44:11","3","default","198787511","O3","285.505","min","175.793","µmol/L","Humid","21.240","deg","134455","µV","23.399","°C","1010.000","hPa","34.2","pmil","0","52.118","deg","21.808","°C","226.700","µmol/L","21.407","deg","20.891","°C","1012.000","hPa","0.861","-0.02056","0.00035","-0.00011","0","14.7","Humid","27.30","0","43.40","195681.21","SABD0002000012","AAV2.0.0.13","1.1.2.0","PSt7-10","000000-000","6/10/2026 14:47:13","0000-00","0","no battery","V"
"07/08/2026","17:44:41","3","default","198787511","O3","286.005","min","175.824","µmol/L","Humid","21.240","deg","134452","µV","23.393","°C","1010.000","hPa","34.2","pmil","0","52.118","deg","21.808","°C","226.700","µmol/L","21.407","deg","20.891","°C","1012.000","hPa","0.861","-0.02056","0.00035","-0.00011","0","14.7","Humid","27.30","0","43.40","195681.40","SABD0002000012","AAV2.0.0.13","1.1.2.0","PSt7-10","000000-000","6/10/2026 14:47:13","0000-00","0","no battery","V"
"07/08/2026","17:45:11","3","default","198787511","O3","286.504","min","175.826","µmol/L","Humid","21.238","deg","134462","µV","23.399","°C","1010.000","hPa","34.2","pmil","0","52.118","deg","21.808","°C","226.700","µmol/L","21.407","deg","20.891","°C","1012.000","hPa","0.861","-0.02056","0.00035","-0.00011","0","14.7","Humid","27.30","0","43.40","195686.96","SABD0002000012","AAV2.0.0.13","1.1.2.0","PSt7-10","000000-000","6/10/2026 14:47:13","0000-00","0","no battery","V"
"07/08/2026","17:45:41","3","default","198787511","O3","287.004","min","176.036","µmol/L","Humid","21.225","deg","134401","µV","23.399","°C","1010.000","hPa","34.2","pmil","0","52.118","deg","21.808","°C","226.700","µmol/L","21.407","deg","20.891","°C","1012.000","hPa","0.861","-0.02056","0.00035","-0.00011","0","14.7","Humid","27.30","0","43.40","195687.10","SABD0002000012","AAV2.0.0.13","1.1.2.0","PSt7-10","000000-000","6/10/2026 14:47:13","0000-00","0","no battery","V"
"07/08/2026","17:46:11","3","default","198787511","O3","287.504","min","175.986","µmol/L","Humid","21.230","deg","134414","µV","23.393","°C","1010.000","hPa","34.2","pmil","0","52.118","deg","21.808","°C","226.700","µmol/L","21.407","deg","20.891","°C","1012.000","hPa","0.861","-0.02056","0.00035","-0.00011","0","14.7","Humid","27.30","0","43.40","195683.18","SABD0002000012","AAV2.0.0.13","1.1.2.0","PSt7-10","000000-000","6/10/2026 14:47:13","0000-00","0","no battery","V"
"07/08/2026","17:46:41","3","default","198787511","O3","288.005","min","175.970","µmol/L","Humid","21.231","deg","134432","µV","23.393","°C","1010.000","hPa","34.2","pmil","0","52.118","deg","21.808","°C","226.700","µmol/L","21.407","deg","20.891","°C","1012.000","hPa","0.861","-0.02056","0.00035","-0.00011","0","14.7","Humid","27.30","0","43.40","195686.98","SABD0002000012","AAV2.0.0.13","1.1.2.0","PSt7-10","000000-000","6/10/2026 14:47:13","0000-00","0","no battery","V"
"07/08/2026","17:47:11","3","default","198787511","O3","288.504","min","175.951","µmol/L","Humid","21.234","deg","134449","µV","23.387","°C","1010.000","hPa","34.2","pmil","0","52.118","deg","21.808","°C","226.700","µmol/L","21.407","deg","20.891","°C","1012.000","hPa","0.861","-0.02056","0.00035","-0.00011","0","14.7","Humid","27.30","0","43.40","195679.35","SABD0002000012","AAV2.0.0.13","1.1.2.0","PSt7-10","000000-000","6/10/2026 14:47:13","0000-00","0","no battery","V"
"07/08/2026","17:47:41","3","default","198787511","O3","289.005","min","175.889","µmol/L","Humid","21.236","deg","134449","µV","23.393","°C","1010.000","hPa","34.2","pmil","0","52.118","deg","21.808","°C","226.700","µmol/L","21.407","deg","20.891","°C","1012.000","hPa","0.861","-0.02056","0.00035","-0.00011","0","14.7","Humid","27.30","0","43.40","195673.51","SABD0002000012","AAV2.0.0.13","1.1.2.0","PSt7-10","000000-000","6/10/2026 14:47:13","0000-00","0","no battery","V"
"07/08/2026","17:48:11","3","default","198787511","O3","289.505","min","175.905","µmol/L","Humid","21.235","deg","134457","µV","23.393","°C","1010.000","hPa","34.2","pmil","0","52.118","deg","21.808","°C","226.700","µmol/L","21.407","deg","20.891","°C","1012.000","hPa","0.861","-0.02056","0.00035","-0.00011","0","14.7","Humid","27.30","0","43.40","195671.08","SABD0002000012","AAV2.0.0.13","1.1.2.0","PSt7-10","000000-000","6/10/2026 14:47:13","0000-00","0","no battery","V"
"07/08/2026","17:48:41","3","default","198787511","O3","290.005","min","175.856","µmol/L","Humid","21.238","deg","134464","µV","23.393","°C","1010.000","hPa","34.2","pmil","0","52.118","deg","21.808","°C","226.700","µmol/L","21.407","deg","20.891","°C","1012.000","hPa","0.861","-0.02056","0.00035","-0.00011","0","14.7","Humid","27.30","0","43.40","195683.84","SABD0002000012","AAV2.0.0.13","1.1.2.0","PSt7-10","000000-000","6/10/2026 14:47:13","0000-00","0","no battery","V"
"07/08/2026","17:49:11","3","default","198787511","O3","290.504","min","175.870","µmol/L","Humid","21.239","deg","134481","µV","23.387","°C","1010.000","hPa","34.2","pmil","0","52.118","deg","21.808","°C","226.700","µmol/L","21.407","deg","20.891","°C","1012.000","hPa","0.861","-0.02056","0.00035","-0.00011","0","14.7","Humid","27.30","0","43.40","195689.73","SABD0002000012","AAV2.0.0.13","1.1.2.0","PSt7-10","000000-000","6/10/2026 14:47:13","0000-00","0","no battery","V"
"07/08/2026","17:49:41","3","default","198787511","O3","291.004","min","175.856","µmol/L","Humid","21.238","deg","134486","µV","23.393","°C","1010.000","hPa","34.2","pmil","0","52.118","deg","21.808","°C","226.700","µmol/L","21.407","deg","20.891","°C","1012.000","hPa","0.861","-0.02056","0.00035","-0.00011","0","14.7","Humid","27.30","0","43.40","195689.52","SABD0002000012","AAV2.0.0.13","1.1.2.0","PSt7-10","000000-000","6/10/2026 14:47:13","0000-00","0","no battery","V"
"07/08/2026","17:50:11","3","default","198787511","O3","291.505","min","175.917","µmol/L","Humid","21.238","deg","134490","µV","23.380","°C","1010.000","hPa","34.2","pmil","0","52.118","deg","21.808","°C","226.700","µmol/L","21.407","deg","20.891","°C","1012.000","hPa","0.861","-0.02056","0.00035","-0.00011","0","14.7","Humid","27.30","0","43.40","195687.91","SABD0002000012","AAV2.0.0.13","1.1.2.0","PSt7-10","000000-000","6/10/2026 14:47:13","0000-00","0","no battery","V"
"07/08/2026","17:50:41","3","default","198787511","O3","292.005","min","175.951","µmol/L","Humid","21.234","deg","134480","µV","23.387","°C","1010.000","hPa","34.2","pmil","0","52.118","deg","21.808","°C","226.700","µmol/L","21.407","deg","20.891","°C","1012.000","hPa","0.861","-0.02056","0.00035","-0.00011","0","14.7","Humid","27.30","0","43.40","195689.29","SABD0002000012","AAV2.0.0.13","1.1.2.0","PSt7-10","000000-000","6/10/2026 14:47:13","0000-00","0","no battery","V"
"07/08/2026","17:51:11","3","default","198787511","O3","292.505","min","175.887","µmol/L","Humid","21.238","deg","134496","µV","23.387","°C","1010.000","hPa","34.2","pmil","0","52.118","deg","21.808","°C","226.700","µmol/L","21.407","deg","20.891","°C","1012.000","hPa","0.861","-0.02056","0.00035","-0.00011","0","14.7","Humid","27.30","0","43.40","195685.99","SABD0002000012","AAV2.0.0.13","1.1.2.0","PSt7-10","000000-000","6/10/2026 14:47:13","0000-00","0","no battery","V"
"07/08/2026","17:51:41","3","default","198787511","O3","293.004","min","175.964","µmol/L","Humid","21.237","deg","134501","µV","23.374","°C","1010.000","hPa","34.2","pmil","0","52.118","deg","21.808","°C","226.700","µmol/L","21.407","deg","20.891","°C","1012.000","hPa","0.861","-0.02056","0.00035","-0.00011","0","14.7","Humid","27.30","0","43.40","195684.71","SABD0002000012","AAV2.0.0.13","1.1.2.0","PSt7-10","000000-000","6/10/2026 14:47:13","0000-00","0","no battery","V"
"07/08/2026","17:52:11","3","default","198787511","O3","293.504","min","175.931","µmol/L","Humid","21.239","deg","134496","µV","23.374","°C","1010.000","hPa","34.2","pmil","0","52.118","deg","21.808","°C","226.700","µmol/L","21.407","deg","20.891","°C","1012.000","hPa","0.861","-0.02056","0.00035","-0.00011","0","14.7","Humid","27.30","0","43.40","195685.29","SABD0002000012","AAV2.0.0.13","1.1.2.0","PSt7-10","000000-000","6/10/2026 14:47:13","0000-00","0","no battery","V"
"07/08/2026","17:52:41","3","default","198787511","O3","294.004","min","175.948","µmol/L","Humid","21.238","deg","134501","µV","23.374","°C","1010.000","hPa","34.2","pmil","0","52.118","deg","21.808","°C","226.700","µmol/L","21.407","deg","20.891","°C","1012.000","hPa","0.861","-0.02056","0.00035","-0.00011","0","14.7","Humid","27.30","0","43.40","195696.62","SABD0002000012","AAV2.0.0.13","1.1.2.0","PSt7-10","000000-000","6/10/2026 14:47:13","0000-00","0","no battery","V"
"07/08/2026","17:53:11","3","default","198787511","O3","294.505","min","175.883","µmol/L","Humid","21.242","deg","134512","µV","23.374","°C","1010.000","hPa","34.2","pmil","0","52.118","deg","21.808","°C","226.700","µmol/L","21.407","deg","20.891","°C","1012.000","hPa","0.861","-0.02056","0.00035","-0.00011","0","14.7","Humid","27.30","0","43.40","195671.45","SABD0002000012","AAV2.0.0.13","1.1.2.0","PSt7-10","000000-000","6/10/2026 14:47:13","0000-00","0","no battery","V"
"07/08/2026","17:53:41","3","default","198787511","O3","295.005","min","175.788","µmol/L","Humid","21.246","deg","134545","µV","23.380","°C","1010.000","hPa","34.2","pmil","0","52.118","deg","21.808","°C","226.700","µmol/L","21.407","deg","20.891","°C","1012.000","hPa","0.861","-0.02056","0.00035","-0.00011","0","14.7","Humid","27.30","0","43.40","195682.25","SABD0002000012","AAV2.0.0.13","1.1.2.0","PSt7-10","000000-000","6/10/2026 14:47:13","0000-00","0","no battery","V"
"07/08/2026","17:54:11","3","default","198787511","O3","295.505","min","175.768","µmol/L","Humid","21.251","deg","134571","µV","23.368","°C","1010.000","hPa","34.2","pmil","0","52.118","deg","21.808","°C","226.700","µmol/L","21.407","deg","20.891","°C","1012.000","hPa","0.861","-0.02056","0.00035","-0.00011","0","14.7","Humid","27.30","0","43.40","195674.19","SABD0002000012","AAV2.0.0.13","1.1.2.0","PSt7-10","000000-000","6/10/2026 14:47:13","0000-00","0","no battery","V"
"07/08/2026","17:54:41","3","default","198787511","O3","296.004","min","175.784","µmol/L","Humid","21.250","deg","134588","µV","23.368","°C","1010.000","hPa","34.2","pmil","0","52.118","deg","21.808","°C","226.700","µmol/L","21.407","deg","20.891","°C","1012.000","hPa","0.861","-0.02056","0.00035","-0.00011","0","14.7","Humid","27.30","0","43.40","195692.61","SABD0002000012","AAV2.0.0.13","1.1.2.0","PSt7-10","000000-000","6/10/2026 14:47:13","0000-00","0","no battery","V"
"07/08/2026","17:55:11","3","default","198787511","O3","296.505","min","175.751","µmol/L","Humid","21.252","deg","134590","µV","23.368","°C","1010.000","hPa","34.2","pmil","0","52.118","deg","21.808","°C","226.700","µmol/L","21.407","deg","20.891","°C","1012.000","hPa","0.861","-0.02056","0.00035","-0.00011","0","14.7","Humid","27.30","0","43.40","195691.58","SABD0002000012","AAV2.0.0.13","1.1.2.0","PSt7-10","000000-000","6/10/2026 14:47:13","0000-00","0","no battery","V"
"07/08/2026","17:55:41","3","default","198787511","O3","297.005","min","175.800","µmol/L","Humid","21.249","deg","134582","µV","23.368","°C","1010.000","hPa","34.2","pmil","0","52.118","deg","21.808","°C","226.700","µmol/L","21.407","deg","20.891","°C","1012.000","hPa","0.861","-0.02056","0.00035","-0.00011","0","14.7","Humid","27.30","0","43.40","195682.90","SABD0002000012","AAV2.0.0.13","1.1.2.0","PSt7-10","000000-000","6/10/2026 14:47:13","0000-00","0","no battery","V"
"07/08/2026","17:56:11","3","default","198787511","O3","297.504","min","175.733","µmol/L","Humid","21.255","deg","134584","µV","23.362","°C","1010.000","hPa","34.2","pmil","0","52.118","deg","21.808","°C","226.700","µmol/L","21.407","deg","20.891","°C","1012.000","hPa","0.861","-0.02056","0.00035","-0.00011","0","14.7","Humid","27.30","0","43.40","195676.60","SABD0002000012","AAV2.0.0.13","1.1.2.0","PSt7-10","000000-000","6/10/2026 14:47:13","0000-00","0","no battery","V"
"07/08/2026","17:56:41","3","default","198787511","O3","298.004","min","175.798","µmol/L","Humid","21.251","deg","134599","µV","23.362","°C","1010.000","hPa","34.2","pmil","0","52.118","deg","21.808","°C","226.700","µmol/L","21.407","deg","20.891","°C","1012.000","hPa","0.861","-0.02056","0.00035","-0.00011","0","14.7","Humid","27.30","0","43.40","195680.16","SABD0002000012","AAV2.0.0.13","1.1.2.0","PSt7-10","000000-000","6/10/2026 14:47:13","0000-00","0","no battery","V"
"07/08/2026","17:57:11","3","default","198787511","O3","298.505","min","175.798","µmol/L","Humid","21.251","deg","134600","µV","23.362","°C","1010.000","hPa","34.2","pmil","0","52.118","deg","21.808","°C","226.700","µmol/L","21.407","deg","20.891","°C","1012.000","hPa","0.861","-0.02056","0.00035","-0.00011","0","14.7","Humid","27.30","0","43.40","195679.73","SABD0002000012","AAV2.0.0.13","1.1.2.0","PSt7-10","000000-000","6/10/2026 14:47:13","0000-00","0","no battery","V"
"07/08/2026","17:57:41","3","default","198787511","O3","299.005","min","175.784","µmol/L","Humid","21.250","deg","134596","µV","23.368","°C","1010.000","hPa","34.2","pmil","0","52.118","deg","21.808","°C","226.700","µmol/L","21.407","deg","20.891","°C","1012.000","hPa","0.861","-0.02056","0.00035","-0.00011","0","14.7","Humid","27.30","0","43.40","195677.10","SABD0002000012","AAV2.0.0.13","1.1.2.0","PSt7-10","000000-000","6/10/2026 14:47:13","0000-00","0","no battery","V"
"07/08/2026","17:58:11","3","default","198787511","O3","299.504","min","175.751","µmol/L","Humid","21.252","deg","134601","µV","23.368","°C","1010.000","hPa","34.2","pmil","0","52.118","deg","21.808","°C","226.700","µmol/L","21.407","deg","20.891","°C","1012.000","hPa","0.861","-0.02056","0.00035","-0.00011","0","14.7","Humid","27.30","0","43.40","195685.91","SABD0002000012","AAV2.0.0.13","1.1.2.0","PSt7-10","000000-000","6/10/2026 14:47:13","0000-00","0","no battery","V"
"07/08/2026","17:58:41","3","default","198787511","O3","300.005","min","175.796","µmol/L","Humid","21.253","deg","134598","µV","23.356","°C","1010.000","hPa","34.2","pmil","0","52.118","deg","21.808","°C","226.700","µmol/L","21.407","deg","20.891","°C","1012.000","hPa","0.861","-0.02056","0.00035","-0.00011","0","14.7","Humid","27.30","0","43.40","195692.61","SABD0002000012","AAV2.0.0.13","1.1.2.0","PSt7-10","000000-000","6/10/2026 14:47:13","0000-00","0","no battery","V"
"07/08/2026","17:59:11","3","default","198787511","O3","300.505","min","175.898","µmol/L","Humid","21.258","deg","134611","µV","23.319","°C","1010.000","hPa","34.2","pmil","0","52.118","deg","21.808","°C","226.700","µmol/L","21.407","deg","20.891","°C","1012.000","hPa","0.861","-0.02056","0.00035","-0.00011","0","14.7","Humid","27.30","0","43.40","195690.58","SABD0002000012","AAV2.0.0.13","1.1.2.0","PSt7-10","000000-000","6/10/2026 14:47:13","0000-00","0","no battery","V"
"07/08/2026","17:59:41","3","default","198787511","O3","301.004","min","176.011","µmol/L","Humid","21.251","deg","134575","µV","23.319","°C","1010.000","hPa","34.2","pmil","0","52.118","deg","21.808","°C","226.700","µmol/L","21.407","deg","20.891","°C","1012.000","hPa","0.861","-0.02056","0.00035","-0.00011","0","14.7","Humid","27.30","0","43.40","195692.29","SABD0002000012","AAV2.0.0.13","1.1.2.0","PSt7-10","000000-000","6/10/2026 14:47:13","0000-00","0","no battery","V"
"07/08/2026","18:00:11","3","default","198787511","O3","301.505","min","176.011","µmol/L","Humid","21.251","deg","134568","µV","23.319","°C","1010.000","hPa","34.2","pmil","0","52.118","deg","21.808","°C","226.700","µmol/L","21.407","deg","20.891","°C","1012.000","hPa","0.861","-0.02056","0.00035","-0.00011","0","14.7","Humid","27.30","0","43.40","195696.30","SABD0002000012","AAV2.0.0.13","1.1.2.0","PSt7-10","000000-000","6/10/2026 14:47:13","0000-00","0","no battery","V"
"07/08/2026","18:00:41","3","default","198787511","O3","302.004","min","176.043","µmol/L","Humid","21.249","deg","134568","µV","23.319","°C","1010.000","hPa","34.2","pmil","0","52.118","deg","21.808","°C","226.700","µmol/L","21.407","deg","20.891","°C","1012.000","hPa","0.861","-0.02056","0.00035","-0.00011","0","14.7","Humid","27.30","0","43.40","195686.77","SABD0002000012","AAV2.0.0.13","1.1.2.0","PSt7-10","000000-000","6/10/2026 14:47:13","0000-00","0","no battery","V"
"07/08/2026","18:01:11","3","default","198787511","O3","302.505","min","175.995","µmol/L","Humid","21.252","deg","134579","µV","23.319","°C","1010.000","hPa","34.2","pmil","0","52.118","deg","21.808","°C","226.700","µmol/L","21.407","deg","20.891","°C","1012.000","hPa","0.861","-0.02056","0.00035","-0.00011","0","14.7","Humid","27.30","0","43.40","195686.61","SABD0002000012","AAV2.0.0.13","1.1.2.0","PSt7-10","000000-000","6/10/2026 14:47:13","0000-00","0","no battery","V"
"07/08/2026","18:01:41","3","default","198787511","O3","303.005","min","175.995","µmol/L","Humid","21.252","deg","134588","µV","23.319","°C","1010.000","hPa","34.2","pmil","0","52.118","deg","21.808","°C","226.700","µmol/L","21.407","deg","20.891","°C","1012.000","hPa","0.861","-0.02056","0.00035","-0.00011","0","14.7","Humid","27.30","0","43.40","195689.51","SABD0002000012","AAV2.0.0.13","1.1.2.0","PSt7-10","000000-000","6/10/2026 14:47:13","0000-00","0","no battery","V"
"07/08/2026","18:02:11","3","default","198787511","O3","303.505","min","175.979","µmol/L","Humid","21.253","deg","134599","µV","23.319","°C","1010.000","hPa","34.2","pmil","0","52.118","deg","21.808","°C","226.700","µmol/L","21.407","deg","20.891","°C","1012.000","hPa","0.861","-0.02056","0.00035","-0.00011","0","14.7","Humid","27.30","0","43.40","195684.27","SABD0002000012","AAV2.0.0.13","1.1.2.0","PSt7-10","000000-000","6/10/2026 14:47:13","0000-00","0","no battery","V"
"07/08/2026","18:02:41","3","default","198787511","O3","304.005","min","176.076","µmol/L","Humid","21.247","deg","134601","µV","23.319","°C","1010.000","hPa","34.2","pmil","0","52.118","deg","21.808","°C","226.700","µmol/L","21.407","deg","20.891","°C","1012.000","hPa","0.861","-0.02056","0.00035","-0.00011","0","14.7","Humid","27.30","0","43.40","195685.94","SABD0002000012","AAV2.0.0.13","1.1.2.0","PSt7-10","000000-000","6/10/2026 14:47:13","0000-00","0","no battery","V"
"07/08/2026","18:03:11","3","default","198787511","O3","304.504","min","175.963","µmol/L","Humid","21.254","deg","134599","µV","23.319","°C","1010.000","hPa","34.2","pmil","0","52.118","deg","21.808","°C","226.700","µmol/L","21.407","deg","20.891","°C","1012.000","hPa","0.861","-0.02056","0.00035","-0.00011","0","14.7","Humid","27.30","0","43.40","195689.19","SABD0002000012","AAV2.0.0.13","1.1.2.0","PSt7-10","000000-000","6/10/2026 14:47:13","0000-00","0","no battery","V"
"07/08/2026","18:03:41","3","default","198787511","O3","305.004","min","175.997","µmol/L","Humid","21.250","deg","134606","µV","23.325","°C","1010.000","hPa","34.2","pmil","0","52.118","deg","21.808","°C","226.700","µmol/L","21.407","deg","20.891","°C","1012.000","hPa","0.861","-0.02056","0.00035","-0.00011","0","14.7","Humid","27.30","0","43.40","195692.18","SABD0002000012","AAV2.0.0.13","1.1.2.0","PSt7-10","000000-000","6/10/2026 14:47:13","0000-00","0","no battery","V"
"07/08/2026","18:04:11","3","default","198787511","O3","305.504","min","175.981","µmol/L","Humid","21.251","deg","134600","µV","23.325","°C","1010.000","hPa","34.2","pmil","0","52.118","deg","21.808","°C","226.700","µmol/L","21.407","deg","20.891","°C","1012.000","hPa","0.861","-0.02056","0.00035","-0.00011","0","14.7","Humid","27.30","0","43.40","195685.91","SABD0002000012","AAV2.0.0.13","1.1.2.0","PSt7-10","000000-000","6/10/2026 14:47:13","0000-00","0","no battery","V"
"07/08/2026","18:04:41","3","default","198787511","O3","306.005","min","175.963","µmol/L","Humid","21.254","deg","134598","µV","23.319","°C","1010.000","hPa","34.2","pmil","0","52.118","deg","21.808","°C","226.700","µmol/L","21.407","deg","20.891","°C","1012.000","hPa","0.861","-0.02056","0.00035","-0.00011","0","14.7","Humid","27.30","0","43.40","195686.00","SABD0002000012","AAV2.0.0.13","1.1.2.0","PSt7-10","000000-000","6/10/2026 14:47:13","0000-00","0","no battery","V"
"07/08/2026","18:05:11","3","default","198787511","O3","306.505","min","175.930","µmol/L","Humid","21.256","deg","134606","µV","23.319","°C","1010.000","hPa","34.2","pmil","0","52.118","deg","21.808","°C","226.700","µmol/L","21.407","deg","20.891","°C","1012.000","hPa","0.861","-0.02056","0.00035","-0.00011","0","14.7","Humid","27.30","0","43.40","195695.07","SABD0002000012","AAV2.0.0.13","1.1.2.0","PSt7-10","000000-000","6/10/2026 14:47:13","0000-00","0","no battery","V"
"07/08/2026","18:05:41","3","default","198787511","O3","307.005","min","176.009","µmol/L","Humid","21.253","deg","134608","µV","23.313","°C","1010.000","hPa","34.2","pmil","0","52.118","deg","21.808","°C","226.700","µmol/L","21.407","deg","20.891","°C","1012.000","hPa","0.861","-0.02056","0.00035","-0.00011","0","14.7","Humid","27.30","0","43.40","195687.54","SABD0002000012","AAV2.0.0.13","1.1.2.0","PSt7-10","000000-000","6/10/2026 14:47:13","0000-00","0","no battery","V"
"07/08/2026","18:06:11","3","default","198787511","O3","307.505","min","175.979","µmol/L","Humid","21.253","deg","134612","µV","23.319","°C","1010.000","hPa","34.2","pmil","0","52.118","deg","21.808","°C","226.700","µmol/L","21.407","deg","20.891","°C","1012.000","hPa","0.861","-0.02056","0.00035","-0.00011","0","14.7","Humid","27.30","0","43.40","195674.99","SABD0002000012","AAV2.0.0.13","1.1.2.0","PSt7-10","000000-000","6/10/2026 14:47:13","0000-00","0","no battery","V"
"07/08/2026","18:06:41","3","default","198787511","O3","308.005","min","175.946","µmol/L","Humid","21.255","deg","134614","µV","23.319","°C","1010.000","hPa","34.2","pmil","0","52.118","deg","21.808","°C","226.700","µmol/L","21.407","deg","20.891","°C","1012.000","hPa","0.861","-0.02056","0.00035","-0.00011","0","14.7","Humid","27.30","0","43.40","195674.75","SABD0002000012","AAV2.0.0.13","1.1.2.0","PSt7-10","000000-000","6/10/2026 14:47:13","0000-00","0","no battery","V"
"07/08/2026","18:07:11","3","default","198787511","O3","308.505","min","175.961","µmol/L","Humid","21.256","deg","134618","µV","23.313","°C","1010.000","hPa","34.2","pmil","0","52.118","deg","21.808","°C","226.700","µmol/L","21.407","deg","20.891","°C","1012.000","hPa","0.861","-0.02056","0.00035","-0.00011","0","14.7","Humid","27.30","0","43.40","195680.60","SABD0002000012","AAV2.0.0.13","1.1.2.0","PSt7-10","000000-000","6/10/2026 14:47:13","0000-00","0","no battery","V"
"07/08/2026","18:07:41","3","default","198787511","O3","309.004","min","175.944","µmol/L","Humid","21.257","deg","134619","µV","23.313","°C","1010.000","hPa","34.2","pmil","0","52.118","deg","21.808","°C","226.700","µmol/L","21.407","deg","20.891","°C","1012.000","hPa","0.861","-0.02056","0.00035","-0.00011","0","14.7","Humid","27.30","0","43.40","195692.41","SABD0002000012","AAV2.0.0.13","1.1.2.0","PSt7-10","000000-000","6/10/2026 14:47:13","0000-00","0","no battery","V"
"07/08/2026","18:08:11","3","default","198787511","O3","309.505","min","175.993","µmol/L","Humid","21.254","deg","134629","µV","23.313","°C","1010.000","hPa","34.2","pmil","0","52.118","deg","21.808","°C","226.700","µmol/L","21.407","deg","20.891","°C","1012.000","hPa","0.861","-0.02056","0.00035","-0.00011","0","14.7","Humid","27.30","0","43.40","195694.26","SABD0002000012","AAV2.0.0.13","1.1.2.0","PSt7-10","000000-000","6/10/2026 14:47:13","0000-00","0","no battery","V"
"07/08/2026","18:08:41","3","default","198787511","O3","310.005","min","175.961","µmol/L","Humid","21.256","deg","134637","µV","23.313","°C","1010.000","hPa","34.2","pmil","0","52.118","deg","21.808","°C","226.700","µmol/L","21.407","deg","20.891","°C","1012.000","hPa","0.861","-0.02056","0.00035","-0.00011","0","14.7","Humid","27.30","0","43.40","195691.32","SABD0002000012","AAV2.0.0.13","1.1.2.0","PSt7-10","000000-000","6/10/2026 14:47:13","0000-00","0","no battery","V"
"07/08/2026","18:09:11","3","default","198787511","O3","310.504","min","175.912","µmol/L","Humid","21.259","deg","134646","µV","23.313","°C","1010.000","hPa","34.2","pmil","0","52.118","deg","21.808","°C","226.700","µmol/L","21.407","deg","20.891","°C","1012.000","hPa","0.861","-0.02056","0.00035","-0.00011","0","14.7","Humid","27.30","0","43.40","195692.81","SABD0002000012","AAV2.0.0.13","1.1.2.0","PSt7-10","000000-000","6/10/2026 14:47:13","0000-00","0","no battery","V"
"07/08/2026","18:09:41","3","default","198787511","O3","311.004","min","175.942","µmol/L","Humid","21.259","deg","134635","µV","23.307","°C","1010.000","hPa","34.2","pmil","0","52.118","deg","21.808","°C","226.700","µmol/L","21.407","deg","20.891","°C","1012.000","hPa","0.861","-0.02056","0.00035","-0.00011","0","14.7","Humid","27.30","0","43.40","195698.76","SABD0002000012","AAV2.0.0.13","1.1.2.0","PSt7-10","000000-000","6/10/2026 14:47:13","0000-00","0","no battery","V"
"07/08/2026","18:10:11","3","default","198787511","O3","311.505","min","175.961","µmol/L","Humid","21.256","deg","134641","µV","23.313","°C","1010.000","hPa","34.2","pmil","0","52.118","deg","21.808","°C","226.700","µmol/L","21.407","deg","20.891","°C","1012.000","hPa","0.861","-0.02056","0.00035","-0.00011","0","14.7","Humid","27.30","0","43.40","195691.74","SABD0002000012","AAV2.0.0.13","1.1.2.0","PSt7-10","000000-000","6/10/2026 14:47:13","0000-00","0","no battery","V"
"07/08/2026","18:10:41","3","default","198787511","O3","312.005","min","175.991","µmol/L","Humid","21.256","deg","134638","µV","23.307","°C","1010.000","hPa","34.2","pmil","0","52.118","deg","21.808","°C","226.700","µmol/L","21.407","deg","20.891","°C","1012.000","hPa","0.861","-0.02056","0.00035","-0.00011","0","14.7","Humid","27.30","0","43.40","195684.84","SABD0002000012","AAV2.0.0.13","1.1.2.0","PSt7-10","000000-000","6/10/2026 14:47:13","0000-00","0","no battery","V"
"07/08/2026","18:11:11","3","default","198787511","O3","312.504","min","175.928","µmol/L","Humid","21.258","deg","134660","µV","23.313","°C","1010.000","hPa","34.2","pmil","0","52.118","deg","21.808","°C","226.700","µmol/L","21.407","deg","20.891","°C","1012.000","hPa","0.861","-0.02056","0.00035","-0.00011","0","14.7","Humid","27.30","0","43.40","195690.49","SABD0002000012","AAV2.0.0.13","1.1.2.0","PSt7-10","000000-000","6/10/2026 14:47:13","0000-00","0","no battery","V"
"07/08/2026","18:11:41","3","default","198787511","O3","313.004","min","175.926","µmol/L","Humid","21.260","deg","134669","µV","23.307","°C","1010.000","hPa","34.2","pmil","0","52.118","deg","21.808","°C","226.700","µmol/L","21.407","deg","20.891","°C","1012.000","hPa","0.861","-0.02056","0.00035","-0.00011","0","14.7","Humid","27.30","0","43.40","195688.86","SABD0002000012","AAV2.0.0.13","1.1.2.0","PSt7-10","000000-000","6/10/2026 14:47:13","0000-00","0","no battery","V"
"07/08/2026","18:12:11","3","default","198787511","O3","313.505","min","175.991","µmol/L","Humid","21.256","deg","134669","µV","23.307","°C","1010.000","hPa","34.2","pmil","0","52.118","deg","21.808","°C","226.700","µmol/L","21.407","deg","20.891","°C","1012.000","hPa","0.861","-0.02056","0.00035","-0.00011","0","14.7","Humid","27.30","0","43.40","195700.79","SABD0002000012","AAV2.0.0.13","1.1.2.0","PSt7-10","000000-000","6/10/2026 14:47:13","0000-00","0","no battery","V"
"07/08/2026","18:12:41","3","default","198787511","O3","314.005","min","175.942","µmol/L","Humid","21.259","deg","134677","µV","23.307","°C","1010.000","hPa","34.2","pmil","0","52.118","deg","21.808","°C","226.700","µmol/L","21.407","deg","20.891","°C","1012.000","hPa","0.861","-0.02056","0.00035","-0.00011","0","14.7","Humid","27.30","0","43.40","195692.78","SABD0002000012","AAV2.0.0.13","1.1.2.0","PSt7-10","000000-000","6/10/2026 14:47:13","0000-00","0","no battery","V"
"07/08/2026","18:13:11","3","default","198787511","O3","314.505","min","175.973","µmol/L","Humid","21.259","deg","134675","µV","23.301","°C","1010.000","hPa","34.2","pmil","0","52.118","deg","21.808","°C","226.700","µmol/L","21.407","deg","20.891","°C","1012.000","hPa","0.861","-0.02056","0.00035","-0.00011","0","14.7","Humid","27.30","0","43.40","195693.86","SABD0002000012","AAV2.0.0.13","1.1.2.0","PSt7-10","000000-000","6/10/2026 14:47:13","0000-00","0","no battery","V"
"07/08/2026","18:13:41","3","default","198787511","O3","315.004","min","175.926","µmol/L","Humid","21.260","deg","134655","µV","23.307","°C","1010.000","hPa","34.2","pmil","0","52.118","deg","21.808","°C","226.700","µmol/L","21.407","deg","20.891","°C","1012.000","hPa","0.861","-0.02056","0.00035","-0.00011","0","14.7","Humid","27.30","0","43.40","195699.20","SABD0002000012","AAV2.0.0.13","1.1.2.0","PSt7-10","000000-000","6/10/2026 14:47:13","0000-00","0","no battery","V"
"07/08/2026","18:14:11","3","default","198787511","O3","315.504","min","175.959","µmol/L","Humid","21.258","deg","134667","µV","23.307","°C","1010.000","hPa","34.2","pmil","0","52.118","deg","21.808","°C","226.700","µmol/L","21.407","deg","20.891","°C","1012.000","hPa","0.861","-0.02056","0.00035","-0.00011","0","14.7","Humid","27.30","0","43.40","195698.22","SABD0002000012","AAV2.0.0.13","1.1.2.0","PSt7-10","000000-000","6/10/2026 14:47:13","0000-00","0","no battery","V"
"07/08/2026","18:14:41","3","default","198787511","O3","316.005","min","175.989","µmol/L","Humid","21.258","deg","134667","µV","23.301","°C","1010.000","hPa","34.2","pmil","0","52.118","deg","21.808","°C","226.700","µmol/L","21.407","deg","20.891","°C","1012.000","hPa","0.861","-0.02056","0.00035","-0.00011","0","14.7","Humid","27.30","0","43.40","195696.84","SABD0002000012","AAV2.0.0.13","1.1.2.0","PSt7-10","000000-000","6/10/2026 14:47:13","0000-00","0","no battery","V"
"07/08/2026","18:15:11","3","default","198787511","O3","316.505","min","175.987","µmol/L","Humid","21.260","deg","134664","µV","23.295","°C","1010.000","hPa","34.2","pmil","0","52.118","deg","21.808","°C","226.700","µmol/L","21.407","deg","20.891","°C","1012.000","hPa","0.861","-0.02056","0.00035","-0.00011","0","14.7","Humid","27.30","0","43.40","195688.14","SABD0002000012","AAV2.0.0.13","1.1.2.0","PSt7-10","000000-000","6/10/2026 14:47:13","0000-00","0","no battery","V"
"07/08/2026","18:15:41","3","default","198787511","O3","317.005","min","176.021","µmol/L","Humid","21.256","deg","134677","µV","23.301","°C","1010.000","hPa","34.2","pmil","0","52.118","deg","21.808","°C","226.700","µmol/L","21.407","deg","20.891","°C","1012.000","hPa","0.861","-0.02056","0.00035","-0.00011","0","14.7","Humid","27.30","0","43.40","195697.55","SABD0002000012","AAV2.0.0.13","1.1.2.0","PSt7-10","000000-000","6/10/2026 14:47:13","0000-00","0","no battery","V"
"07/08/2026","18:16:11","3","default","198787511","O3","317.504","min","175.926","µmol/L","Humid","21.260","deg","134661","µV","23.307","°C","1010.000","hPa","34.2","pmil","0","52.118","deg","21.808","°C","226.700","µmol/L","21.407","deg","20.891","°C","1012.000","hPa","0.861","-0.02056","0.00035","-0.00011","0","14.7","Humid","27.30","0","43.40","195691.37","SABD0002000012","AAV2.0.0.13","1.1.2.0","PSt7-10","000000-000","6/10/2026 14:47:13","0000-00","0","no battery","V"
"07/08/2026","18:16:41","3","default","198787511","O3","318.005","min","175.926","µmol/L","Humid","21.260","deg","134668","µV","23.307","°C","1010.000","hPa","34.2","pmil","0","52.118","deg","21.808","°C","226.700","µmol/L","21.407","deg","20.891","°C","1012.000","hPa","0.861","-0.02056","0.00035","-0.00011","0","14.7","Humid","27.30","0","43.40","195697.02","SABD0002000012","AAV2.0.0.13","1.1.2.0","PSt7-10","000000-000","6/10/2026 14:47:13","0000-00","0","no battery","V"
"07/08/2026","18:17:11","3","default","198787511","O3","318.505","min","175.912","µmol/L","Humid","21.259","deg","134664","µV","23.313","°C","1010.000","hPa","34.2","pmil","0","52.118","deg","21.808","°C","226.700","µmol/L","21.407","deg","20.891","°C","1012.000","hPa","0.861","-0.02056","0.00035","-0.00011","0","14.7","Humid","27.30","0","43.40","195694.17","SABD0002000012","AAV2.0.0.13","1.1.2.0","PSt7-10","000000-000","6/10/2026 14:47:13","0000-00","0","no battery","V"
"07/08/2026","18:17:41","3","default","198787511","O3","319.005","min","176.005","µmol/L","Humid","21.257","deg","134672","µV","23.301","°C","1010.000","hPa","34.2","pmil","0","52.118","deg","21.808","°C","226.700","µmol/L","21.407","deg","20.891","°C","1012.000","hPa","0.861","-0.02056","0.00035","-0.00011","0","14.7","Humid","27.30","0","43.40","195702.19","SABD0002000012","AAV2.0.0.13","1.1.2.0","PSt7-10","000000-000","6/10/2026 14:47:13","0000-00","0","no battery","V"
"07/08/2026","18:18:11","3","default","198787511","O3","319.504","min","175.942","µmol/L","Humid","21.259","deg","134673","µV","23.307","°C","1010.000","hPa","34.2","pmil","0","52.118","deg","21.808","°C","226.700","µmol/L","21.407","deg","20.891","°C","1012.000","hPa","0.861","-0.02056","0.00035","-0.00011","0","14.7","Humid","27.30","0","43.40","195695.62","SABD0002000012","AAV2.0.0.13","1.1.2.0","PSt7-10","000000-000","6/10/2026 14:47:13","0000-00","0","no battery","V"
"07/08/2026","18:18:41","3","default","198787511","O3","320.004","min","175.878","µmol/L","Humid","21.263","deg","134670","µV","23.307","°C","1010.000","hPa","34.2","pmil","0","52.118","deg","21.808","°C","226.700","µmol/L","21.407","deg","20.891","°C","1012.000","hPa","0.861","-0.02056","0.00035","-0.00011","0","14.7","Humid","27.30","0","43.40","195692.85","SABD0002000012","AAV2.0.0.13","1.1.2.0","PSt7-10","000000-000","6/10/2026 14:47:13","0000-00","0","no battery","V"
"07/08/2026","18:19:11","3","default","198787511","O3","320.505","min","175.908","µmol/L","Humid","21.263","deg","134670","µV","23.301","°C","1010.000","hPa","34.2","pmil","0","52.118","deg","21.808","°C","226.700","µmol/L","21.407","deg","20.891","°C","1012.000","hPa","0.861","-0.02056","0.00035","-0.00011","0","14.7","Humid","27.30","0","43.40","195700.59","SABD0002000012","AAV2.0.0.13","1.1.2.0","PSt7-10","000000-000","6/10/2026 14:47:13","0000-00","0","no battery","V"
"07/08/2026","18:19:41","3","default","198787511","O3","321.005","min","175.973","µmol/L","Humid","21.259","deg","134681","µV","23.301","°C","1010.000","hPa","34.2","pmil","0","52.118","deg","21.808","°C","226.700","µmol/L","21.407","deg","20.891","°C","1012.000","hPa","0.861","-0.02056","0.00035","-0.00011","0","14.7","Humid","27.30","0","43.40","195689.19","SABD0002000012","AAV2.0.0.13","1.1.2.0","PSt7-10","000000-000","6/10/2026 14:47:13","0000-00","0","no battery","V"
"07/08/2026","18:20:11","3","default","198787511","O3","321.504","min","175.971","µmol/L","Humid","21.261","deg","134664","µV","23.295","°C","1010.000","hPa","34.2","pmil","0","52.118","deg","21.808","°C","226.700","µmol/L","21.407","deg","20.891","°C","1012.000","hPa","0.861","-0.02056","0.00035","-0.00011","0","14.7","Humid","27.30","0","43.40","195701.15","SABD0002000012","AAV2.0.0.13","1.1.2.0","PSt7-10","000000-000","6/10/2026 14:47:13","0000-00","0","no battery","V"
"07/08/2026","18:20:41","3","default","198787511","O3","322.005","min","175.941","µmol/L","Humid","21.261","deg","134685","µV","23.301","°C","1010.000","hPa","34.2","pmil","0","52.118","deg","21.808","°C","226.700","µmol/L","21.407","deg","20.891","°C","1012.000","hPa","0.861","-0.02056","0.00035","-0.00011","0","14.7","Humid","27.30","0","43.40","195696.22","SABD0002000012","AAV2.0.0.13","1.1.2.0","PSt7-10","000000-000","6/10/2026 14:47:13","0000-00","0","no battery","V"
"07/08/2026","18:21:11","3","default","198787511","O3","322.504","min","175.955","µmol/L","Humid","21.262","deg","134682","µV","23.295","°C","1010.000","hPa","34.2","pmil","0","52.118","deg","21.808","°C","226.700","µmol/L","21.407","deg","20.891","°C","1012.000","hPa","0.861","-0.02056","0.00035","-0.00011","0","14.7","Humid","27.30","0","43.40","195700.96","SABD0002000012","AAV2.0.0.13","1.1.2.0","PSt7-10","000000-000","6/10/2026 14:47:13","0000-00","0","no battery","V"
"07/08/2026","18:21:41","3","default","198787511","O3","323.005","min","175.924","µmol/L","Humid","21.262","deg","134684","µV","23.301","°C","1010.000","hPa","34.2","pmil","0","52.118","deg","21.808","°C","226.700","µmol/L","21.407","deg","20.891","°C","1012.000","hPa","0.861","-0.02056","0.00035","-0.00011","0","14.7","Humid","27.30","0","43.40","195702.01","SABD0002000012","AAV2.0.0.13","1.1.2.0","PSt7-10","000000-000","6/10/2026 14:47:13","0000-00","0","no battery","V"
"07/08/2026","18:22:11","3","default","198787511","O3","323.505","min","175.939","µmol/L","Humid","21.263","deg","134695","µV","23.295","°C","1010.000","hPa","34.2","pmil","0","52.118","deg","21.808","°C","226.700","µmol/L","21.407","deg","20.891","°C","1012.000","hPa","0.861","-0.02056","0.00035","-0.00011","0","14.7","Humid","27.30","0","43.40","195692.75","SABD0002000012","AAV2.0.0.13","1.1.2.0","PSt7-10","000000-000","6/10/2026 14:47:13","0000-00","0","no battery","V"
"07/08/2026","18:22:41","3","default","198787511","O3","324.004","min","176.036","µmol/L","Humid","21.257","deg","134699","µV","23.295","°C","1010.000","hPa","34.2","pmil","0","52.118","deg","21.808","°C","226.700","µmol/L","21.407","deg","20.891","°C","1012.000","hPa","0.861","-0.02056","0.00035","-0.00011","0","14.7","Humid","27.30","0","43.40","195691.12","SABD0002000012","AAV2.0.0.13","1.1.2.0","PSt7-10","000000-000","6/10/2026 14:47:13","0000-00","0","no battery","V"
"07/08/2026","18:23:11","3","default","198787511","O3","324.505","min","176.050","µmol/L","Humid","21.258","deg","134677","µV","23.289","°C","1010.000","hPa","34.2","pmil","0","52.118","deg","21.808","°C","226.700","µmol/L","21.407","deg","20.891","°C","1012.000","hPa","0.861","-0.02056","0.00035","-0.00011","0","14.7","Humid","27.30","0","43.40","195692.68","SABD0002000012","AAV2.0.0.13","1.1.2.0","PSt7-10","000000-000","6/10/2026 14:47:13","0000-00","0","no battery","V"
"07/08/2026","18:23:41","3","default","198787511","O3","325.005","min","176.003","µmol/L","Humid","21.259","deg","134667","µV","23.295","°C","1010.000","hPa","34.2","pmil","0","52.118","deg","21.808","°C","226.700","µmol/L","21.407","deg","20.891","°C","1012.000","hPa","0.861","-0.02056","0.00035","-0.00011","0","14.7","Humid","27.30","0","43.40","195692.84","SABD0002000012","AAV2.0.0.13","1.1.2.0","PSt7-10","000000-000","6/10/2026 14:47:13","0000-00","0","no battery","V"
"07/08/2026","18:24:11","3","default","198787511","O3","325.505","min","176.003","µmol/L","Humid","21.259","deg","134678","µV","23.295","°C","1010.000","hPa","34.2","pmil","0","52.118","deg","21.808","°C","226.700","µmol/L","21.407","deg","20.891","°C","1012.000","hPa","0.861","-0.02056","0.00035","-0.00011","0","14.7","Humid","27.30","0","43.40","195695.30","SABD0002000012","AAV2.0.0.13","1.1.2.0","PSt7-10","000000-000","6/10/2026 14:47:13","0000-00","0","no battery","V"
"07/08/2026","18:24:41","3","default","198787511","O3","326.005","min","175.971","µmol/L","Humid","21.261","deg","134681","µV","23.295","°C","1010.000","hPa","34.2","pmil","0","52.118","deg","21.808","°C","226.700","µmol/L","21.407","deg","20.891","°C","1012.000","hPa","0.861","-0.02056","0.00035","-0.00011","0","14.7","Humid","27.30","0","43.40","195695.41","SABD0002000012","AAV2.0.0.13","1.1.2.0","PSt7-10","000000-000","6/10/2026 14:47:13","0000-00","0","no battery","V"
"07/08/2026","18:25:11","3","default","198787511","O3","326.504","min","176.001","µmol/L","Humid","21.261","deg","134700","µV","23.289","°C","1010.000","hPa","34.2","pmil","0","52.118","deg","21.808","°C","226.700","µmol/L","21.407","deg","20.891","°C","1012.000","hPa","0.861","-0.02056","0.00035","-0.00011","0","14.7","Humid","27.30","0","43.40","195704.23","SABD0002000012","AAV2.0.0.13","1.1.2.0","PSt7-10","000000-000","6/10/2026 14:47:13","0000-00","0","no battery","V"
"07/08/2026","18:25:41","3","default","198787511","O3","327.005","min","175.969","µmol/L","Humid","21.263","deg","134692","µV","23.289","°C","1010.000","hPa","34.2","pmil","0","52.118","deg","21.808","°C","226.700","µmol/L","21.407","deg","20.891","°C","1012.000","hPa","0.861","-0.02056","0.00035","-0.00011","0","14.7","Humid","27.30","0","43.40","195708.35","SABD0002000012","AAV2.0.0.13","1.1.2.0","PSt7-10","000000-000","6/10/2026 14:47:13","0000-00","0","no battery","V"
"07/08/2026","18:26:11","3","default","198787511","O3","327.505","min","175.969","µmol/L","Humid","21.263","deg","134701","µV","23.289","°C","1010.000","hPa","34.2","pmil","0","52.118","deg","21.808","°C","226.700","µmol/L","21.407","deg","20.891","°C","1012.000","hPa","0.861","-0.02056","0.00035","-0.00011","0","14.7","Humid","27.30","0","43.40","195708.38","SABD0002000012","AAV2.0.0.13","1.1.2.0","PSt7-10","000000-000","6/10/2026 14:47:13","0000-00","0","no battery","V"
"07/08/2026","18:26:41","3","default","198787511","O3","328.005","min","175.953","µmol/L","Humid","21.264","deg","134708","µV","23.289","°C","1010.000","hPa","34.2","pmil","0","52.118","deg","21.808","°C","226.700","µmol/L","21.407","deg","20.891","°C","1012.000","hPa","0.861","-0.02056","0.00035","-0.00011","0","14.7","Humid","27.30","0","43.40","195711.27","SABD0002000012","AAV2.0.0.13","1.1.2.0","PSt7-10","000000-000","6/10/2026 14:47:13","0000-00","0","no battery","V"
"07/08/2026","18:27:11","3","default","198787511","O3","328.504","min","176.001","µmol/L","Humid","21.261","deg","134693","µV","23.289","°C","1010.000","hPa","34.2","pmil","0","52.118","deg","21.808","°C","226.700","µmol/L","21.407","deg","20.891","°C","1012.000","hPa","0.861","-0.02056","0.00035","-0.00011","0","14.7","Humid","27.30","0","43.40","195718.58","SABD0002000012","AAV2.0.0.13","1.1.2.0","PSt7-10","000000-000","6/10/2026 14:47:13","0000-00","0","no battery","V"
"07/08/2026","18:27:41","3","default","198787511","O3","329.005","min","176.046","µmol/L","Humid","21.262","deg","134714","µV","23.276","°C","1010.000","hPa","34.2","pmil","0","52.118","deg","21.808","°C","226.700","µmol/L","21.407","deg","20.891","°C","1012.000","hPa","0.861","-0.02056","0.00035","-0.00011","0","14.7","Humid","27.30","0","43.40","195710.80","SABD0002000012","AAV2.0.0.13","1.1.2.0","PSt7-10","000000-000","6/10/2026 14:47:13","0000-00","0","no battery","V"
"07/08/2026","18:28:11","3","default","198787511","O3","329.504","min","175.919","µmol/L","Humid","21.268","deg","134717","µV","23.283","°C","1010.000","hPa","34.2","pmil","0","52.118","deg","21.808","°C","226.700","µmol/L","21.407","deg","20.891","°C","1012.000","hPa","0.861","-0.02056","0.00035","-0.00011","0","14.7","Humid","27.30","0","43.40","195710.78","SABD0002000012","AAV2.0.0.13","1.1.2.0","PSt7-10","000000-000","6/10/2026 14:47:13","0000-00","0","no battery","V"
"07/08/2026","18:28:41","3","default","198787511","O3","330.004","min","176.032","µmol/L","Humid","21.261","deg","134721","µV","23.283","°C","1010.000","hPa","34.2","pmil","0","52.118","deg","21.808","°C","226.700","µmol/L","21.407","deg","20.891","°C","1012.000","hPa","0.861","-0.02056","0.00035","-0.00011","0","14.7","Humid","27.30","0","43.40","195713.10","SABD0002000012","AAV2.0.0.13","1.1.2.0","PSt7-10","000000-000","6/10/2026 14:47:13","0000-00","0","no battery","V"
"07/08/2026","18:29:11","3","default","198787511","O3","330.505","min","175.951","µmol/L","Humid","21.266","deg","134734","µV","23.283","°C","1010.000","hPa","34.2","pmil","0","52.118","deg","21.808","°C","226.700","µmol/L","21.407","deg","20.891","°C","1012.000","hPa","0.861","-0.02056","0.00035","-0.00011","0","14.7","Humid","27.30","0","43.40","195721.31","SABD0002000012","AAV2.0.0.13","1.1.2.0","PSt7-10","000000-000","6/10/2026 14:47:13","0000-00","0","no battery","V"
"07/08/2026","18:29:41","3","default","198787511","O3","331.004","min","175.983","µmol/L","Humid","21.264","deg","134724","µV","23.283","°C","1010.000","hPa","34.2","pmil","0","52.118","deg","21.808","°C","226.700","µmol/L","21.407","deg","20.891","°C","1012.000","hPa","0.861","-0.02056","0.00035","-0.00011","0","14.7","Humid","27.30","0","43.40","195712.59","SABD0002000012","AAV2.0.0.13","1.1.2.0","PSt7-10","000000-000","6/10/2026 14:47:13","0000-00","0","no battery","V"
"07/08/2026","18:30:11","3","default","198787511","O3","331.505","min","176.000","µmol/L","Humid","21.263","deg","134723","µV","23.283","°C","1010.000","hPa","34.2","pmil","0","52.118","deg","21.808","°C","226.700","µmol/L","21.407","deg","20.891","°C","1012.000","hPa","0.861","-0.02056","0.00035","-0.00011","0","14.7","Humid","27.30","0","43.40","195711.26","SABD0002000012","AAV2.0.0.13","1.1.2.0","PSt7-10","000000-000","6/10/2026 14:47:13","0000-00","0","no battery","V"
"07/08/2026","18:30:41","3","default","198787511","O3","332.005","min","175.965","µmol/L","Humid","21.267","deg","134725","µV","23.276","°C","1010.000","hPa","34.2","pmil","0","52.118","deg","21.808","°C","226.700","µmol/L","21.407","deg","20.891","°C","1012.000","hPa","0.861","-0.02056","0.00035","-0.00011","0","14.7","Humid","27.30","0","43.40","195717.77","SABD0002000012","AAV2.0.0.13","1.1.2.0","PSt7-10","000000-000","6/10/2026 14:47:13","0000-00","0","no battery","V"
"07/08/2026","18:31:11","3","default","198787511","O3","332.504","min","175.951","µmol/L","Humid","21.266","deg","134737","µV","23.283","°C","1010.000","hPa","34.2","pmil","0","52.118","deg","21.808","°C","226.700","µmol/L","21.407","deg","20.891","°C","1012.000","hPa","0.861","-0.02056","0.00035","-0.00011","0","14.7","Humid","27.30","0","43.40","195707.41","SABD0002000012","AAV2.0.0.13","1.1.2.0","PSt7-10","000000-000","6/10/2026 14:47:13","0000-00","0","no battery","V"
"07/08/2026","18:31:41","3","default","198787511","O3","333.004","min","175.983","µmol/L","Humid","21.264","deg","134732","µV","23.283","°C","1010.000","hPa","34.2","pmil","0","52.118","deg","21.808","°C","226.700","µmol/L","21.407","deg","20.891","°C","1012.000","hPa","0.861","-0.02056","0.00035","-0.00011","0","14.7","Humid","27.30","0","43.40","195721.20","SABD0002000012","AAV2.0.0.13","1.1.2.0","PSt7-10","000000-000","6/10/2026 14:47:13","0000-00","0","no battery","V"
"07/08/2026","18:32:11","3","default","198787511","O3","333.505","min","175.981","µmol/L","Humid","21.266","deg","134715","µV","23.276","°C","1010.000","hPa","34.2","pmil","0","52.118","deg","21.808","°C","226.700","µmol/L","21.407","deg","20.891","°C","1012.000","hPa","0.861","-0.02056","0.00035","-0.00011","0","14.7","Humid","27.30","0","43.40","195720.62","SABD0002000012","AAV2.0.0.13","1.1.2.0","PSt7-10","000000-000","6/10/2026 14:47:13","0000-00","0","no battery","V"
"07/08/2026","18:32:41","3","default","198787511","O3","334.004","min","176.028","µmol/L","Humid","21.265","deg","134723","µV","23.270","°C","1010.000","hPa","34.2","pmil","0","52.118","deg","21.808","°C","226.700","µmol/L","21.407","deg","20.891","°C","1012.000","hPa","0.861","-0.02056","0.00035","-0.00011","0","14.7","Humid","27.30","0","43.40","195714.83","SABD0002000012","AAV2.0.0.13","1.1.2.0","PSt7-10","000000-000","6/10/2026 14:47:13","0000-00","0","no battery","V"
"07/08/2026","18:33:11","3","default","198787511","O3","334.505","min","176.012","µmol/L","Humid","21.266","deg","134722","µV","23.270","°C","1010.000","hPa","34.2","pmil","0","52.118","deg","21.808","°C","226.700","µmol/L","21.407","deg","20.891","°C","1012.000","hPa","0.861","-0.02056","0.00035","-0.00011","0","14.7","Humid","27.30","0","43.40","195714.59","SABD0002000012","AAV2.0.0.13","1.1.2.0","PSt7-10","000000-000","6/10/2026 14:47:13","0000-00","0","no battery","V"
"07/08/2026","18:33:41","3","default","198787511","O3","335.005","min","175.965","µmol/L","Humid","21.267","deg","134723","µV","23.276","°C","1010.000","hPa","34.2","pmil","0","52.118","deg","21.808","°C","226.700","µmol/L","21.407","deg","20.891","°C","1012.000","hPa","0.861","-0.02056","0.00035","-0.00011","0","14.7","Humid","27.30","0","43.40","195722.33","SABD0002000012","AAV2.0.0.13","1.1.2.0","PSt7-10","000000-000","6/10/2026 14:47:13","0000-00","0","no battery","V"
"07/08/2026","18:34:11","3","default","198787511","O3","335.505","min","175.963","µmol/L","Humid","21.269","deg","134713","µV","23.270","°C","1010.000","hPa","34.2","pmil","0","52.118","deg","21.808","°C","226.700","µmol/L","21.407","deg","20.891","°C","1012.000","hPa","0.861","-0.02056","0.00035","-0.00011","0","14.7","Humid","27.30","0","43.40","195714.90","SABD0002000012","AAV2.0.0.13","1.1.2.0","PSt7-10","000000-000","6/10/2026 14:47:13","0000-00","0","no battery","V"
"07/08/2026","18:34:41","3","default","198787511","O3","336.005","min","175.996","µmol/L","Humid","21.267","deg","134725","µV","23.270","°C","1010.000","hPa","34.2","pmil","0","52.118","deg","21.808","°C","226.700","µmol/L","21.407","deg","20.891","°C","1012.000","hPa","0.861","-0.02056","0.00035","-0.00011","0","14.7","Humid","27.30","0","43.40","195716.17","SABD0002000012","AAV2.0.0.13","1.1.2.0","PSt7-10","000000-000","6/10/2026 14:47:13","0000-00","0","no battery","V"
"07/08/2026","18:35:11","3","default","198787511","O3","336.505","min","175.949","µmol/L","Humid","21.268","deg","134718","µV","23.276","°C","1010.000","hPa","34.2","pmil","0","52.118","deg","21.808","°C","226.700","µmol/L","21.407","deg","20.891","°C","1012.000","hPa","0.861","-0.02056","0.00035","-0.00011","0","14.7","Humid","27.30","0","43.40","195720.72","SABD0002000012","AAV2.0.0.13","1.1.2.0","PSt7-10","000000-000","6/10/2026 14:47:13","0000-00","0","no battery","V"
"07/08/2026","18:35:41","3","default","198787511","O3","337.005","min","175.947","µmol/L","Humid","21.270","deg","134726","µV","23.270","°C","1010.000","hPa","34.2","pmil","0","52.118","deg","21.808","°C","226.700","µmol/L","21.407","deg","20.891","°C","1012.000","hPa","0.861","-0.02056","0.00035","-0.00011","0","14.7","Humid","27.30","0","43.40","195719.44","SABD0002000012","AAV2.0.0.13","1.1.2.0","PSt7-10","000000-000","6/10/2026 14:47:13","0000-00","0","no battery","V"
"07/08/2026","18:36:11","3","default","198787511","O3","337.505","min","175.949","µmol/L","Humid","21.268","deg","134725","µV","23.276","°C","1010.000","hPa","34.2","pmil","0","52.118","deg","21.808","°C","226.700","µmol/L","21.407","deg","20.891","°C","1012.000","hPa","0.861","-0.02056","0.00035","-0.00011","0","14.7","Humid","27.30","0","43.40","195717.71","SABD0002000012","AAV2.0.0.13","1.1.2.0","PSt7-10","000000-000","6/10/2026 14:47:13","0000-00","0","no battery","V"
"07/08/2026","18:36:41","3","default","198787511","O3","338.005","min","175.978","µmol/L","Humid","21.270","deg","134721","µV","23.264","°C","1010.000","hPa","34.2","pmil","0","52.118","deg","21.808","°C","226.700","µmol/L","21.407","deg","20.891","°C","1012.000","hPa","0.861","-0.02056","0.00035","-0.00011","0","14.7","Humid","27.30","0","43.40","195723.44","SABD0002000012","AAV2.0.0.13","1.1.2.0","PSt7-10","000000-000","6/10/2026 14:47:13","0000-00","0","no battery","V"
"07/08/2026","18:37:11","3","default","198787511","O3","338.504","min","176.010","µmol/L","Humid","21.268","deg","134714","µV","23.264","°C","1010.000","hPa","34.2","pmil","0","52.118","deg","21.808","°C","226.700","µmol/L","21.407","deg","20.891","°C","1012.000","hPa","0.861","-0.02056","0.00035","-0.00011","0","14.7","Humid","27.30","0","43.40","195722.44","SABD0002000012","AAV2.0.0.13","1.1.2.0","PSt7-10","000000-000","6/10/2026 14:47:13","0000-00","0","no battery","V"
"07/08/2026","18:37:41","3","default","198787511","O3","339.004","min","176.026","µmol/L","Humid","21.267","deg","134720","µV","23.264","°C","1010.000","hPa","34.2","pmil","0","52.118","deg","21.808","°C","226.700","µmol/L","21.407","deg","20.891","°C","1012.000","hPa","0.861","-0.02056","0.00035","-0.00011","0","14.7","Humid","27.30","0","43.40","195718.18","SABD0002000012","AAV2.0.0.13","1.1.2.0","PSt7-10","000000-000","6/10/2026 14:47:13","0000-00","0","no battery","V"
"07/08/2026","18:38:11","3","default","198787511","O3","339.505","min","176.042","µmol/L","Humid","21.266","deg","134729","µV","23.264","°C","1010.000","hPa","34.2","pmil","0","52.118","deg","21.808","°C","226.700","µmol/L","21.407","deg","20.891","°C","1012.000","hPa","0.861","-0.02056","0.00035","-0.00011","0","14.7","Humid","27.30","0","43.40","195722.26","SABD0002000012","AAV2.0.0.13","1.1.2.0","PSt7-10","000000-000","6/10/2026 14:47:13","0000-00","0","no battery","V"
"07/08/2026","18:38:41","3","default","198787511","O3","340.004","min","176.010","µmol/L","Humid","21.268","deg","134729","µV","23.264","°C","1010.000","hPa","34.2","pmil","0","52.118","deg","21.808","°C","226.700","µmol/L","21.407","deg","20.891","°C","1012.000","hPa","0.861","-0.02056","0.00035","-0.00011","0","14.7","Humid","27.30","0","43.40","195729.68","SABD0002000012","AAV2.0.0.13","1.1.2.0","PSt7-10","000000-000","6/10/2026 14:47:13","0000-00","0","no battery","V"
"07/08/2026","18:39:11","3","default","198787511","O3","340.504","min","175.994","µmol/L","Humid","21.269","deg","134722","µV","23.264","°C","1010.000","hPa","34.2","pmil","0","52.118","deg","21.808","°C","226.700","µmol/L","21.407","deg","20.891","°C","1012.000","hPa","0.861","-0.02056","0.00035","-0.00011","0","14.7","Humid","27.30","0","43.40","195721.22","SABD0002000012","AAV2.0.0.13","1.1.2.0","PSt7-10","000000-000","6/10/2026 14:47:13","0000-00","0","no battery","V"
"07/08/2026","18:39:41","3","default","198787511","O3","341.005","min","176.026","µmol/L","Humid","21.267","deg","134723","µV","23.264","°C","1010.000","hPa","34.2","pmil","0","52.118","deg","21.808","°C","226.700","µmol/L","21.407","deg","20.891","°C","1012.000","hPa","0.861","-0.02056","0.00035","-0.00011","0","14.7","Humid","27.30","0","43.40","195727.40","SABD0002000012","AAV2.0.0.13","1.1.2.0","PSt7-10","000000-000","6/10/2026 14:47:13","0000-00","0","no battery","V"
"07/08/2026","18:40:11","3","default","198787511","O3","341.505","min","175.976","µmol/L","Humid","21.272","deg","134728","µV","23.258","°C","1010.000","hPa","34.2","pmil","0","52.118","deg","21.808","°C","226.700","µmol/L","21.407","deg","20.891","°C","1012.000","hPa","0.861","-0.02056","0.00035","-0.00011","0","14.7","Humid","27.30","0","43.40","195722.93","SABD0002000012","AAV2.0.0.13","1.1.2.0","PSt7-10","000000-000","6/10/2026 14:47:13","0000-00","0","no battery","V"
"07/08/2026","18:40:41","3","default","198787511","O3","342.004","min","176.024","µmol/L","Humid","21.269","deg","134724","µV","23.258","°C","1010.000","hPa","34.2","pmil","0","52.118","deg","21.808","°C","226.700","µmol/L","21.407","deg","20.891","°C","1012.000","hPa","0.861","-0.02056","0.00035","-0.00011","0","14.7","Humid","27.30","0","43.40","195718.60","SABD0002000012","AAV2.0.0.13","1.1.2.0","PSt7-10","000000-000","6/10/2026 14:47:13","0000-00","0","no battery","V"
"07/08/2026","18:41:11","3","default","198787511","O3","342.504","min","175.992","µmol/L","Humid","21.271","deg","134724","µV","23.258","°C","1010.000","hPa","34.2","pmil","0","52.118","deg","21.808","°C","226.700","µmol/L","21.407","deg","20.891","°C","1012.000","hPa","0.861","-0.02056","0.00035","-0.00011","0","14.7","Humid","27.30","0","43.40","195718.87","SABD0002000012","AAV2.0.0.13","1.1.2.0","PSt7-10","000000-000","6/10/2026 14:47:13","0000-00","0","no battery","V"
"07/08/2026","18:41:41","3","default","198787511","O3","343.004","min","175.974","µmol/L","Humid","21.274","deg","134711","µV","23.252","°C","1010.000","hPa","34.2","pmil","0","52.118","deg","21.808","°C","226.700","µmol/L","21.407","deg","20.891","°C","1012.000","hPa","0.861","-0.02056","0.00035","-0.00011","0","14.7","Humid","27.30","0","43.40","195716.23","SABD0002000012","AAV2.0.0.13","1.1.2.0","PSt7-10","000000-000","6/10/2026 14:47:13","0000-00","0","no battery","V"
"07/08/2026","18:42:11","3","default","198787511","O3","343.504","min","176.020","µmol/L","Humid","21.273","deg","134717","µV","23.246","°C","1010.000","hPa","34.2","pmil","0","52.118","deg","21.808","°C","226.700","µmol/L","21.407","deg","20.891","°C","1012.000","hPa","0.861","-0.02056","0.00035","-0.00011","0","14.7","Humid","27.30","0","43.40","195703.75","SABD0002000012","AAV2.0.0.13","1.1.2.0","PSt7-10","000000-000","6/10/2026 14:47:13","0000-00","0","no battery","V"
"07/08/2026","18:42:41","3","default","198787511","O3","344.005","min","175.927","µmol/L","Humid","21.275","deg","134698","µV","23.258","°C","1010.000","hPa","34.2","pmil","0","52.118","deg","21.808","°C","226.700","µmol/L","21.407","deg","20.891","°C","1012.000","hPa","0.861","-0.02056","0.00035","-0.00011","0","14.7","Humid","27.30","0","43.40","195699.87","SABD0002000012","AAV2.0.0.13","1.1.2.0","PSt7-10","000000-000","6/10/2026 14:47:13","0000-00","0","no battery","V"
"07/08/2026","18:43:11","3","default","198787511","O3","344.505","min","176.035","µmol/L","Humid","21.274","deg","134696","µV","23.240","°C","1010.000","hPa","34.2","pmil","0","52.118","deg","21.808","°C","226.700","µmol/L","21.407","deg","20.891","°C","1012.000","hPa","0.861","-0.02056","0.00035","-0.00011","0","14.7","Humid","27.30","0","43.40","195697.86","SABD0002000012","AAV2.0.0.13","1.1.2.0","PSt7-10","000000-000","6/10/2026 14:47:13","0000-00","0","no battery","V"
"07/08/2026","18:43:41","3","default","198787511","O3","345.005","min","176.006","µmol/L","Humid","21.272","deg","134679","µV","23.252","°C","1010.000","hPa","34.2","pmil","0","52.118","deg","21.808","°C","226.700","µmol/L","21.407","deg","20.891","°C","1012.000","hPa","0.861","-0.02056","0.00035","-0.00011","0","14.7","Humid","27.30","0","43.40","195694.18","SABD0002000012","AAV2.0.0.13","1.1.2.0","PSt7-10","000000-000","6/10/2026 14:47:13","0000-00","0","no battery","V"
"07/08/2026","18:44:11","3","default","198787511","O3","345.504","min","176.004","µmol/L","Humid","21.274","deg","134672","µV","23.246","°C","1010.000","hPa","34.2","pmil","0","52.118","deg","21.808","°C","226.700","µmol/L","21.407","deg","20.891","°C","1012.000","hPa","0.861","-0.02056","0.00035","-0.00011","0","14.7","Humid","27.30","0","43.40","195675.03","SABD0002000012","AAV2.0.0.13","1.1.2.0","PSt7-10","000000-000","6/10/2026 14:47:13","0000-00","0","no battery","V"
"07/08/2026","18:44:41","3","default","198787511","O3","346.004","min","176.018","µmol/L","Humid","21.275","deg","134664","µV","23.240","°C","1010.000","hPa","34.2","pmil","0","52.118","deg","21.808","°C","226.700","µmol/L","21.407","deg","20.891","°C","1012.000","hPa","0.861","-0.02056","0.00035","-0.00011","0","14.7","Humid","27.30","0","43.40","195681.40","SABD0002000012","AAV2.0.0.13","1.1.2.0","PSt7-10","000000-000","6/10/2026 14:47:13","0000-00","0","no battery","V"
"07/08/2026","18:45:11","3","default","198787511","O3","346.504","min","176.083","µmol/L","Humid","21.271","deg","134664","µV","23.240","°C","1010.000","hPa","34.2","pmil","0","52.118","deg","21.808","°C","226.700","µmol/L","21.407","deg","20.891","°C","1012.000","hPa","0.861","-0.02056","0.00035","-0.00011","0","14.7","Humid","27.30","0","43.40","195665.04","SABD0002000012","AAV2.0.0.13","1.1.2.0","PSt7-10","000000-000","6/10/2026 14:47:13","0000-00","0","no battery","V"
"07/08/2026","18:45:41","3","default","198787511","O3","347.005","min","176.132","µmol/L","Humid","21.268","deg","134605","µV","23.240","°C","1010.000","hPa","34.2","pmil","0","52.118","deg","21.808","°C","226.700","µmol/L","21.407","deg","20.891","°C","1012.000","hPa","0.861","-0.02056","0.00035","-0.00011","0","14.7","Humid","27.30","0","43.40","195665.04","SABD0002000012","AAV2.0.0.13","1.1.2.0","PSt7-10","000000-000","6/10/2026 14:47:13","0000-00","0","no battery","V"
"07/08/2026","18:46:11","3","default","198787511","O3","347.505","min","176.213","µmol/L","Humid","21.263","deg","134598","µV","23.240","°C","1010.000","hPa","34.2","pmil","0","52.118","deg","21.808","°C","226.700","µmol/L","21.407","deg","20.891","°C","1012.000","hPa","0.861","-0.02056","0.00035","-0.00011","0","14.7","Humid","27.30","0","43.40","195644.19","SABD0002000012","AAV2.0.0.13","1.1.2.0","PSt7-10","000000-000","6/10/2026 14:47:13","0000-00","0","no battery","V"
"07/08/2026","18:46:41","3","default","198787511","O3","348.004","min","176.150","µmol/L","Humid","21.265","deg","134592","µV","23.246","°C","1010.000","hPa","34.2","pmil","0","52.118","deg","21.808","°C","226.700","µmol/L","21.407","deg","20.891","°C","1012.000","hPa","0.861","-0.02056","0.00035","-0.00011","0","14.7","Humid","27.30","0","43.40","195658.54","SABD0002000012","AAV2.0.0.13","1.1.2.0","PSt7-10","000000-000","6/10/2026 14:47:13","0000-00","0","no battery","V"
"07/08/2026","18:47:11","3","default","198787511","O3","348.505","min","176.197","µmol/L","Humid","21.264","deg","134582","µV","23.240","°C","1010.000","hPa","34.2","pmil","0","52.118","deg","21.808","°C","226.700","µmol/L","21.407","deg","20.891","°C","1012.000","hPa","0.861","-0.02056","0.00035","-0.00011","0","14.7","Humid","27.30","0","43.40","195656.38","SABD0002000012","AAV2.0.0.13","1.1.2.0","PSt7-10","000000-000","6/10/2026 14:47:13","0000-00","0","no battery","V"
"07/08/2026","18:47:41","3","default","198787511","O3","349.004","min","176.134","µmol/L","Humid","21.266","deg","134584","µV","23.246","°C","1010.000","hPa","34.2","pmil","0","52.118","deg","21.808","°C","226.700","µmol/L","21.407","deg","20.891","°C","1012.000","hPa","0.861","-0.02056","0.00035","-0.00011","0","14.7","Humid","27.30","0","43.40","195664.88","SABD0002000012","AAV2.0.0.13","1.1.2.0","PSt7-10","000000-000","6/10/2026 14:47:13","0000-00","0","no battery","V"
"07/08/2026","18:48:11","3","default","198787511","O3","349.505","min","176.197","µmol/L","Humid","21.264","deg","134565","µV","23.240","°C","1010.000","hPa","34.2","pmil","0","52.118","deg","21.808","°C","226.700","µmol/L","21.407","deg","20.891","°C","1012.000","hPa","0.861","-0.02056","0.00035","-0.00011","0","14.7","Humid","27.30","0","43.40","195654.54","SABD0002000012","AAV2.0.0.13","1.1.2.0","PSt7-10","000000-000","6/10/2026 14:47:13","0000-00","0","no battery","V"
"07/08/2026","18:48:41","3","default","198787511","O3","350.004","min","176.148","µmol/L","Humid","21.267","deg","134560","µV","23.240","°C","1010.000","hPa","34.2","pmil","0","52.118","deg","21.808","°C","226.700","µmol/L","21.407","deg","20.891","°C","1012.000","hPa","0.861","-0.02056","0.00035","-0.00011","0","14.7","Humid","27.30","0","43.40","195662.79","SABD0002000012","AAV2.0.0.13","1.1.2.0","PSt7-10","000000-000","6/10/2026 14:47:13","0000-00","0","no battery","V"
"07/08/2026","18:49:11","3","default","198787511","O3","350.504","min","176.180","µmol/L","Humid","21.265","deg","134545","µV","23.240","°C","1010.000","hPa","34.2","pmil","0","52.118","deg","21.808","°C","226.700","µmol/L","21.407","deg","20.891","°C","1012.000","hPa","0.861","-0.02056","0.00035","-0.00011","0","14.7","Humid","27.30","0","43.40","195666.08","SABD0002000012","AAV2.0.0.13","1.1.2.0","PSt7-10","000000-000","6/10/2026 14:47:13","0000-00","0","no battery","V"
"07/08/2026","18:49:41","3","default","198787511","O3","351.005","min","176.261","µmol/L","Humid","21.260","deg","134539","µV","23.240","°C","1010.000","hPa","34.2","pmil","0","52.118","deg","21.808","°C","226.700","µmol/L","21.407","deg","20.891","°C","1012.000","hPa","0.861","-0.02056","0.00035","-0.00011","0","14.7","Humid","27.30","0","43.40","195661.46","SABD0002000012","AAV2.0.0.13","1.1.2.0","PSt7-10","000000-000","6/10/2026 14:47:13","0000-00","0","no battery","V"
"07/08/2026","18:50:11","3","default","198787511","O3","351.505","min","176.116","µmol/L","Humid","21.269","deg","134586","µV","23.240","°C","1010.000","hPa","34.2","pmil","0","52.118","deg","21.808","°C","226.700","µmol/L","21.407","deg","20.891","°C","1012.000","hPa","0.861","-0.02056","0.00035","-0.00011","0","14.7","Humid","27.30","0","43.40","195656.91","SABD0002000012","AAV2.0.0.13","1.1.2.0","PSt7-10","000000-000","6/10/2026 14:47:13","0000-00","0","no battery","V"
"07/08/2026","18:50:41","3","default","198787511","O3","352.004","min","176.067","µmol/L","Humid","21.272","deg","134611","µV","23.240","°C","1010.000","hPa","34.2","pmil","0","52.118","deg","21.808","°C","226.700","µmol/L","21.407","deg","20.891","°C","1012.000","hPa","0.861","-0.02056","0.00035","-0.00011","0","14.7","Humid","27.30","0","43.40","195657.01","SABD0002000012","AAV2.0.0.13","1.1.2.0","PSt7-10","000000-000","6/10/2026 14:47:13","0000-00","0","no battery","V"
"07/08/2026","18:51:11","3","default","198787511","O3","352.504","min","176.063","µmol/L","Humid","21.276","deg","134600","µV","23.227","°C","1010.000","hPa","34.2","pmil","0","52.118","deg","21.808","°C","226.700","µmol/L","21.407","deg","20.891","°C","1012.000","hPa","0.861","-0.02056","0.00035","-0.00011","0","14.7","Humid","27.30","0","43.40","195662.16","SABD0002000012","AAV2.0.0.13","1.1.2.0","PSt7-10","000000-000","6/10/2026 14:47:13","0000-00","0","no battery","V"
"07/08/2026","18:51:41","3","default","198787511","O3","353.005","min","176.063","µmol/L","Humid","21.276","deg","134621","µV","23.227","°C","1010.000","hPa","34.2","pmil","0","52.118","deg","21.808","°C","226.700","µmol/L","21.407","deg","20.891","°C","1012.000","hPa","0.861","-0.02056","0.00035","-0.00011","0","14.7","Humid","27.30","0","43.40","195664.13","SABD0002000012","AAV2.0.0.13","1.1.2.0","PSt7-10","000000-000","6/10/2026 14:47:13","0000-00","0","no battery","V"
"07/08/2026","18:52:11","3","default","198787511","O3","353.504","min","176.079","µmol/L","Humid","21.275","deg","134618","µV","23.227","°C","1010.000","hPa","34.2","pmil","0","52.118","deg","21.808","°C","226.700","µmol/L","21.407","deg","20.891","°C","1012.000","hPa","0.861","-0.02056","0.00035","-0.00011","0","14.7","Humid","27.30","0","43.40","195664.65","SABD0002000012","AAV2.0.0.13","1.1.2.0","PSt7-10","000000-000","6/10/2026 14:47:13","0000-00","0","no battery","V"
"07/08/2026","18:52:41","3","default","198787511","O3","354.004","min","176.033","µmol/L","Humid","21.276","deg","134627","µV","23.234","°C","1010.000","hPa","34.2","pmil","0","52.118","deg","21.808","°C","226.700","µmol/L","21.407","deg","20.891","°C","1012.000","hPa","0.861","-0.02056","0.00035","-0.00011","0","14.7","Humid","27.30","0","43.40","195664.70","SABD0002000012","AAV2.0.0.13","1.1.2.0","PSt7-10","000000-000","6/10/2026 14:47:13","0000-00","0","no battery","V"
"07/08/2026","18:53:11","3","default","198787511","O3","354.505","min","176.112","µmol/L","Humid","21.273","deg","134621","µV","23.227","°C","1010.000","hPa","34.2","pmil","0","52.118","deg","21.808","°C","226.700","µmol/L","21.407","deg","20.891","°C","1012.000","hPa","0.861","-0.02056","0.00035","-0.00011","0","14.7","Humid","27.30","0","43.40","195662.21","SABD0002000012","AAV2.0.0.13","1.1.2.0","PSt7-10","000000-000","6/10/2026 14:47:13","0000-00","0","no battery","V"
"07/08/2026","18:53:41","3","default","198787511","O3","355.004","min","176.047","µmol/L","Humid","21.277","deg","134630","µV","23.227","°C","1010.000","hPa","34.2","pmil","0","52.118","deg","21.808","°C","226.700","µmol/L","21.407","deg","20.891","°C","1012.000","hPa","0.861","-0.02056","0.00035","-0.00011","0","14.7","Humid","27.30","0","43.40","195666.76","SABD0002000012","AAV2.0.0.13","1.1.2.0","PSt7-10","000000-000","6/10/2026 14:47:13","0000-00","0","no battery","V"
"07/08/2026","18:54:11","3","default","198787511","O3","355.505","min","176.047","µmol/L","Humid","21.277","deg","134614","µV","23.227","°C","1010.000","hPa","34.2","pmil","0","52.118","deg","21.808","°C","226.700","µmol/L","21.407","deg","20.891","°C","1012.000","hPa","0.861","-0.02056","0.00035","-0.00011","0","14.7","Humid","27.30","0","43.40","195669.85","SABD0002000012","AAV2.0.0.13","1.1.2.0","PSt7-10","000000-000","6/10/2026 14:47:13","0000-00","0","no battery","V"
"07/08/2026","18:54:41","3","default","198787511","O3","356.005","min","176.092","µmol/L","Humid","21.278","deg","134618","µV","23.215","°C","1010.000","hPa","34.2","pmil","0","52.118","deg","21.808","°C","226.700","µmol/L","21.407","deg","20.891","°C","1012.000","hPa","0.861","-0.02056","0.00035","-0.00011","0","14.7","Humid","27.30","0","43.40","195660.95","SABD0002000012","AAV2.0.0.13","1.1.2.0","PSt7-10","000000-000","6/10/2026 14:47:13","0000-00","0","no battery","V"
"07/08/2026","18:55:11","3","default","198787511","O3","356.504","min","176.142","µmol/L","Humid","21.273","deg","134616","µV","23.221","°C","1010.000","hPa","34.2","pmil","0","52.118","deg","21.808","°C","226.700","µmol/L","21.407","deg","20.891","°C","1012.000","hPa","0.861","-0.02056","0.00035","-0.00011","0","14.7","Humid","27.30","0","43.40","195668.64","SABD0002000012","AAV2.0.0.13","1.1.2.0","PSt7-10","000000-000","6/10/2026 14:47:13","0000-00","0","no battery","V"
"07/08/2026","18:55:41","3","default","198787511","O3","357.004","min","176.158","µmol/L","Humid","21.272","deg","134613","µV","23.221","°C","1010.000","hPa","34.2","pmil","0","52.118","deg","21.808","°C","226.700","µmol/L","21.407","deg","20.891","°C","1012.000","hPa","0.861","-0.02056","0.00035","-0.00011","0","14.7","Humid","27.30","0","43.40","195657.95","SABD0002000012","AAV2.0.0.13","1.1.2.0","PSt7-10","000000-000","6/10/2026 14:47:13","0000-00","0","no battery","V"
"07/08/2026","18:56:11","3","default","198787511","O3","357.505","min","176.047","µmol/L","Humid","21.277","deg","134624","µV","23.227","°C","1010.000","hPa","34.2","pmil","0","52.118","deg","21.808","°C","226.700","µmol/L","21.407","deg","20.891","°C","1012.000","hPa","0.861","-0.02056","0.00035","-0.00011","0","14.7","Humid","27.30","0","43.40","195664.27","SABD0002000012","AAV2.0.0.13","1.1.2.0","PSt7-10","000000-000","6/10/2026 14:47:13","0000-00","0","no battery","V"
"07/08/2026","18:56:41","3","default","198787511","O3","358.004","min","176.112","µmol/L","Humid","21.273","deg","134609","µV","23.227","°C","1010.000","hPa","34.2","pmil","0","52.118","deg","21.808","°C","226.700","µmol/L","21.407","deg","20.891","°C","1012.000","hPa","0.861","-0.02056","0.00035","-0.00011","0","14.7","Humid","27.30","0","43.40","195672.34","SABD0002000012","AAV2.0.0.13","1.1.2.0","PSt7-10","000000-000","6/10/2026 14:47:13","0000-00","0","no battery","V"
"07/08/2026","18:57:11","3","default","198787511","O3","358.504","min","176.110","µmol/L","Humid","21.275","deg","134620","µV","23.221","°C","1010.000","hPa","34.2","pmil","0","52.118","deg","21.808","°C","226.700","µmol/L","21.407","deg","20.891","°C","1012.000","hPa","0.861","-0.02056","0.00035","-0.00011","0","14.7","Humid","27.30","0","43.40","195670.28","SABD0002000012","AAV2.0.0.13","1.1.2.0","PSt7-10","000000-000","6/10/2026 14:47:13","0000-00","0","no battery","V"
"07/08/2026","18:57:41","3","default","198787511","O3","359.005","min","176.059","µmol/L","Humid","21.280","deg","134630","µV","23.215","°C","1010.000","hPa","34.2","pmil","0","52.118","deg","21.808","°C","226.700","µmol/L","21.407","deg","20.891","°C","1012.000","hPa","0.861","-0.02056","0.00035","-0.00011","0","14.7","Humid","27.30","0","43.40","195654.24","SABD0002000012","AAV2.0.0.13","1.1.2.0","PSt7-10","000000-000","6/10/2026 14:47:13","0000-00","0","no battery","V"
"07/08/2026","18:58:11","3","default","198787511","O3","359.505","min","175.996","µmol/L","Humid","21.282","deg","134637","µV","23.221","°C","1010.000","hPa","34.2","pmil","0","52.118","deg","21.808","°C","226.700","µmol/L","21.407","deg","20.891","°C","1012.000","hPa","0.861","-0.02056","0.00035","-0.00011","0","14.7","Humid","27.30","0","43.40","195666.83","SABD0002000012","AAV2.0.0.13","1.1.2.0","PSt7-10","000000-000","6/10/2026 14:47:13","0000-00","0","no battery","V"
"07/08/2026","18:58:41","3","default","198787511","O3","360.004","min","176.043","µmol/L","Humid","21.281","deg","134635","µV","23.215","°C","1010.000","hPa","34.2","pmil","0","52.118","deg","21.808","°C","226.700","µmol/L","21.407","deg","20.891","°C","1012.000","hPa","0.861","-0.02056","0.00035","-0.00011","0","14.7","Humid","27.30","0","43.40","195669.08","SABD0002000012","AAV2.0.0.13","1.1.2.0","PSt7-10","000000-000","6/10/2026 14:47:13","0000-00","0","no battery","V"
"07/08/2026","18:59:11","3","default","198787511","O3","360.504","min","176.133","µmol/L","Humid","21.283","deg","134649","µV","23.191","°C","1010.000","hPa","34.2","pmil","0","52.118","deg","21.808","°C","226.700","µmol/L","21.407","deg","20.891","°C","1012.000","hPa","0.861","-0.02056","0.00035","-0.00011","0","14.7","Humid","27.30","0","43.40","195680.02","SABD0002000012","AAV2.0.0.13","1.1.2.0","PSt7-10","000000-000","6/10/2026 14:47:13","0000-00","0","no battery","V"
"07/08/2026","18:59:41","3","default","198787511","O3","361.005","min","176.214","µmol/L","Humid","21.278","deg","134632","µV","23.191","°C","1010.000","hPa","34.2","pmil","0","52.118","deg","21.808","°C","226.700","µmol/L","21.407","deg","20.891","°C","1012.000","hPa","0.861","-0.02056","0.00035","-0.00011","0","14.7","Humid","27.30","0","43.40","195677.88","SABD0002000012","AAV2.0.0.13","1.1.2.0","PSt7-10","000000-000","6/10/2026 14:47:13","0000-00","0","no battery","V"
"07/08/2026","19:00:11","3","default","198787511","O3","361.505","min","176.181","µmol/L","Humid","21.280","deg","134626","µV","23.191","°C","1010.000","hPa","34.2","pmil","0","52.118","deg","21.808","°C","226.700","µmol/L","21.407","deg","20.891","°C","1012.000","hPa","0.861","-0.02056","0.00035","-0.00011","0","14.7","Humid","27.30","0","43.40","195685.60","SABD0002000012","AAV2.0.0.13","1.1.2.0","PSt7-10","000000-000","6/10/2026 14:47:13","0000-00","0","no battery","V"
"07/08/2026","19:00:41","3","default","198787511","O3","362.005","min","176.181","µmol/L","Humid","21.280","deg","134625","µV","23.191","°C","1010.000","hPa","34.2","pmil","0","52.118","deg","21.808","°C","226.700","µmol/L","21.407","deg","20.891","°C","1012.000","hPa","0.861","-0.02056","0.00035","-0.00011","0","14.7","Humid","27.30","0","43.40","195678.81","SABD0002000012","AAV2.0.0.13","1.1.2.0","PSt7-10","000000-000","6/10/2026 14:47:13","0000-00","0","no battery","V"
"07/08/2026","19:01:11","3","default","198787511","O3","362.504","min","176.307","µmol/L","Humid","21.276","deg","134634","µV","23.179","°C","1010.000","hPa","34.2","pmil","0","52.118","deg","21.808","°C","226.700","µmol/L","21.407","deg","20.891","°C","1012.000","hPa","0.861","-0.02056","0.00035","-0.00011","0","14.7","Humid","27.30","0","43.40","195675.59","SABD0002000012","AAV2.0.0.13","1.1.2.0","PSt7-10","000000-000","6/10/2026 14:47:13","0000-00","0","no battery","V"
"07/08/2026","19:01:41","3","default","198787511","O3","363.004","min","176.181","µmol/L","Humid","21.280","deg","134644","µV","23.191","°C","1010.000","hPa","34.2","pmil","0","52.118","deg","21.808","°C","226.700","µmol/L","21.407","deg","20.891","°C","1012.000","hPa","0.861","-0.02056","0.00035","-0.00011","0","14.7","Humid","27.30","0","43.40","195690.13","SABD0002000012","AAV2.0.0.13","1.1.2.0","PSt7-10","000000-000","6/10/2026 14:47:13","0000-00","0","no battery","V"
"07/08/2026","19:02:11","3","default","198787511","O3","363.504","min","176.165","µmol/L","Humid","21.281","deg","134652","µV","23.191","°C","1010.000","hPa","34.2","pmil","0","52.118","deg","21.808","°C","226.700","µmol/L","21.407","deg","20.891","°C","1012.000","hPa","0.861","-0.02056","0.00035","-0.00011","0","14.7","Humid","27.30","0","43.40","195695.42","SABD0002000012","AAV2.0.0.13","1.1.2.0","PSt7-10","000000-000","6/10/2026 14:47:13","0000-00","0","no battery","V"
"07/08/2026","19:02:41","3","default","198787511","O3","364.005","min","176.195","µmol/L","Humid","21.281","deg","134650","µV","23.185","°C","1010.000","hPa","34.2","pmil","0","52.118","deg","21.808","°C","226.700","µmol/L","21.407","deg","20.891","°C","1012.000","hPa","0.861","-0.02056","0.00035","-0.00011","0","14.7","Humid","27.30","0","43.40","195688.40","SABD0002000012","AAV2.0.0.13","1.1.2.0","PSt7-10","000000-000","6/10/2026 14:47:13","0000-00","0","no battery","V"
"07/08/2026","19:03:11","3","default","198787511","O3","364.505","min","176.195","µmol/L","Humid","21.281","deg","134646","µV","23.185","°C","1010.000","hPa","34.2","pmil","0","52.118","deg","21.808","°C","226.700","µmol/L","21.407","deg","20.891","°C","1012.000","hPa","0.861","-0.02056","0.00035","-0.00011","0","14.7","Humid","27.30","0","43.40","195684.97","SABD0002000012","AAV2.0.0.13","1.1.2.0","PSt7-10","000000-000","6/10/2026 14:47:13","0000-00","0","no battery","V"
"07/08/2026","19:03:41","3","default","198787511","O3","365.005","min","176.193","µmol/L","Humid","21.283","deg","134654","µV","23.179","°C","1010.000","hPa","34.2","pmil","0","52.118","deg","21.808","°C","226.700","µmol/L","21.407","deg","20.891","°C","1012.000","hPa","0.861","-0.02056","0.00035","-0.00011","0","14.7","Humid","27.30","0","43.40","195694.40","SABD0002000012","AAV2.0.0.13","1.1.2.0","PSt7-10","000000-000","6/10/2026 14:47:13","0000-00","0","no battery","V"
"07/08/2026","19:04:11","3","default","198787511","O3","365.504","min","176.163","µmol/L","Humid","21.283","deg","134660","µV","23.185","°C","1010.000","hPa","34.2","pmil","0","52.118","deg","21.808","°C","226.700","µmol/L","21.407","deg","20.891","°C","1012.000","hPa","0.861","-0.02056","0.00035","-0.00011","0","14.7","Humid","27.30","0","43.40","195706.21","SABD0002000012","AAV2.0.0.13","1.1.2.0","PSt7-10","000000-000","6/10/2026 14:47:13","0000-00","0","no battery","V"
"07/08/2026","19:04:41","3","default","198787511","O3","366.004","min","176.226","µmol/L","Humid","21.281","deg","134652","µV","23.179","°C","1010.000","hPa","34.2","pmil","0","52.118","deg","21.808","°C","226.700","µmol/L","21.407","deg","20.891","°C","1012.000","hPa","0.861","-0.02056","0.00035","-0.00011","0","14.7","Humid","27.30","0","43.40","195691.37","SABD0002000012","AAV2.0.0.13","1.1.2.0","PSt7-10","000000-000","6/10/2026 14:47:13","0000-00","0","no battery","V"
"07/08/2026","19:05:11","3","default","198787511","O3","366.505","min","176.226","µmol/L","Humid","21.281","deg","134653","µV","23.179","°C","1010.000","hPa","34.2","pmil","0","52.118","deg","21.808","°C","226.700","µmol/L","21.407","deg","20.891","°C","1012.000","hPa","0.861","-0.02056","0.00035","-0.00011","0","14.7","Humid","27.30","0","43.40","195692.05","SABD0002000012","AAV2.0.0.13","1.1.2.0","PSt7-10","000000-000","6/10/2026 14:47:13","0000-00","0","no battery","V"
"07/08/2026","19:05:41","3","default","198787511","O3","367.005","min","176.291","µmol/L","Humid","21.277","deg","134641","µV","23.179","°C","1010.000","hPa","34.2","pmil","0","52.118","deg","21.808","°C","226.700","µmol/L","21.407","deg","20.891","°C","1012.000","hPa","0.861","-0.02056","0.00035","-0.00011","0","14.7","Humid","27.30","0","43.40","195694.70","SABD0002000012","AAV2.0.0.13","1.1.2.0","PSt7-10","000000-000","6/10/2026 14:47:13","0000-00","0","no battery","V"
"07/08/2026","19:06:11","3","default","198787511","O3","367.505","min","176.321","µmol/L","Humid","21.277","deg","134633","µV","23.172","°C","1010.000","hPa","34.2","pmil","0","52.118","deg","21.808","°C","226.700","µmol/L","21.407","deg","20.891","°C","1012.000","hPa","0.861","-0.02056","0.00035","-0.00011","0","14.7","Humid","27.30","0","43.40","195705.41","SABD0002000012","AAV2.0.0.13","1.1.2.0","PSt7-10","000000-000","6/10/2026 14:47:13","0000-00","0","no battery","V"
"07/08/2026","19:06:41","3","default","198787511","O3","368.004","min","176.210","µmol/L","Humid","21.282","deg","134652","µV","23.179","°C","1010.000","hPa","34.2","pmil","0","52.118","deg","21.808","°C","226.700","µmol/L","21.407","deg","20.891","°C","1012.000","hPa","0.861","-0.02056","0.00035","-0.00011","0","14.7","Humid","27.30","0","43.40","195699.79","SABD0002000012","AAV2.0.0.13","1.1.2.0","PSt7-10","000000-000","6/10/2026 14:47:13","0000-00","0","no battery","V"
"07/08/2026","19:07:11","3","default","198787511","O3","368.505","min","176.177","µmol/L","Humid","21.284","deg","134663","µV","23.179","°C","1010.000","hPa","34.2","pmil","0","52.118","deg","21.808","°C","226.700","µmol/L","21.407","deg","20.891","°C","1012.000","hPa","0.861","-0.02056","0.00035","-0.00011","0","14.7","Humid","27.30","0","43.40","195706.41","SABD0002000012","AAV2.0.0.13","1.1.2.0","PSt7-10","000000-000","6/10/2026 14:47:13","0000-00","0","no battery","V"
"07/08/2026","19:07:41","3","default","198787511","O3","369.004","min","176.238","µmol/L","Humid","21.284","deg","134664","µV","23.166","°C","1010.000","hPa","34.2","pmil","0","52.118","deg","21.808","°C","226.700","µmol/L","21.407","deg","20.891","°C","1012.000","hPa","0.861","-0.02056","0.00035","-0.00011","0","14.7","Humid","27.30","0","43.40","195703.39","SABD0002000012","AAV2.0.0.13","1.1.2.0","PSt7-10","000000-000","6/10/2026 14:47:13","0000-00","0","no battery","V"
"07/08/2026","19:08:11","3","default","198787511","O3","369.505","min","176.206","µmol/L","Humid","21.286","deg","134679","µV","23.166","°C","1010.000","hPa","34.2","pmil","0","52.118","deg","21.808","°C","226.700","µmol/L","21.407","deg","20.891","°C","1012.000","hPa","0.861","-0.02056","0.00035","-0.00011","0","14.7","Humid","27.30","0","43.40","195700.69","SABD0002000012","AAV2.0.0.13","1.1.2.0","PSt7-10","000000-000","6/10/2026 14:47:13","0000-00","0","no battery","V"
"07/08/2026","19:08:41","3","default","198787511","O3","370.005","min","176.192","µmol/L","Humid","21.285","deg","134689","µV","23.172","°C","1010.000","hPa","34.2","pmil","0","52.118","deg","21.808","°C","226.700","µmol/L","21.407","deg","20.891","°C","1012.000","hPa","0.861","-0.02056","0.00035","-0.00011","0","14.7","Humid","27.30","0","43.40","195713.67","SABD0002000012","AAV2.0.0.13","1.1.2.0","PSt7-10","000000-000","6/10/2026 14:47:13","0000-00","0","no battery","V"
"07/08/2026","19:09:11","3","default","198787511","O3","370.504","min","176.143","µmol/L","Humid","21.288","deg","134703","µV","23.172","°C","1010.000","hPa","34.2","pmil","0","52.118","deg","21.808","°C","226.700","µmol/L","21.407","deg","20.891","°C","1012.000","hPa","0.861","-0.02056","0.00035","-0.00011","0","14.7","Humid","27.30","0","43.40","195727.64","SABD0002000012","AAV2.0.0.13","1.1.2.0","PSt7-10","000000-000","6/10/2026 14:47:13","0000-00","0","no battery","V"
"07/08/2026","19:09:41","3","default","198787511","O3","371.005","min","176.190","µmol/L","Humid","21.287","deg","134708","µV","23.166","°C","1010.000","hPa","34.2","pmil","0","52.118","deg","21.808","°C","226.700","µmol/L","21.407","deg","20.891","°C","1012.000","hPa","0.861","-0.02056","0.00035","-0.00011","0","14.7","Humid","27.30","0","43.40","195713.07","SABD0002000012","AAV2.0.0.13","1.1.2.0","PSt7-10","000000-000","6/10/2026 14:47:13","0000-00","0","no battery","V"
"07/08/2026","19:10:11","3","default","198787511","O3","371.505","min","176.157","µmol/L","Humid","21.289","deg","134709","µV","23.166","°C","1010.000","hPa","34.2","pmil","0","52.118","deg","21.808","°C","226.700","µmol/L","21.407","deg","20.891","°C","1012.000","hPa","0.861","-0.02056","0.00035","-0.00011","0","14.7","Humid","27.30","0","43.40","195726.38","SABD0002000012","AAV2.0.0.13","1.1.2.0","PSt7-10","000000-000","6/10/2026 14:47:13","0000-00","0","no battery","V"
"07/08/2026","19:10:41","3","default","198787511","O3","372.004","min","176.220","µmol/L","Humid","21.287","deg","134709","µV","23.160","°C","1010.000","hPa","34.2","pmil","0","52.118","deg","21.808","°C","226.700","µmol/L","21.407","deg","20.891","°C","1012.000","hPa","0.861","-0.02056","0.00035","-0.00011","0","14.7","Humid","27.30","0","43.40","195715.96","SABD0002000012","AAV2.0.0.13","1.1.2.0","PSt7-10","000000-000","6/10/2026 14:47:13","0000-00","0","no battery","V"
"07/08/2026","19:11:11","3","default","198787511","O3","372.505","min","176.234","µmol/L","Humid","21.288","deg","134714","µV","23.154","°C","1010.000","hPa","34.2","pmil","0","52.118","deg","21.808","°C","226.700","µmol/L","21.407","deg","20.891","°C","1012.000","hPa","0.861","-0.02056","0.00035","-0.00011","0","14.7","Humid","27.30","0","43.40","195712.35","SABD0002000012","AAV2.0.0.13","1.1.2.0","PSt7-10","000000-000","6/10/2026 14:47:13","0000-00","0","no battery","V"
"07/08/2026","19:11:41","3","default","198787511","O3","373.004","min","176.172","µmol/L","Humid","21.290","deg","134731","µV","23.160","°C","1010.000","hPa","34.2","pmil","0","52.118","deg","21.808","°C","226.700","µmol/L","21.407","deg","20.891","°C","1012.000","hPa","0.861","-0.02056","0.00035","-0.00011","0","14.7","Humid","27.30","0","43.40","195712.39","SABD0002000012","AAV2.0.0.13","1.1.2.0","PSt7-10","000000-000","6/10/2026 14:47:13","0000-00","0","no battery","V"
"07/08/2026","19:12:11","3","default","198787511","O3","373.504","min","176.157","µmol/L","Humid","21.289","deg","134721","µV","23.166","°C","1010.000","hPa","34.2","pmil","0","52.118","deg","21.808","°C","226.700","µmol/L","21.407","deg","20.891","°C","1012.000","hPa","0.861","-0.02056","0.00035","-0.00011","0","14.7","Humid","27.30","0","43.40","195726.02","SABD0002000012","AAV2.0.0.13","1.1.2.0","PSt7-10","000000-000","6/10/2026 14:47:13","0000-00","0","no battery","V"
"07/08/2026","19:12:41","3","default","198787511","O3","374.004","min","176.234","µmol/L","Humid","21.288","deg","134730","µV","23.154","°C","1010.000","hPa","34.2","pmil","0","52.118","deg","21.808","°C","226.700","µmol/L","21.407","deg","20.891","°C","1012.000","hPa","0.861","-0.02056","0.00035","-0.00011","0","14.7","Humid","27.30","0","43.40","195724.08","SABD0002000012","AAV2.0.0.13","1.1.2.0","PSt7-10","000000-000","6/10/2026 14:47:13","0000-00","0","no battery","V"
"07/08/2026","19:13:11","3","default","198787511","O3","374.505","min","176.170","µmol/L","Humid","21.292","deg","134744","µV","23.154","°C","1010.000","hPa","34.2","pmil","0","52.118","deg","21.808","°C","226.700","µmol/L","21.407","deg","20.891","°C","1012.000","hPa","0.861","-0.02056","0.00035","-0.00011","0","14.7","Humid","27.30","0","43.40","195734.00","SABD0002000012","AAV2.0.0.13","1.1.2.0","PSt7-10","000000-000","6/10/2026 14:47:13","0000-00","0","no battery","V"
"07/08/2026","19:13:41","3","default","198787511","O3","375.005","min","176.172","µmol/L","Humid","21.290","deg","134737","µV","23.160","°C","1010.000","hPa","34.2","pmil","0","52.118","deg","21.808","°C","226.700","µmol/L","21.407","deg","20.891","°C","1012.000","hPa","0.861","-0.02056","0.00035","-0.00011","0","14.7","Humid","27.30","0","43.40","195729.53","SABD0002000012","AAV2.0.0.13","1.1.2.0","PSt7-10","000000-000","6/10/2026 14:47:13","0000-00","0","no battery","V"
"07/08/2026","19:14:11","3","default","198787511","O3","375.504","min","176.184","µmol/L","Humid","21.293","deg","134745","µV","23.148","°C","1010.000","hPa","34.2","pmil","0","52.118","deg","21.808","°C","226.700","µmol/L","21.407","deg","20.891","°C","1012.000","hPa","0.861","-0.02056","0.00035","-0.00011","0","14.7","Humid","27.30","0","43.40","195725.69","SABD0002000012","AAV2.0.0.13","1.1.2.0","PSt7-10","000000-000","6/10/2026 14:47:13","0000-00","0","no battery","V"
"07/08/2026","19:14:41","3","default","198787511","O3","376.005","min","176.121","µmol/L","Humid","21.295","deg","134761","µV","23.154","°C","1010.000","hPa","34.2","pmil","0","52.118","deg","21.808","°C","226.700","µmol/L","21.407","deg","20.891","°C","1012.000","hPa","0.861","-0.02056","0.00035","-0.00011","0","14.7","Humid","27.30","0","43.40","195729.02","SABD0002000012","AAV2.0.0.13","1.1.2.0","PSt7-10","000000-000","6/10/2026 14:47:13","0000-00","0","no battery","V"
"07/08/2026","19:15:11","3","default","198787511","O3","376.505","min","176.168","µmol/L","Humid","21.294","deg","134752","µV","23.148","°C","1010.000","hPa","34.2","pmil","0","52.118","deg","21.808","°C","226.700","µmol/L","21.407","deg","20.891","°C","1012.000","hPa","0.861","-0.02056","0.00035","-0.00011","0","14.7","Humid","27.30","0","43.40","195733.31","SABD0002000012","AAV2.0.0.13","1.1.2.0","PSt7-10","000000-000","6/10/2026 14:47:13","0000-00","0","no battery","V"
"07/08/2026","19:15:41","3","default","198787511","O3","377.005","min","176.089","µmol/L","Humid","21.297","deg","134755","µV","23.154","°C","1010.000","hPa","34.2","pmil","0","52.118","deg","21.808","°C","226.700","µmol/L","21.407","deg","20.891","°C","1012.000","hPa","0.861","-0.02056","0.00035","-0.00011","0","14.7","Humid","27.30","0","43.40","195737.78","SABD0002000012","AAV2.0.0.13","1.1.2.0","PSt7-10","000000-000","6/10/2026 14:47:13","0000-00","0","no battery","V"
"07/08/2026","19:16:11","3","default","198787511","O3","377.504","min","176.231","µmol/L","Humid","21.292","deg","134754","µV","23.142","°C","1010.000","hPa","34.2","pmil","0","52.118","deg","21.808","°C","226.700","µmol/L","21.407","deg","20.891","°C","1012.000","hPa","0.861","-0.02056","0.00035","-0.00011","0","14.7","Humid","27.30","0","43.40","195723.68","SABD0002000012","AAV2.0.0.13","1.1.2.0","PSt7-10","000000-000","6/10/2026 14:47:13","0000-00","0","no battery","V"
"07/08/2026","19:16:41","3","default","198787511","O3","378.005","min","176.184","µmol/L","Humid","21.293","deg","134757","µV","23.148","°C","1010.000","hPa","34.2","pmil","0","52.118","deg","21.808","°C","226.700","µmol/L","21.407","deg","20.891","°C","1012.000","hPa","0.861","-0.02056","0.00035","-0.00011","0","14.7","Humid","27.30","0","43.40","195735.53","SABD0002000012","AAV2.0.0.13","1.1.2.0","PSt7-10","000000-000","6/10/2026 14:47:13","0000-00","0","no battery","V"
"07/08/2026","19:17:11","3","default","198787511","O3","378.505","min","176.212","µmol/L","Humid","21.295","deg","134769","µV","23.136","°C","1010.000","hPa","34.2","pmil","0","52.118","deg","21.808","°C","226.700","µmol/L","21.407","deg","20.891","°C","1012.000","hPa","0.861","-0.02056","0.00035","-0.00011","0","14.7","Humid","27.30","0","43.40","195745.88","SABD0002000012","AAV2.0.0.13","1.1.2.0","PSt7-10","000000-000","6/10/2026 14:47:13","0000-00","0","no battery","V"
"07/08/2026","19:17:41","3","default","198787511","O3","379.004","min","176.182","µmol/L","Humid","21.295","deg","134768","µV","23.142","°C","1010.000","hPa","34.2","pmil","0","52.118","deg","21.808","°C","226.700","µmol/L","21.407","deg","20.891","°C","1012.000","hPa","0.861","-0.02056","0.00035","-0.00011","0","14.7","Humid","27.30","0","43.40","195734.82","SABD0002000012","AAV2.0.0.13","1.1.2.0","PSt7-10","000000-000","6/10/2026 14:47:13","0000-00","0","no battery","V"
"07/08/2026","19:18:11","3","default","198787511","O3","379.504","min","176.200","µmol/L","Humid","21.292","deg","134772","µV","23.148","°C","1010.000","hPa","34.2","pmil","0","52.118","deg","21.808","°C","226.700","µmol/L","21.407","deg","20.891","°C","1012.000","hPa","0.861","-0.02056","0.00035","-0.00011","0","14.7","Humid","27.30","0","43.40","195743.11","SABD0002000012","AAV2.0.0.13","1.1.2.0","PSt7-10","000000-000","6/10/2026 14:47:13","0000-00","0","no battery","V"
"07/08/2026","19:18:41","3","default","198787511","O3","380.004","min","176.150","µmol/L","Humid","21.297","deg","134775","µV","23.142","°C","1010.000","hPa","34.2","pmil","0","52.118","deg","21.808","°C","226.700","µmol/L","21.407","deg","20.891","°C","1012.000","hPa","0.861","-0.02056","0.00035","-0.00011","0","14.7","Humid","27.30","0","43.40","195735.01","SABD0002000012","AAV2.0.0.13","1.1.2.0","PSt7-10","000000-000","6/10/2026 14:47:13","0000-00","0","no battery","V"
"07/08/2026","19:19:11","3","default","198787511","O3","380.505","min","176.196","µmol/L","Humid","21.296","deg","134782","µV","23.136","°C","1010.000","hPa","34.2","pmil","0","52.118","deg","21.808","°C","226.700","µmol/L","21.407","deg","20.891","°C","1012.000","hPa","0.861","-0.02056","0.00035","-0.00011","0","14.7","Humid","27.30","0","43.40","195740.74","SABD0002000012","AAV2.0.0.13","1.1.2.0","PSt7-10","000000-000","6/10/2026 14:47:13","0000-00","0","no battery","V"
"07/08/2026","19:19:41","3","default","198787511","O3","381.005","min","176.259","µmol/L","Humid","21.294","deg","134788","µV","23.130","°C","1010.000","hPa","34.2","pmil","0","52.118","deg","21.808","°C","226.700","µmol/L","21.407","deg","20.891","°C","1012.000","hPa","0.861","-0.02056","0.00035","-0.00011","0","14.7","Humid","27.30","0","43.40","195741.05","SABD0002000012","AAV2.0.0.13","1.1.2.0","PSt7-10","000000-000","6/10/2026 14:47:13","0000-00","0","no battery","V"
"07/08/2026","19:20:11","3","default","198787511","O3","381.504","min","176.182","µmol/L","Humid","21.295","deg","134783","µV","23.142","°C","1010.000","hPa","34.2","pmil","0","52.118","deg","21.808","°C","226.700","µmol/L","21.407","deg","20.891","°C","1012.000","hPa","0.861","-0.02056","0.00035","-0.00011","0","14.7","Humid","27.30","0","43.40","195748.46","SABD0002000012","AAV2.0.0.13","1.1.2.0","PSt7-10","000000-000","6/10/2026 14:47:13","0000-00","0","no battery","V"
"07/08/2026","19:20:41","3","default","198787511","O3","382.004","min","176.229","µmol/L","Humid","21.294","deg","134789","µV","23.136","°C","1010.000","hPa","34.2","pmil","0","52.118","deg","21.808","°C","226.700","µmol/L","21.407","deg","20.891","°C","1012.000","hPa","0.861","-0.02056","0.00035","-0.00011","0","14.7","Humid","27.30","0","43.40","195749.65","SABD0002000012","AAV2.0.0.13","1.1.2.0","PSt7-10","000000-000","6/10/2026 14:47:13","0000-00","0","no battery","V"
"07/08/2026","19:21:11","3","default","198787511","O3","382.504","min","176.229","µmol/L","Humid","21.294","deg","134790","µV","23.136","°C","1010.000","hPa","34.2","pmil","0","52.118","deg","21.808","°C","226.700","µmol/L","21.407","deg","20.891","°C","1012.000","hPa","0.861","-0.02056","0.00035","-0.00011","0","14.7","Humid","27.30","0","43.40","195744.76","SABD0002000012","AAV2.0.0.13","1.1.2.0","PSt7-10","000000-000","6/10/2026 14:47:13","0000-00","0","no battery","V"
"07/08/2026","19:21:41","3","default","198787511","O3","383.004","min","176.178","µmol/L","Humid","21.299","deg","134795","µV","23.130","°C","1010.000","hPa","34.2","pmil","0","52.118","deg","21.808","°C","226.700","µmol/L","21.407","deg","20.891","°C","1012.000","hPa","0.861","-0.02056","0.00035","-0.00011","0","14.7","Humid","27.30","0","43.40","195750.58","SABD0002000012","AAV2.0.0.13","1.1.2.0","PSt7-10","000000-000","6/10/2026 14:47:13","0000-00","0","no battery","V"
"07/08/2026","19:22:11","3","default","198787511","O3","383.505","min","176.227","µmol/L","Humid","21.296","deg","134809","µV","23.130","°C","1010.000","hPa","34.2","pmil","0","52.118","deg","21.808","°C","226.700","µmol/L","21.407","deg","20.891","°C","1012.000","hPa","0.861","-0.02056","0.00035","-0.00011","0","14.7","Humid","27.30","0","43.40","195739.21","SABD0002000012","AAV2.0.0.13","1.1.2.0","PSt7-10","000000-000","6/10/2026 14:47:13","0000-00","0","no battery","V"
"07/08/2026","19:22:41","3","default","198787511","O3","384.005","min","176.273","µmol/L","Humid","21.295","deg","134796","µV","23.123","°C","1010.000","hPa","34.2","pmil","0","52.118","deg","21.808","°C","226.700","µmol/L","21.407","deg","20.891","°C","1012.000","hPa","0.861","-0.02056","0.00035","-0.00011","0","14.7","Humid","27.30","0","43.40","195754.86","SABD0002000012","AAV2.0.0.13","1.1.2.0","PSt7-10","000000-000","6/10/2026 14:47:13","0000-00","0","no battery","V"
"07/08/2026","19:23:11","3","default","198787511","O3","384.504","min","176.222","µmol/L","Humid","21.296","deg","134802","µV","23.130","°C","1009.000","hPa","34.2","pmil","0","52.118","deg","21.808","°C","226.700","µmol/L","21.407","deg","20.891","°C","1012.000","hPa","0.861","-0.02056","0.00035","-0.00011","0","14.7","Humid","27.30","0","43.40","195761.08","SABD0002000012","AAV2.0.0.13","1.1.2.0","PSt7-10","000000-000","6/10/2026 14:47:13","0000-00","0","no battery","V"
"07/08/2026","19:23:41","3","default","198787511","O3","385.005","min","176.194","µmol/L","Humid","21.298","deg","134810","µV","23.130","°C","1010.000","hPa","34.2","pmil","0","52.118","deg","21.808","°C","226.700","µmol/L","21.407","deg","20.891","°C","1012.000","hPa","0.861","-0.02056","0.00035","-0.00011","0","14.7","Humid","27.30","0","43.40","195760.19","SABD0002000012","AAV2.0.0.13","1.1.2.0","PSt7-10","000000-000","6/10/2026 14:47:13","0000-00","0","no battery","V"
"07/08/2026","19:24:11","3","default","198787511","O3","385.505","min","176.225","µmol/L","Humid","21.298","deg","134805","µV","23.123","°C","1010.000","hPa","34.2","pmil","0","52.118","deg","21.808","°C","226.700","µmol/L","21.407","deg","20.891","°C","1012.000","hPa","0.861","-0.02056","0.00035","-0.00011","0","14.7","Humid","27.30","0","43.40","195759.21","SABD0002000012","AAV2.0.0.13","1.1.2.0","PSt7-10","000000-000","6/10/2026 14:47:13","0000-00","0","no battery","V"
"07/08/2026","19:24:41","3","default","198787511","O3","386.004","min","176.192","µmol/L","Humid","21.300","deg","134811","µV","23.123","°C","1010.000","hPa","34.2","pmil","0","52.118","deg","21.808","°C","226.700","µmol/L","21.407","deg","20.891","°C","1012.000","hPa","0.861","-0.02056","0.00035","-0.00011","0","14.7","Humid","27.30","0","43.40","195763.46","SABD0002000012","AAV2.0.0.13","1.1.2.0","PSt7-10","000000-000","6/10/2026 14:47:13","0000-00","0","no battery","V"
"07/08/2026","19:25:11","3","default","198787511","O3","386.504","min","176.225","µmol/L","Humid","21.298","deg","134813","µV","23.123","°C","1010.000","hPa","34.2","pmil","0","52.118","deg","21.808","°C","226.700","µmol/L","21.407","deg","20.891","°C","1012.000","hPa","0.861","-0.02056","0.00035","-0.00011","0","14.7","Humid","27.30","0","43.40","195765.60","SABD0002000012","AAV2.0.0.13","1.1.2.0","PSt7-10","000000-000","6/10/2026 14:47:13","0000-00","0","no battery","V"
"07/08/2026","19:25:41","3","default","198787511","O3","387.005","min","176.211","µmol/L","Humid","21.297","deg","134823","µV","23.130","°C","1010.000","hPa","34.2","pmil","0","52.118","deg","21.808","°C","226.700","µmol/L","21.407","deg","20.891","°C","1012.000","hPa","0.861","-0.02056","0.00035","-0.00011","0","14.7","Humid","27.30","0","43.40","195770.50","SABD0002000012","AAV2.0.0.13","1.1.2.0","PSt7-10","000000-000","6/10/2026 14:47:13","0000-00","0","no battery","V"
"07/08/2026","19:26:11","3","default","198787511","O3","387.505","min","176.237","µmol/L","Humid","21.301","deg","134814","µV","23.111","°C","1010.000","hPa","34.2","pmil","0","52.118","deg","21.808","°C","226.700","µmol/L","21.407","deg","20.891","°C","1012.000","hPa","0.861","-0.02056","0.00035","-0.00011","0","14.7","Humid","27.30","0","43.40","195768.70","SABD0002000012","AAV2.0.0.13","1.1.2.0","PSt7-10","000000-000","6/10/2026 14:47:13","0000-00","0","no battery","V"
"07/08/2026","19:26:41","3","default","198787511","O3","388.005","min","176.223","µmol/L","Humid","21.300","deg","134824","µV","23.117","°C","1010.000","hPa","34.2","pmil","0","52.118","deg","21.808","°C","226.700","µmol/L","21.407","deg","20.891","°C","1012.000","hPa","0.861","-0.02056","0.00035","-0.00011","0","14.7","Humid","27.30","0","43.40","195768.32","SABD0002000012","AAV2.0.0.13","1.1.2.0","PSt7-10","000000-000","6/10/2026 14:47:13","0000-00","0","no battery","V"
"07/08/2026","19:27:11","3","default","198787511","O3","388.504","min","176.221","µmol/L","Humid","21.302","deg","134825","µV","23.111","°C","1010.000","hPa","34.2","pmil","0","52.118","deg","21.808","°C","226.700","µmol/L","21.407","deg","20.891","°C","1012.000","hPa","0.861","-0.02056","0.00035","-0.00011","0","14.7","Humid","27.30","0","43.40","195776.65","SABD0002000012","AAV2.0.0.13","1.1.2.0","PSt7-10","000000-000","6/10/2026 14:47:13","0000-00","0","no battery","V"
"07/08/2026","19:27:41","3","default","198787511","O3","389.005","min","176.205","µmol/L","Humid","21.303","deg","134842","µV","23.111","°C","1010.000","hPa","34.2","pmil","0","52.118","deg","21.808","°C","226.700","µmol/L","21.407","deg","20.891","°C","1012.000","hPa","0.861","-0.02056","0.00035","-0.00011","0","14.7","Humid","27.30","0","43.40","195769.71","SABD0002000012","AAV2.0.0.13","1.1.2.0","PSt7-10","000000-000","6/10/2026 14:47:13","0000-00","0","no battery","V"
"07/08/2026","19:28:11","3","default","198787511","O3","389.505","min","176.237","µmol/L","Humid","21.301","deg","134831","µV","23.111","°C","1010.000","hPa","34.2","pmil","0","52.118","deg","21.808","°C","226.700","µmol/L","21.407","deg","20.891","°C","1012.000","hPa","0.861","-0.02056","0.00035","-0.00011","0","14.7","Humid","27.30","0","43.40","195768.35","SABD0002000012","AAV2.0.0.13","1.1.2.0","PSt7-10","000000-000","6/10/2026 14:47:13","0000-00","0","no battery","V"
"07/08/2026","19:28:41","3","default","198787511","O3","390.005","min","176.200","µmol/L","Humid","21.303","deg","134850","µV","23.111","°C","1009.000","hPa","34.2","pmil","0","52.118","deg","21.808","°C","226.700","µmol/L","21.407","deg","20.891","°C","1012.000","hPa","0.861","-0.02056","0.00035","-0.00011","0","14.7","Humid","27.30","0","43.40","195769.89","SABD0002000012","AAV2.0.0.13","1.1.2.0","PSt7-10","000000-000","6/10/2026 14:47:13","0000-00","0","no battery","V"
"07/08/2026","19:29:11","3","default","198787511","O3","390.504","min","176.182","µmol/L","Humid","21.306","deg","134850","µV","23.105","°C","1009.000","hPa","34.2","pmil","0","52.118","deg","21.808","°C","226.700","µmol/L","21.407","deg","20.891","°C","1012.000","hPa","0.861","-0.02056","0.00035","-0.00011","0","14.7","Humid","27.30","0","43.40","195779.07","SABD0002000012","AAV2.0.0.13","1.1.2.0","PSt7-10","000000-000","6/10/2026 14:47:13","0000-00","0","no battery","V"
"07/08/2026","19:29:41","3","default","198787511","O3","391.005","min","176.214","µmol/L","Humid","21.304","deg","134851","µV","23.105","°C","1009.000","hPa","34.2","pmil","0","52.118","deg","21.808","°C","226.700","µmol/L","21.407","deg","20.891","°C","1012.000","hPa","0.861","-0.02056","0.00035","-0.00011","0","14.7","Humid","27.30","0","43.40","195777.72","SABD0002000012","AAV2.0.0.13","1.1.2.0","PSt7-10","000000-000","6/10/2026 14:47:13","0000-00","0","no battery","V"
"07/08/2026","19:30:11","3","default","198787511","O3","391.505","min","176.203","µmol/L","Humid","21.305","deg","134852","µV","23.105","°C","1010.000","hPa","34.2","pmil","0","52.118","deg","21.808","°C","226.700","µmol/L","21.407","deg","20.891","°C","1012.000","hPa","0.861","-0.02056","0.00035","-0.00011","0","14.7","Humid","27.30","0","43.40","195774.06","SABD0002000012","AAV2.0.0.13","1.1.2.0","PSt7-10","000000-000","6/10/2026 14:47:13","0000-00","0","no battery","V"
"07/08/2026","19:30:41","3","default","198787511","O3","392.005","min","176.203","µmol/L","Humid","21.305","deg","134866","µV","23.105","°C","1010.000","hPa","34.2","pmil","0","52.118","deg","21.808","°C","226.700","µmol/L","21.407","deg","20.891","°C","1012.000","hPa","0.861","-0.02056","0.00035","-0.00011","0","14.7","Humid","27.30","0","43.40","195787.75","SABD0002000012","AAV2.0.0.13","1.1.2.0","PSt7-10","000000-000","6/10/2026 14:47:13","0000-00","0","no battery","V"
"07/08/2026","19:31:11","3","default","198787511","O3","392.505","min","176.293","µmol/L","Humid","21.301","deg","134820","µV","23.099","°C","1009.000","hPa","34.2","pmil","0","52.118","deg","21.808","°C","226.700","µmol/L","21.407","deg","20.891","°C","1012.000","hPa","0.861","-0.02056","0.00035","-0.00011","0","14.7","Humid","27.30","0","43.40","195779.31","SABD0002000012","AAV2.0.0.13","1.1.2.0","PSt7-10","000000-000","6/10/2026 14:47:13","0000-00","0","no battery","V"
"07/08/2026","19:31:41","3","default","198787511","O3","393.004","min","176.282","µmol/L","Humid","21.302","deg","134848","µV","23.099","°C","1010.000","hPa","34.2","pmil","0","52.118","deg","21.808","°C","226.700","µmol/L","21.407","deg","20.891","°C","1012.000","hPa","0.861","-0.02056","0.00035","-0.00011","0","14.7","Humid","27.30","0","43.40","195787.01","SABD0002000012","AAV2.0.0.13","1.1.2.0","PSt7-10","000000-000","6/10/2026 14:47:13","0000-00","0","no battery","V"
"07/08/2026","19:32:11","3","default","198787511","O3","393.504","min","176.264","µmol/L","Humid","21.305","deg","134852","µV","23.093","°C","1010.000","hPa","34.2","pmil","0","52.118","deg","21.808","°C","226.700","µmol/L","21.407","deg","20.891","°C","1012.000","hPa","0.861","-0.02056","0.00035","-0.00011","0","14.7","Humid","27.30","0","43.40","195780.00","SABD0002000012","AAV2.0.0.13","1.1.2.0","PSt7-10","000000-000","6/10/2026 14:47:13","0000-00","0","no battery","V"
"07/08/2026","19:32:41","3","default","198787511","O3","394.004","min","176.196","µmol/L","Humid","21.307","deg","134864","µV","23.099","°C","1009.000","hPa","34.2","pmil","0","52.118","deg","21.808","°C","226.700","µmol/L","21.407","deg","20.891","°C","1012.000","hPa","0.861","-0.02056","0.00035","-0.00011","0","14.7","Humid","27.30","0","43.40","195791.59","SABD0002000012","AAV2.0.0.13","1.1.2.0","PSt7-10","000000-000","6/10/2026 14:47:13","0000-00","0","no battery","V"
"07/08/2026","19:33:11","3","default","198787511","O3","394.504","min","176.280","µmol/L","Humid","21.304","deg","134859","µV","23.093","°C","1010.000","hPa","34.2","pmil","0","52.118","deg","21.808","°C","226.700","µmol/L","21.407","deg","20.891","°C","1012.000","hPa","0.861","-0.02056","0.00035","-0.00011","0","14.7","Humid","27.30","0","43.40","195776.63","SABD0002000012","AAV2.0.0.13","1.1.2.0","PSt7-10","000000-000","6/10/2026 14:47:13","0000-00","0","no battery","V"
"07/08/2026","19:33:41","3","default","198787511","O3","395.004","min","176.273","µmol/L","Humid","21.306","deg","134872","µV","23.087","°C","1009.000","hPa","34.2","pmil","0","52.118","deg","21.808","°C","226.700","µmol/L","21.407","deg","20.891","°C","1012.000","hPa","0.861","-0.02056","0.00035","-0.00011","0","14.7","Humid","27.30","0","43.40","195790.93","SABD0002000012","AAV2.0.0.13","1.1.2.0","PSt7-10","000000-000","6/10/2026 14:47:13","0000-00","0","no battery","V"
"07/08/2026","19:34:11","3","default","198787511","O3","395.504","min","176.243","µmol/L","Humid","21.306","deg","134867","µV","23.093","°C","1009.000","hPa","34.2","pmil","0","52.118","deg","21.808","°C","226.700","µmol/L","21.407","deg","20.891","°C","1012.000","hPa","0.861","-0.02056","0.00035","-0.00011","0","14.7","Humid","27.30","0","43.40","195786.76","SABD0002000012","AAV2.0.0.13","1.1.2.0","PSt7-10","000000-000","6/10/2026 14:47:13","0000-00","0","no battery","V"
"07/08/2026","19:34:41","3","default","198787511","O3","396.005","min","176.294","µmol/L","Humid","21.305","deg","134875","µV","23.087","°C","1010.000","hPa","34.2","pmil","0","52.118","deg","21.808","°C","226.700","µmol/L","21.407","deg","20.891","°C","1012.000","hPa","0.861","-0.02056","0.00035","-0.00011","0","14.7","Humid","27.30","0","43.40","195783.03","SABD0002000012","AAV2.0.0.13","1.1.2.0","PSt7-10","000000-000","6/10/2026 14:47:13","0000-00","0","no battery","V"
"07/08/2026","19:35:11","3","default","198787511","O3","396.505","min","176.278","µmol/L","Humid","21.306","deg","134884","µV","23.087","°C","1010.000","hPa","34.2","pmil","0","52.118","deg","21.808","°C","226.700","µmol/L","21.407","deg","20.891","°C","1012.000","hPa","0.861","-0.02056","0.00035","-0.00011","0","14.7","Humid","27.30","0","43.40","195797.31","SABD0002000012","AAV2.0.0.13","1.1.2.0","PSt7-10","000000-000","6/10/2026 14:47:13","0000-00","0","no battery","V"
"07/08/2026","19:35:41","3","default","198787511","O3","397.004","min","176.287","µmol/L","Humid","21.307","deg","134886","µV","23.081","°C","1009.000","hPa","34.2","pmil","0","52.118","deg","21.808","°C","226.700","µmol/L","21.407","deg","20.891","°C","1012.000","hPa","0.861","-0.02056","0.00035","-0.00011","0","14.7","Humid","27.30","0","43.40","195805.07","SABD0002000012","AAV2.0.0.13","1.1.2.0","PSt7-10","000000-000","6/10/2026 14:47:13","0000-00","0","no battery","V"
"07/08/2026","19:36:11","3","default","198787511","O3","397.505","min","176.257","µmol/L","Humid","21.307","deg","134891","µV","23.087","°C","1009.000","hPa","34.2","pmil","0","52.118","deg","21.808","°C","226.700","µmol/L","21.407","deg","20.891","°C","1012.000","hPa","0.861","-0.02056","0.00035","-0.00011","0","14.7","Humid","27.30","0","43.40","195798.21","SABD0002000012","AAV2.0.0.13","1.1.2.0","PSt7-10","000000-000","6/10/2026 14:47:13","0000-00","0","no battery","V"
"07/08/2026","19:36:41","3","default","198787511","O3","398.005","min","176.271","µmol/L","Humid","21.308","deg","134893","µV","23.081","°C","1009.000","hPa","34.2","pmil","0","52.118","deg","21.808","°C","226.700","µmol/L","21.407","deg","20.891","°C","1012.000","hPa","0.861","-0.02056","0.00035","-0.00011","0","14.7","Humid","27.30","0","43.40","195796.08","SABD0002000012","AAV2.0.0.13","1.1.2.0","PSt7-10","000000-000","6/10/2026 14:47:13","0000-00","0","no battery","V"
"07/08/2026","19:37:11","3","default","198787511","O3","398.505","min","176.208","µmol/L","Humid","21.310","deg","134903","µV","23.087","°C","1009.000","hPa","34.2","pmil","0","52.118","deg","21.808","°C","226.700","µmol/L","21.407","deg","20.891","°C","1012.000","hPa","0.861","-0.02056","0.00035","-0.00011","0","14.7","Humid","27.30","0","43.40","195809.65","SABD0002000012","AAV2.0.0.13","1.1.2.0","PSt7-10","000000-000","6/10/2026 14:47:13","0000-00","0","no battery","V"
"07/08/2026","19:37:41","3","default","198787511","O3","399.004","min","176.239","µmol/L","Humid","21.310","deg","134901","µV","23.081","°C","1009.000","hPa","34.2","pmil","0","52.118","deg","21.808","°C","226.700","µmol/L","21.407","deg","20.891","°C","1012.000","hPa","0.861","-0.02056","0.00035","-0.00011","0","14.7","Humid","27.30","0","43.40","195803.68","SABD0002000012","AAV2.0.0.13","1.1.2.0","PSt7-10","000000-000","6/10/2026 14:47:13","0000-00","0","no battery","V"
"07/08/2026","19:38:11","3","default","198787511","O3","399.505","min","176.290","µmol/L","Humid","21.309","deg","134916","µV","23.075","°C","1010.000","hPa","34.2","pmil","0","52.118","deg","21.808","°C","226.700","µmol/L","21.407","deg","20.891","°C","1012.000","hPa","0.861","-0.02056","0.00035","-0.00011","0","14.7","Humid","27.30","0","43.40","195807.32","SABD0002000012","AAV2.0.0.13","1.1.2.0","PSt7-10","000000-000","6/10/2026 14:47:13","0000-00","0","no battery","V"
"07/08/2026","19:38:41","3","default","198787511","O3","400.004","min","176.256","µmol/L","Humid","21.313","deg","134917","µV","23.068","°C","1010.000","hPa","34.2","pmil","0","52.118","deg","21.808","°C","226.700","µmol/L","21.407","deg","20.891","°C","1012.000","hPa","0.861","-0.02056","0.00035","-0.00011","0","14.7","Humid","27.30","0","43.40","195806.40","SABD0002000012","AAV2.0.0.13","1.1.2.0","PSt7-10","000000-000","6/10/2026 14:47:13","0000-00","0","no battery","V"
"07/08/2026","19:39:11","3","default","198787511","O3","400.504","min","176.309","µmol/L","Humid","21.306","deg","134918","µV","23.081","°C","1010.000","hPa","34.2","pmil","0","52.118","deg","21.808","°C","226.700","µmol/L","21.407","deg","20.891","°C","1012.000","hPa","0.861","-0.02056","0.00035","-0.00011","0","14.7","Humid","27.30","0","43.40","195798.61","SABD0002000012","AAV2.0.0.13","1.1.2.0","PSt7-10","000000-000","6/10/2026 14:47:13","0000-00","0","no battery","V"
"07/08/2026","19:39:41","3","default","198787511","O3","401.004","min","176.332","µmol/L","Humid","21.308","deg","134910","µV","23.068","°C","1009.000","hPa","34.2","pmil","0","52.118","deg","21.808","°C","226.700","µmol/L","21.407","deg","20.891","°C","1012.000","hPa","0.861","-0.02056","0.00035","-0.00011","0","14.7","Humid","27.30","0","43.40","195791.39","SABD0002000012","AAV2.0.0.13","1.1.2.0","PSt7-10","000000-000","6/10/2026 14:47:13","0000-00","0","no battery","V"
"07/08/2026","19:40:11","3","default","198787511","O3","401.505","min","176.337","µmol/L","Humid","21.308","deg","134911","µV","23.068","°C","1010.000","hPa","34.2","pmil","0","52.118","deg","21.808","°C","226.700","µmol/L","21.407","deg","20.891","°C","1012.000","hPa","0.861","-0.02056","0.00035","-0.00011","0","14.7","Humid","27.30","0","43.40","195797.28","SABD0002000012","AAV2.0.0.13","1.1.2.0","PSt7-10","000000-000","6/10/2026 14:47:13","0000-00","0","no battery","V"
"07/08/2026","19:40:41","3","default","198787511","O3","402.005","min","176.290","µmol/L","Humid","21.309","deg","134900","µV","23.075","°C","1010.000","hPa","34.2","pmil","0","52.118","deg","21.808","°C","226.700","µmol/L","21.407","deg","20.891","°C","1012.000","hPa","0.861","-0.02056","0.00035","-0.00011","0","14.7","Humid","27.30","0","43.40","195801.55","SABD0002000012","AAV2.0.0.13","1.1.2.0","PSt7-10","000000-000","6/10/2026 14:47:13","0000-00","0","no battery","V"
"07/08/2026","19:41:11","3","default","198787511","O3","402.505","min","176.287","µmol/L","Humid","21.313","deg","134910","µV","23.062","°C","1010.000","hPa","34.2","pmil","0","52.118","deg","21.808","°C","226.700","µmol/L","21.407","deg","20.891","°C","1012.000","hPa","0.861","-0.02056","0.00035","-0.00011","0","14.7","Humid","27.30","0","43.40","195805.96","SABD0002000012","AAV2.0.0.13","1.1.2.0","PSt7-10","000000-000","6/10/2026 14:47:13","0000-00","0","no battery","V"
"07/08/2026","19:41:41","3","default","198787511","O3","403.004","min","176.346","µmol/L","Humid","21.309","deg","134919","µV","23.062","°C","1009.000","hPa","34.2","pmil","0","52.118","deg","21.808","°C","226.700","µmol/L","21.407","deg","20.891","°C","1012.000","hPa","0.861","-0.02056","0.00035","-0.00011","0","14.7","Humid","27.30","0","43.40","195795.26","SABD0002000012","AAV2.0.0.13","1.1.2.0","PSt7-10","000000-000","6/10/2026 14:47:13","0000-00","0","no battery","V"
"07/08/2026","19:42:11","3","default","198787511","O3","403.505","min","176.272","µmol/L","Humid","21.312","deg","134914","µV","23.068","°C","1010.000","hPa","34.2","pmil","0","52.118","deg","21.808","°C","226.700","µmol/L","21.407","deg","20.891","°C","1012.000","hPa","0.861","-0.02056","0.00035","-0.00011","0","14.7","Humid","27.30","0","43.40","195811.88","SABD0002000012","AAV2.0.0.13","1.1.2.0","PSt7-10","000000-000","6/10/2026 14:47:13","0000-00","0","no battery","V"
"07/08/2026","19:42:41","3","default","198787511","O3","404.005","min","176.449","µmol/L","Humid","21.303","deg","134866","µV","23.062","°C","1010.000","hPa","34.2","pmil","0","52.118","deg","21.808","°C","226.700","µmol/L","21.407","deg","20.891","°C","1012.000","hPa","0.861","-0.02056","0.00035","-0.00011","0","14.7","Humid","27.30","0","43.40","195814.63","SABD0002000012","AAV2.0.0.13","1.1.2.0","PSt7-10","000000-000","6/10/2026 14:47:13","0000-00","0","no battery","V"
"07/08/2026","19:43:11","3","default","198787511","O3","404.505","min","176.463","µmol/L","Humid","21.304","deg","134852","µV","23.056","°C","1010.000","hPa","34.2","pmil","0","52.118","deg","21.808","°C","226.700","µmol/L","21.407","deg","20.891","°C","1012.000","hPa","0.861","-0.02056","0.00035","-0.00011","0","14.7","Humid","27.30","0","43.40","195813.04","SABD0002000012","AAV2.0.0.13","1.1.2.0","PSt7-10","000000-000","6/10/2026 14:47:13","0000-00","0","no battery","V"
"07/08/2026","19:43:41","3","default","198787511","O3","405.004","min","176.537","µmol/L","Humid","21.301","deg","134857","µV","23.050","°C","1009.000","hPa","34.2","pmil","0","52.118","deg","21.808","°C","226.700","µmol/L","21.407","deg","20.891","°C","1012.000","hPa","0.861","-0.02056","0.00035","-0.00011","0","14.7","Humid","27.30","0","43.40","195812.25","SABD0002000012","AAV2.0.0.13","1.1.2.0","PSt7-10","000000-000","6/10/2026 14:47:13","0000-00","0","no battery","V"
"07/08/2026","19:44:11","3","default","198787511","O3","405.504","min","176.416","µmol/L","Humid","21.305","deg","134874","µV","23.062","°C","1010.000","hPa","34.2","pmil","0","52.118","deg","21.808","°C","226.700","µmol/L","21.407","deg","20.891","°C","1012.000","hPa","0.861","-0.02056","0.00035","-0.00011","0","14.7","Humid","27.30","0","43.40","195825.95","SABD0002000012","AAV2.0.0.13","1.1.2.0","PSt7-10","000000-000","6/10/2026 14:47:13","0000-00","0","no battery","V"
"07/08/2026","19:44:41","3","default","198787511","O3","406.005","min","176.456","µmol/L","Humid","21.306","deg","134863","µV","23.050","°C","1009.000","hPa","34.2","pmil","0","52.118","deg","21.808","°C","226.700","µmol/L","21.407","deg","20.891","°C","1012.000","hPa","0.861","-0.02056","0.00035","-0.00011","0","14.7","Humid","27.30","0","43.40","195798.67","SABD0002000012","AAV2.0.0.13","1.1.2.0","PSt7-10","000000-000","6/10/2026 14:47:13","0000-00","0","no battery","V"
"07/08/2026","19:45:11","3","default","198787511","O3","406.505","min","176.429","µmol/L","Humid","21.308","deg","134893","µV","23.050","°C","1010.000","hPa","34.2","pmil","0","52.118","deg","21.808","°C","226.700","µmol/L","21.407","deg","20.891","°C","1012.000","hPa","0.861","-0.02056","0.00035","-0.00011","0","14.7","Humid","27.30","0","43.40","195814.56","SABD0002000012","AAV2.0.0.13","1.1.2.0","PSt7-10","000000-000","6/10/2026 14:47:13","0000-00","0","no battery","V"
"07/08/2026","19:45:41","3","default","198787511","O3","407.005","min","176.348","µmol/L","Humid","21.313","deg","134910","µV","23.050","°C","1010.000","hPa","34.2","pmil","0","52.118","deg","21.808","°C","226.700","µmol/L","21.407","deg","20.891","°C","1012.000","hPa","0.861","-0.02056","0.00035","-0.00011","0","14.7","Humid","27.30","0","43.40","195802.34","SABD0002000012","AAV2.0.0.13","1.1.2.0","PSt7-10","000000-000","6/10/2026 14:47:13","0000-00","0","no battery","V"
"07/08/2026","19:46:11","3","default","198787511","O3","407.504","min","176.380","µmol/L","Humid","21.311","deg","134913","µV","23.050","°C","1010.000","hPa","34.2","pmil","0","52.118","deg","21.808","°C","226.700","µmol/L","21.407","deg","20.891","°C","1012.000","hPa","0.861","-0.02056","0.00035","-0.00011","0","14.7","Humid","27.30","0","43.40","195830.81","SABD0002000012","AAV2.0.0.13","1.1.2.0","PSt7-10","000000-000","6/10/2026 14:47:13","0000-00","0","no battery","V"
"07/08/2026","19:46:41","3","default","198787511","O3","408.005","min","176.411","µmol/L","Humid","21.311","deg","134918","µV","23.044","°C","1010.000","hPa","34.2","pmil","0","52.118","deg","21.808","°C","226.700","µmol/L","21.407","deg","20.891","°C","1012.000","hPa","0.861","-0.02056","0.00035","-0.00011","0","14.7","Humid","27.30","0","43.40","195809.72","SABD0002000012","AAV2.0.0.13","1.1.2.0","PSt7-10","000000-000","6/10/2026 14:47:13","0000-00","0","no battery","V"
"07/08/2026","19:47:11","3","default","198787511","O3","408.505","min","176.454","µmol/L","Humid","21.308","deg","134925","µV","23.044","°C","1009.000","hPa","34.2","pmil","0","52.118","deg","21.808","°C","226.700","µmol/L","21.407","deg","20.891","°C","1012.000","hPa","0.861","-0.02056","0.00035","-0.00011","0","14.7","Humid","27.30","0","43.40","195811.76","SABD0002000012","AAV2.0.0.13","1.1.2.0","PSt7-10","000000-000","6/10/2026 14:47:13","0000-00","0","no battery","V"
"07/08/2026","19:47:41","3","default","198787511","O3","409.004","min","176.420","µmol/L","Humid","21.312","deg","134922","µV","23.038","°C","1009.000","hPa","34.2","pmil","0","52.118","deg","21.808","°C","226.700","µmol/L","21.407","deg","20.891","°C","1012.000","hPa","0.861","-0.02056","0.00035","-0.00011","0","14.7","Humid","27.30","0","43.40","195812.18","SABD0002000012","AAV2.0.0.13","1.1.2.0","PSt7-10","000000-000","6/10/2026 14:47:13","0000-00","0","no battery","V"
"07/08/2026","19:48:11","3","default","198787511","O3","409.505","min","176.392","µmol/L","Humid","21.314","deg","134929","µV","23.038","°C","1010.000","hPa","34.2","pmil","0","52.118","deg","21.808","°C","226.700","µmol/L","21.407","deg","20.891","°C","1012.000","hPa","0.861","-0.02056","0.00035","-0.00011","0","14.7","Humid","27.30","0","43.40","195810.51","SABD0002000012","AAV2.0.0.13","1.1.2.0","PSt7-10","000000-000","6/10/2026 14:47:13","0000-00","0","no battery","V"
"07/08/2026","19:48:41","3","default","198787511","O3","410.005","min","176.452","µmol/L","Humid","21.310","deg","134929","µV","23.038","°C","1009.000","hPa","34.2","pmil","0","52.118","deg","21.808","°C","226.700","µmol/L","21.407","deg","20.891","°C","1012.000","hPa","0.861","-0.02056","0.00035","-0.00011","0","14.7","Humid","27.30","0","43.40","195817.42","SABD0002000012","AAV2.0.0.13","1.1.2.0","PSt7-10","000000-000","6/10/2026 14:47:13","0000-00","0","no battery","V"
"07/08/2026","19:49:11","3","default","198787511","O3","410.505","min","176.465","µmol/L","Humid","21.313","deg","134945","µV","23.026","°C","1009.000","hPa","34.2","pmil","0","52.118","deg","21.808","°C","226.700","µmol/L","21.407","deg","20.891","°C","1012.000","hPa","0.861","-0.02056","0.00035","-0.00011","0","14.7","Humid","27.30","0","43.40","195810.94","SABD0002000012","AAV2.0.0.13","1.1.2.0","PSt7-10","000000-000","6/10/2026 14:47:13","0000-00","0","no battery","V"
"07/08/2026","19:49:41","3","default","198787511","O3","411.004","min","176.465","µmol/L","Humid","21.313","deg","134924","µV","23.026","°C","1009.000","hPa","34.2","pmil","0","52.118","deg","21.808","°C","226.700","µmol/L","21.407","deg","20.891","°C","1012.000","hPa","0.861","-0.02056","0.00035","-0.00011","0","14.7","Humid","27.30","0","43.40","195801.00","SABD0002000012","AAV2.0.0.13","1.1.2.0","PSt7-10","000000-000","6/10/2026 14:47:13","0000-00","0","no battery","V"
"07/08/2026","19:50:11","3","default","198787511","O3","411.504","min","176.339","µmol/L","Humid","21.317","deg","134944","µV","23.038","°C","1009.000","hPa","34.2","pmil","0","52.118","deg","21.808","°C","226.700","µmol/L","21.407","deg","20.891","°C","1012.000","hPa","0.861","-0.02056","0.00035","-0.00011","0","14.7","Humid","27.30","0","43.40","195815.78","SABD0002000012","AAV2.0.0.13","1.1.2.0","PSt7-10","000000-000","6/10/2026 14:47:13","0000-00","0","no battery","V"
"07/08/2026","19:50:41","3","default","198787511","O3","412.004","min","176.385","µmol/L","Humid","21.316","deg","134940","µV","23.032","°C","1009.000","hPa","34.2","pmil","0","52.118","deg","21.808","°C","226.700","µmol/L","21.407","deg","20.891","°C","1012.000","hPa","0.861","-0.02056","0.00035","-0.00011","0","14.7","Humid","27.30","0","43.40","195807.80","SABD0002000012","AAV2.0.0.13","1.1.2.0","PSt7-10","000000-000","6/10/2026 14:47:13","0000-00","0","no battery","V"
"07/08/2026","19:51:11","3","default","198787511","O3","412.505","min","176.434","µmol/L","Humid","21.313","deg","134951","µV","23.032","°C","1009.000","hPa","34.2","pmil","0","52.118","deg","21.808","°C","226.700","µmol/L","21.407","deg","20.891","°C","1012.000","hPa","0.861","-0.02056","0.00035","-0.00011","0","14.7","Humid","27.30","0","43.40","195816.68","SABD0002000012","AAV2.0.0.13","1.1.2.0","PSt7-10","000000-000","6/10/2026 14:47:13","0000-00","0","no battery","V"
"07/08/2026","19:51:41","3","default","198787511","O3","413.005","min","176.384","µmol/L","Humid","21.318","deg","134950","µV","23.026","°C","1009.000","hPa","34.2","pmil","0","52.118","deg","21.808","°C","226.700","µmol/L","21.407","deg","20.891","°C","1012.000","hPa","0.861","-0.02056","0.00035","-0.00011","0","14.7","Humid","27.30","0","43.40","195819.30","SABD0002000012","AAV2.0.0.13","1.1.2.0","PSt7-10","000000-000","6/10/2026 14:47:13","0000-00","0","no battery","V"
"07/08/2026","19:52:11","3","default","198787511","O3","413.505","min","176.367","µmol/L","Humid","21.319","deg","134970","µV","23.026","°C","1009.000","hPa","34.2","pmil","0","52.118","deg","21.808","°C","226.700","µmol/L","21.407","deg","20.891","°C","1012.000","hPa","0.861","-0.02056","0.00035","-0.00011","0","14.7","Humid","27.30","0","43.40","195818.40","SABD0002000012","AAV2.0.0.13","1.1.2.0","PSt7-10","000000-000","6/10/2026 14:47:13","0000-00","0","no battery","V"
"07/08/2026","19:52:41","3","default","198787511","O3","414.005","min","176.351","µmol/L","Humid","21.320","deg","134974","µV","23.026","°C","1009.000","hPa","34.2","pmil","0","52.118","deg","21.808","°C","226.700","µmol/L","21.407","deg","20.891","°C","1012.000","hPa","0.861","-0.02056","0.00035","-0.00011","0","14.7","Humid","27.30","0","43.40","195821.10","SABD0002000012","AAV2.0.0.13","1.1.2.0","PSt7-10","000000-000","6/10/2026 14:47:13","0000-00","0","no battery","V"
"07/08/2026","19:53:11","3","default","198787511","O3","414.505","min","176.384","µmol/L","Humid","21.318","deg","134963","µV","23.026","°C","1009.000","hPa","34.2","pmil","0","52.118","deg","21.808","°C","226.700","µmol/L","21.407","deg","20.891","°C","1012.000","hPa","0.861","-0.02056","0.00035","-0.00011","0","14.7","Humid","27.30","0","43.40","195825.90","SABD0002000012","AAV2.0.0.13","1.1.2.0","PSt7-10","000000-000","6/10/2026 14:47:13","0000-00","0","no battery","V"
"07/08/2026","19:53:41","3","default","198787511","O3","415.005","min","176.412","µmol/L","Humid","21.320","deg","134985","µV","23.013","°C","1009.000","hPa","34.2","pmil","0","52.118","deg","21.808","°C","226.700","µmol/L","21.407","deg","20.891","°C","1012.000","hPa","0.861","-0.02056","0.00035","-0.00011","0","14.7","Humid","27.30","0","43.40","195830.74","SABD0002000012","AAV2.0.0.13","1.1.2.0","PSt7-10","000000-000","6/10/2026 14:47:13","0000-00","0","no battery","V"
"07/08/2026","19:54:11","3","default","198787511","O3","415.505","min","176.364","µmol/L","Humid","21.323","deg","134978","µV","23.013","°C","1009.000","hPa","34.2","pmil","0","52.118","deg","21.808","°C","226.700","µmol/L","21.407","deg","20.891","°C","1012.000","hPa","0.861","-0.02056","0.00035","-0.00011","0","14.7","Humid","27.30","0","43.40","195822.14","SABD0002000012","AAV2.0.0.13","1.1.2.0","PSt7-10","000000-000","6/10/2026 14:47:13","0000-00","0","no battery","V"
"07/08/2026","19:54:41","3","default","198787511","O3","416.004","min","176.394","µmol/L","Humid","21.323","deg","134988","µV","23.007","°C","1009.000","hPa","34.2","pmil","0","52.118","deg","21.808","°C","226.700","µmol/L","21.407","deg","20.891","°C","1012.000","hPa","0.861","-0.02056","0.00035","-0.00011","0","14.7","Humid","27.30","0","43.40","195831.81","SABD0002000012","AAV2.0.0.13","1.1.2.0","PSt7-10","000000-000","6/10/2026 14:47:13","0000-00","0","no battery","V"
"07/08/2026","19:55:11","3","default","198787511","O3","416.505","min","176.426","µmol/L","Humid","21.321","deg","134990","µV","23.007","°C","1009.000","hPa","34.2","pmil","0","52.118","deg","21.808","°C","226.700","µmol/L","21.407","deg","20.891","°C","1012.000","hPa","0.861","-0.02056","0.00035","-0.00011","0","14.7","Humid","27.30","0","43.40","195825.47","SABD0002000012","AAV2.0.0.13","1.1.2.0","PSt7-10","000000-000","6/10/2026 14:47:13","0000-00","0","no battery","V"
"07/08/2026","19:55:41","3","default","198787511","O3","417.005","min","176.457","µmol/L","Humid","21.321","deg","134985","µV","23.001","°C","1009.000","hPa","34.2","pmil","0","52.118","deg","21.808","°C","226.700","µmol/L","21.407","deg","20.891","°C","1012.000","hPa","0.861","-0.02056","0.00035","-0.00011","0","14.7","Humid","27.30","0","43.40","195822.24","SABD0002000012","AAV2.0.0.13","1.1.2.0","PSt7-10","000000-000","6/10/2026 14:47:13","0000-00","0","no battery","V"
"07/08/2026","19:56:11","3","default","198787511","O3","417.505","min","176.457","µmol/L","Humid","21.321","deg","134990","µV","23.001","°C","1009.000","hPa","34.2","pmil","0","52.118","deg","21.808","°C","226.700","µmol/L","21.407","deg","20.891","°C","1012.000","hPa","0.861","-0.02056","0.00035","-0.00011","0","14.7","Humid","27.30","0","43.40","195834.57","SABD0002000012","AAV2.0.0.13","1.1.2.0","PSt7-10","000000-000","6/10/2026 14:47:13","0000-00","0","no battery","V"
"07/08/2026","19:56:41","3","default","198787511","O3","418.005","min","176.345","µmol/L","Humid","21.326","deg","135014","µV","23.007","°C","1009.000","hPa","34.2","pmil","0","52.118","deg","21.808","°C","226.700","µmol/L","21.407","deg","20.891","°C","1012.000","hPa","0.861","-0.02056","0.00035","-0.00011","0","14.7","Humid","27.30","0","43.40","195834.31","SABD0002000012","AAV2.0.0.13","1.1.2.0","PSt7-10","000000-000","6/10/2026 14:47:13","0000-00","0","no battery","V"
"07/08/2026","19:57:11","3","default","198787511","O3","418.505","min","176.392","µmol/L","Humid","21.325","deg","135002","µV","23.001","°C","1009.000","hPa","34.2","pmil","0","52.118","deg","21.808","°C","226.700","µmol/L","21.407","deg","20.891","°C","1012.000","hPa","0.861","-0.02056","0.00035","-0.00011","0","14.7","Humid","27.30","0","43.40","195831.09","SABD0002000012","AAV2.0.0.13","1.1.2.0","PSt7-10","000000-000","6/10/2026 14:47:13","0000-00","0","no battery","V"
"07/08/2026","19:57:41","3","default","198787511","O3","419.005","min","176.425","µmol/L","Humid","21.323","deg","135009","µV","23.001","°C","1009.000","hPa","34.2","pmil","0","52.118","deg","21.808","°C","226.700","µmol/L","21.407","deg","20.891","°C","1012.000","hPa","0.861","-0.02056","0.00035","-0.00011","0","14.7","Humid","27.30","0","43.40","195821.67","SABD0002000012","AAV2.0.0.13","1.1.2.0","PSt7-10","000000-000","6/10/2026 14:47:13","0000-00","0","no battery","V"
"07/08/2026","19:58:11","3","default","198787511","O3","419.504","min","176.439","µmol/L","Humid","21.324","deg","135019","µV","22.995","°C","1009.000","hPa","34.2","pmil","0","52.118","deg","21.808","°C","226.700","µmol/L","21.407","deg","20.891","°C","1012.000","hPa","0.861","-0.02056","0.00035","-0.00011","0","14.7","Humid","27.30","0","43.40","195837.28","SABD0002000012","AAV2.0.0.13","1.1.2.0","PSt7-10","000000-000","6/10/2026 14:47:13","0000-00","0","no battery","V"
"07/08/2026","19:58:41","3","default","198787511","O3","420.005","min","176.390","µmol/L","Humid","21.327","deg","135018","µV","22.995","°C","1009.000","hPa","34.2","pmil","0","52.118","deg","21.808","°C","226.700","µmol/L","21.407","deg","20.891","°C","1012.000","hPa","0.861","-0.02056","0.00035","-0.00011","0","14.7","Humid","27.30","0","43.40","195837.19","SABD0002000012","AAV2.0.0.13","1.1.2.0","PSt7-10","000000-000","6/10/2026 14:47:13","0000-00","0","no battery","V"
"07/08/2026","19:59:11","3","default","198787511","O3","420.504","min","176.496","µmol/L","Humid","21.328","deg","135040","µV","22.971","°C","1009.000","hPa","34.2","pmil","0","52.118","deg","21.808","°C","226.700","µmol/L","21.407","deg","20.891","°C","1012.000","hPa","0.861","-0.02056","0.00035","-0.00011","0","14.7","Humid","27.30","0","43.40","195849.16","SABD0002000012","AAV2.0.0.13","1.1.2.0","PSt7-10","000000-000","6/10/2026 14:47:13","0000-00","0","no battery","V"
"07/08/2026","19:59:41","3","default","198787511","O3","421.004","min","176.559","µmol/L","Humid","21.326","deg","135035","µV","22.964","°C","1009.000","hPa","34.2","pmil","0","52.118","deg","21.808","°C","226.700","µmol/L","21.407","deg","20.891","°C","1012.000","hPa","0.861","-0.02056","0.00035","-0.00011","0","14.7","Humid","27.30","0","43.40","195844.21","SABD0002000012","AAV2.0.0.13","1.1.2.0","PSt7-10","000000-000","6/10/2026 14:47:13","0000-00","0","no battery","V"
"07/08/2026","20:00:11","3","default","198787511","O3","421.505","min","176.494","µmol/L","Humid","21.330","deg","135017","µV","22.964","°C","1009.000","hPa","34.2","pmil","0","52.118","deg","21.808","°C","226.700","µmol/L","21.407","deg","20.891","°C","1012.000","hPa","0.861","-0.02056","0.00035","-0.00011","0","14.7","Humid","27.30","0","43.40","195842.07","SABD0002000012","AAV2.0.0.13","1.1.2.0","PSt7-10","000000-000","6/10/2026 14:47:13","0000-00","0","no battery","V"
"07/08/2026","20:00:41","3","default","198787511","O3","422.005","min","176.528","µmol/L","Humid","21.326","deg","135012","µV","22.971","°C","1009.000","hPa","34.2","pmil","0","52.118","deg","21.808","°C","226.700","µmol/L","21.407","deg","20.891","°C","1012.000","hPa","0.861","-0.02056","0.00035","-0.00011","0","14.7","Humid","27.30","0","43.40","195848.74","SABD0002000012","AAV2.0.0.13","1.1.2.0","PSt7-10","000000-000","6/10/2026 14:47:13","0000-00","0","no battery","V"
"07/08/2026","20:01:11","3","default","198787511","O3","422.505","min","176.591","µmol/L","Humid","21.324","deg","135020","µV","22.964","°C","1009.000","hPa","34.2","pmil","0","52.118","deg","21.808","°C","226.700","µmol/L","21.407","deg","20.891","°C","1012.000","hPa","0.861","-0.02056","0.00035","-0.00011","0","14.7","Humid","27.30","0","43.40","195843.30","SABD0002000012","AAV2.0.0.13","1.1.2.0","PSt7-10","000000-000","6/10/2026 14:47:13","0000-00","0","no battery","V"
"07/08/2026","20:01:41","3","default","198787511","O3","423.004","min","176.608","µmol/L","Humid","21.323","deg","135011","µV","22.964","°C","1009.000","hPa","34.2","pmil","0","52.118","deg","21.808","°C","226.700","µmol/L","21.407","deg","20.891","°C","1012.000","hPa","0.861","-0.02056","0.00035","-0.00011","0","14.7","Humid","27.30","0","43.40","195837.38","SABD0002000012","AAV2.0.0.13","1.1.2.0","PSt7-10","000000-000","6/10/2026 14:47:13","0000-00","0","no battery","V"
"07/08/2026","20:02:11","3","default","198787511","O3","423.505","min","176.527","µmol/L","Humid","21.328","deg","135020","µV","22.964","°C","1009.000","hPa","34.2","pmil","0","52.118","deg","21.808","°C","226.700","µmol/L","21.407","deg","20.891","°C","1012.000","hPa","0.861","-0.02056","0.00035","-0.00011","0","14.7","Humid","27.30","0","43.40","195841.80","SABD0002000012","AAV2.0.0.13","1.1.2.0","PSt7-10","000000-000","6/10/2026 14:47:13","0000-00","0","no battery","V"
"07/08/2026","20:02:41","3","default","198787511","O3","424.005","min","176.555","µmol/L","Humid","21.330","deg","135032","µV","22.952","°C","1009.000","hPa","34.2","pmil","0","52.118","deg","21.808","°C","226.700","µmol/L","21.407","deg","20.891","°C","1012.000","hPa","0.861","-0.02056","0.00035","-0.00011","0","14.7","Humid","27.30","0","43.40","195846.51","SABD0002000012","AAV2.0.0.13","1.1.2.0","PSt7-10","000000-000","6/10/2026 14:47:13","0000-00","0","no battery","V"
"07/08/2026","20:03:11","3","default","198787511","O3","424.504","min","176.557","µmol/L","Humid","21.328","deg","135045","µV","22.958","°C","1009.000","hPa","34.2","pmil","0","52.118","deg","21.808","°C","226.700","µmol/L","21.407","deg","20.891","°C","1012.000","hPa","0.861","-0.02056","0.00035","-0.00011","0","14.7","Humid","27.30","0","43.40","195850.51","SABD0002000012","AAV2.0.0.13","1.1.2.0","PSt7-10","000000-000","6/10/2026 14:47:13","0000-00","0","no battery","V"
"07/08/2026","20:03:41","3","default","198787511","O3","425.004","min","176.588","µmol/L","Humid","21.328","deg","135058","µV","22.952","°C","1009.000","hPa","34.2","pmil","0","52.118","deg","21.808","°C","226.700","µmol/L","21.407","deg","20.891","°C","1012.000","hPa","0.861","-0.02056","0.00035","-0.00011","0","14.7","Humid","27.30","0","43.40","195842.55","SABD0002000012","AAV2.0.0.13","1.1.2.0","PSt7-10","000000-000","6/10/2026 14:47:13","0000-00","0","no battery","V"
"07/08/2026","20:04:11","3","default","198787511","O3","425.505","min","176.523","µmol/L","Humid","21.332","deg","135054","µV","22.952","°C","1009.000","hPa","34.2","pmil","0","52.118","deg","21.808","°C","226.700","µmol/L","21.407","deg","20.891","°C","1012.000","hPa","0.861","-0.02056","0.00035","-0.00011","0","14.7","Humid","27.30","0","43.40","195845.55","SABD0002000012","AAV2.0.0.13","1.1.2.0","PSt7-10","000000-000","6/10/2026 14:47:13","0000-00","0","no battery","V"
"07/08/2026","20:04:41","3","default","198787511","O3","426.005","min","176.492","µmol/L","Humid","21.332","deg","135065","µV","22.958","°C","1009.000","hPa","34.2","pmil","0","52.118","deg","21.808","°C","226.700","µmol/L","21.407","deg","20.891","°C","1012.000","hPa","0.861","-0.02056","0.00035","-0.00011","0","14.7","Humid","27.30","0","43.40","195845.91","SABD0002000012","AAV2.0.0.13","1.1.2.0","PSt7-10","000000-000","6/10/2026 14:47:13","0000-00","0","no battery","V"
"07/08/2026","20:05:11","3","default","198787511","O3","426.505","min","176.507","µmol/L","Humid","21.333","deg","135061","µV","22.952","°C","1009.000","hPa","34.2","pmil","0","52.118","deg","21.808","°C","226.700","µmol/L","21.407","deg","20.891","°C","1012.000","hPa","0.861","-0.02056","0.00035","-0.00011","0","14.7","Humid","27.30","0","43.40","195848.77","SABD0002000012","AAV2.0.0.13","1.1.2.0","PSt7-10","000000-000","6/10/2026 14:47:13","0000-00","0","no battery","V"
"07/08/2026","20:05:41","3","default","198787511","O3","427.005","min","176.570","µmol/L","Humid","21.331","deg","135063","µV","22.946","°C","1009.000","hPa","34.2","pmil","0","52.118","deg","21.808","°C","226.700","µmol/L","21.407","deg","20.891","°C","1012.000","hPa","0.861","-0.02056","0.00035","-0.00011","0","14.7","Humid","27.30","0","43.40","195843.28","SABD0002000012","AAV2.0.0.13","1.1.2.0","PSt7-10","000000-000","6/10/2026 14:47:13","0000-00","0","no battery","V"
"07/08/2026","20:06:11","3","default","198787511","O3","427.505","min","176.618","µmol/L","Humid","21.328","deg","135071","µV","22.946","°C","1009.000","hPa","34.2","pmil","0","52.118","deg","21.808","°C","226.700","µmol/L","21.407","deg","20.891","°C","1012.000","hPa","0.861","-0.02056","0.00035","-0.00011","0","14.7","Humid","27.30","0","43.40","195856.95","SABD0002000012","AAV2.0.0.13","1.1.2.0","PSt7-10","000000-000","6/10/2026 14:47:13","0000-00","0","no battery","V"
"07/08/2026","20:06:41","3","default","198787511","O3","428.004","min","176.586","µmol/L","Humid","21.330","deg","135063","µV","22.946","°C","1009.000","hPa","34.2","pmil","0","52.118","deg","21.808","°C","226.700","µmol/L","21.407","deg","20.891","°C","1012.000","hPa","0.861","-0.02056","0.00035","-0.00011","0","14.7","Humid","27.30","0","43.40","195852.09","SABD0002000012","AAV2.0.0.13","1.1.2.0","PSt7-10","000000-000","6/10/2026 14:47:13","0000-00","0","no battery","V"
"07/08/2026","20:07:11","3","default","198787511","O3","428.505","min","176.570","µmol/L","Humid","21.331","deg","135075","µV","22.946","°C","1009.000","hPa","34.2","pmil","0","52.118","deg","21.808","°C","226.700","µmol/L","21.407","deg","20.891","°C","1012.000","hPa","0.861","-0.02056","0.00035","-0.00011","0","14.7","Humid","27.30","0","43.40","195861.81","SABD0002000012","AAV2.0.0.13","1.1.2.0","PSt7-10","000000-000","6/10/2026 14:47:13","0000-00","0","no battery","V"
"07/08/2026","20:07:41","3","default","198787511","O3","429.005","min","176.521","µmol/L","Humid","21.334","deg","135085","µV","22.946","°C","1009.000","hPa","34.2","pmil","0","52.118","deg","21.808","°C","226.700","µmol/L","21.407","deg","20.891","°C","1012.000","hPa","0.861","-0.02056","0.00035","-0.00011","0","14.7","Humid","27.30","0","43.40","195851.03","SABD0002000012","AAV2.0.0.13","1.1.2.0","PSt7-10","000000-000","6/10/2026 14:47:13","0000-00","0","no battery","V"
"07/08/2026","20:08:11","3","default","198787511","O3","429.504","min","176.600","µmol/L","Humid","21.331","deg","135077","µV","22.940","°C","1009.000","hPa","34.2","pmil","0","52.118","deg","21.808","°C","226.700","µmol/L","21.407","deg","20.891","°C","1012.000","hPa","0.861","-0.02056","0.00035","-0.00011","0","14.7","Humid","27.30","0","43.40","195851.94","SABD0002000012","AAV2.0.0.13","1.1.2.0","PSt7-10","000000-000","6/10/2026 14:47:13","0000-00","0","no battery","V"
"07/08/2026","20:08:41","3","default","198787511","O3","430.004","min","176.632","µmol/L","Humid","21.329","deg","135084","µV","22.940","°C","1009.000","hPa","34.2","pmil","0","52.118","deg","21.808","°C","226.700","µmol/L","21.407","deg","20.891","°C","1012.000","hPa","0.861","-0.02056","0.00035","-0.00011","0","14.7","Humid","27.30","0","43.40","195845.27","SABD0002000012","AAV2.0.0.13","1.1.2.0","PSt7-10","000000-000","6/10/2026 14:47:13","0000-00","0","no battery","V"
"07/08/2026","20:09:11","3","default","198787511","O3","430.505","min","176.631","µmol/L","Humid","21.331","deg","135042","µV","22.934","°C","1009.000","hPa","34.2","pmil","0","52.118","deg","21.808","°C","226.700","µmol/L","21.407","deg","20.891","°C","1012.000","hPa","0.861","-0.02056","0.00035","-0.00011","0","14.7","Humid","27.30","0","43.40","195845.14","SABD0002000012","AAV2.0.0.13","1.1.2.0","PSt7-10","000000-000","6/10/2026 14:47:13","0000-00","0","no battery","V"
"07/08/2026","20:09:41","3","default","198787511","O3","431.005","min","176.551","µmol/L","Humid","21.334","deg","135067","µV","22.940","°C","1009.000","hPa","34.2","pmil","0","52.118","deg","21.808","°C","226.700","µmol/L","21.407","deg","20.891","°C","1012.000","hPa","0.861","-0.02056","0.00035","-0.00011","0","14.7","Humid","27.30","0","43.40","195860.08","SABD0002000012","AAV2.0.0.13","1.1.2.0","PSt7-10","000000-000","6/10/2026 14:47:13","0000-00","0","no battery","V"
"07/08/2026","20:10:11","3","default","198787511","O3","431.505","min","176.665","µmol/L","Humid","21.327","deg","135046","µV","22.940","°C","1009.000","hPa","34.2","pmil","0","52.118","deg","21.808","°C","226.700","µmol/L","21.407","deg","20.891","°C","1012.000","hPa","0.861","-0.02056","0.00035","-0.00011","0","14.7","Humid","27.30","0","43.40","195850.36","SABD0002000012","AAV2.0.0.13","1.1.2.0","PSt7-10","000000-000","6/10/2026 14:47:13","0000-00","0","no battery","V"
"07/08/2026","20:10:41","3","default","198787511","O3","432.005","min","176.679","µmol/L","Humid","21.328","deg","135051","µV","22.934","°C","1009.000","hPa","34.2","pmil","0","52.118","deg","21.808","°C","226.700","µmol/L","21.407","deg","20.891","°C","1012.000","hPa","0.861","-0.02056","0.00035","-0.00011","0","14.7","Humid","27.30","0","43.40","195850.40","SABD0002000012","AAV2.0.0.13","1.1.2.0","PSt7-10","000000-000","6/10/2026 14:47:13","0000-00","0","no battery","V"
"07/08/2026","20:11:11","3","default","198787511","O3","432.504","min","176.631","µmol/L","Humid","21.331","deg","135094","µV","22.934","°C","1009.000","hPa","34.2","pmil","0","52.118","deg","21.808","°C","226.700","µmol/L","21.407","deg","20.891","°C","1012.000","hPa","0.861","-0.02056","0.00035","-0.00011","0","14.7","Humid","27.30","0","43.40","195854.55","SABD0002000012","AAV2.0.0.13","1.1.2.0","PSt7-10","000000-000","6/10/2026 14:47:13","0000-00","0","no battery","V"
"07/08/2026","20:11:41","3","default","198787511","O3","433.005","min","176.612","µmol/L","Humid","21.334","deg","135106","µV","22.928","°C","1009.000","hPa","34.2","pmil","0","52.118","deg","21.808","°C","226.700","µmol/L","21.407","deg","20.891","°C","1012.000","hPa","0.861","-0.02056","0.00035","-0.00011","0","14.7","Humid","27.30","0","43.40","195859.36","SABD0002000012","AAV2.0.0.13","1.1.2.0","PSt7-10","000000-000","6/10/2026 14:47:13","0000-00","0","no battery","V"
"07/08/2026","20:12:11","3","default","198787511","O3","433.505","min","176.614","µmol/L","Humid","21.332","deg","135111","µV","22.934","°C","1009.000","hPa","34.2","pmil","0","52.118","deg","21.808","°C","226.700","µmol/L","21.407","deg","20.891","°C","1012.000","hPa","0.861","-0.02056","0.00035","-0.00011","0","14.7","Humid","27.30","0","43.40","195859.66","SABD0002000012","AAV2.0.0.13","1.1.2.0","PSt7-10","000000-000","6/10/2026 14:47:13","0000-00","0","no battery","V"
"07/08/2026","20:12:41","3","default","198787511","O3","434.005","min","176.627","µmol/L","Humid","21.335","deg","135098","µV","22.922","°C","1009.000","hPa","34.2","pmil","0","52.118","deg","21.808","°C","226.700","µmol/L","21.407","deg","20.891","°C","1012.000","hPa","0.861","-0.02056","0.00035","-0.00011","0","14.7","Humid","27.30","0","43.40","195865.29","SABD0002000012","AAV2.0.0.13","1.1.2.0","PSt7-10","000000-000","6/10/2026 14:47:13","0000-00","0","no battery","V"
"07/08/2026","20:13:11","3","default","198787511","O3","434.504","min","176.694","µmol/L","Humid","21.329","deg","135054","µV","22.928","°C","1009.000","hPa","34.2","pmil","0","52.118","deg","21.808","°C","226.700","µmol/L","21.407","deg","20.891","°C","1012.000","hPa","0.861","-0.02056","0.00035","-0.00011","0","14.7","Humid","27.30","0","43.40","195867.03","SABD0002000012","AAV2.0.0.13","1.1.2.0","PSt7-10","000000-000","6/10/2026 14:47:13","0000-00","0","no battery","V"
"07/08/2026","20:13:41","3","default","198787511","O3","435.005","min","176.611","µmol/L","Humid","21.336","deg","135079","µV","22.922","°C","1009.000","hPa","34.2","pmil","0","52.118","deg","21.808","°C","226.700","µmol/L","21.407","deg","20.891","°C","1012.000","hPa","0.861","-0.02056","0.00035","-0.00011","0","14.7","Humid","27.30","0","43.40","195873.30","SABD0002000012","AAV2.0.0.13","1.1.2.0","PSt7-10","000000-000","6/10/2026 14:47:13","0000-00","0","no battery","V"
"07/08/2026","20:14:11","3","default","198787511","O3","435.505","min","176.659","µmol/L","Humid","21.333","deg","135104","µV","22.922","°C","1009.000","hPa","34.2","pmil","0","52.118","deg","21.808","°C","226.700","µmol/L","21.407","deg","20.891","°C","1012.000","hPa","0.861","-0.02056","0.00035","-0.00011","0","14.7","Humid","27.30","0","43.40","195870.54","SABD0002000012","AAV2.0.0.13","1.1.2.0","PSt7-10","000000-000","6/10/2026 14:47:13","0000-00","0","no battery","V"
"07/08/2026","20:14:41","3","default","198787511","O3","436.005","min","176.529","µmol/L","Humid","21.341","deg","135103","µV","22.922","°C","1009.000","hPa","34.2","pmil","0","52.118","deg","21.808","°C","226.700","µmol/L","21.407","deg","20.891","°C","1012.000","hPa","0.861","-0.02056","0.00035","-0.00011","0","14.7","Humid","27.30","0","43.40","195875.52","SABD0002000012","AAV2.0.0.13","1.1.2.0","PSt7-10","000000-000","6/10/2026 14:47:13","0000-00","0","no battery","V"
"07/08/2026","20:15:11","3","default","198787511","O3","436.505","min","176.625","µmol/L","Humid","21.337","deg","135092","µV","22.915","°C","1009.000","hPa","34.2","pmil","0","52.118","deg","21.808","°C","226.700","µmol/L","21.407","deg","20.891","°C","1012.000","hPa","0.861","-0.02056","0.00035","-0.00011","0","14.7","Humid","27.30","0","43.40","195863.53","SABD0002000012","AAV2.0.0.13","1.1.2.0","PSt7-10","000000-000","6/10/2026 14:47:13","0000-00","0","no battery","V"
"07/08/2026","20:15:41","3","default","198787511","O3","437.004","min","176.578","µmol/L","Humid","21.338","deg","135114","µV","22.922","°C","1009.000","hPa","34.2","pmil","0","52.118","deg","21.808","°C","226.700","µmol/L","21.407","deg","20.891","°C","1012.000","hPa","0.861","-0.02056","0.00035","-0.00011","0","14.7","Humid","27.30","0","43.40","195872.69","SABD0002000012","AAV2.0.0.13","1.1.2.0","PSt7-10","000000-000","6/10/2026 14:47:13","0000-00","0","no battery","V"
"07/08/2026","20:16:11","3","default","198787511","O3","437.504","min","176.611","µmol/L","Humid","21.336","deg","135103","µV","22.922","°C","1009.000","hPa","34.2","pmil","0","52.118","deg","21.808","°C","226.700","µmol/L","21.407","deg","20.891","°C","1012.000","hPa","0.861","-0.02056","0.00035","-0.00011","0","14.7","Humid","27.30","0","43.40","195862.76","SABD0002000012","AAV2.0.0.13","1.1.2.0","PSt7-10","000000-000","6/10/2026 14:47:13","0000-00","0","no battery","V"
"07/08/2026","20:16:41","3","default","198787511","O3","438.004","min","176.657","µmol/L","Humid","21.335","deg","135100","µV","22.915","°C","1009.000","hPa","34.2","pmil","0","52.118","deg","21.808","°C","226.700","µmol/L","21.407","deg","20.891","°C","1012.000","hPa","0.861","-0.02056","0.00035","-0.00011","0","14.7","Humid","27.30","0","43.40","195863.63","SABD0002000012","AAV2.0.0.13","1.1.2.0","PSt7-10","000000-000","6/10/2026 14:47:13","0000-00","0","no battery","V"
"07/08/2026","20:17:11","3","default","198787511","O3","438.505","min","176.609","µmol/L","Humid","21.338","deg","135108","µV","22.915","°C","1009.000","hPa","34.2","pmil","0","52.118","deg","21.808","°C","226.700","µmol/L","21.407","deg","20.891","°C","1012.000","hPa","0.861","-0.02056","0.00035","-0.00011","0","14.7","Humid","27.30","0","43.40","195855.39","SABD0002000012","AAV2.0.0.13","1.1.2.0","PSt7-10","000000-000","6/10/2026 14:47:13","0000-00","0","no battery","V"
"07/08/2026","20:17:41","3","default","198787511","O3","439.005","min","176.672","µmol/L","Humid","21.336","deg","135098","µV","22.909","°C","1009.000","hPa","34.2","pmil","0","52.118","deg","21.808","°C","226.700","µmol/L","21.407","deg","20.891","°C","1012.000","hPa","0.861","-0.02056","0.00035","-0.00011","0","14.7","Humid","27.30","0","43.40","195864.97","SABD0002000012","AAV2.0.0.13","1.1.2.0","PSt7-10","000000-000","6/10/2026 14:47:13","0000-00","0","no battery","V"
"07/08/2026","20:18:11","3","default","198787511","O3","439.504","min","176.688","µmol/L","Humid","21.335","deg","135092","µV","22.909","°C","1009.000","hPa","34.2","pmil","0","52.118","deg","21.808","°C","226.700","µmol/L","21.407","deg","20.891","°C","1012.000","hPa","0.861","-0.02056","0.00035","-0.00011","0","14.7","Humid","27.30","0","43.40","195859.23","SABD0002000012","AAV2.0.0.13","1.1.2.0","PSt7-10","000000-000","6/10/2026 14:47:13","0000-00","0","no battery","V"
"07/08/2026","20:18:41","3","default","198787511","O3","440.004","min","176.672","µmol/L","Humid","21.336","deg","135092","µV","22.909","°C","1009.000","hPa","34.2","pmil","0","52.118","deg","21.808","°C","226.700","µmol/L","21.407","deg","20.891","°C","1012.000","hPa","0.861","-0.02056","0.00035","-0.00011","0","14.7","Humid","27.30","0","43.40","195863.10","SABD0002000012","AAV2.0.0.13","1.1.2.0","PSt7-10","000000-000","6/10/2026 14:47:13","0000-00","0","no battery","V"
"07/08/2026","20:19:11","3","default","198787511","O3","440.505","min","176.686","µmol/L","Humid","21.337","deg","135090","µV","22.903","°C","1009.000","hPa","34.2","pmil","0","52.118","deg","21.808","°C","226.700","µmol/L","21.407","deg","20.891","°C","1012.000","hPa","0.861","-0.02056","0.00035","-0.00011","0","14.7","Humid","27.30","0","43.40","195866.71","SABD0002000012","AAV2.0.0.13","1.1.2.0","PSt7-10","000000-000","6/10/2026 14:47:13","0000-00","0","no battery","V"
"07/08/2026","20:19:41","3","default","198787511","O3","441.005","min","176.702","µmol/L","Humid","21.336","deg","135075","µV","22.903","°C","1009.000","hPa","34.2","pmil","0","52.118","deg","21.808","°C","226.700","µmol/L","21.407","deg","20.891","°C","1012.000","hPa","0.861","-0.02056","0.00035","-0.00011","0","14.7","Humid","27.30","0","43.40","195861.89","SABD0002000012","AAV2.0.0.13","1.1.2.0","PSt7-10","000000-000","6/10/2026 14:47:13","0000-00","0","no battery","V"
"07/08/2026","20:20:11","3","default","198787511","O3","441.504","min","176.781","µmol/L","Humid","21.333","deg","135060","µV","22.897","°C","1009.000","hPa","34.2","pmil","0","52.118","deg","21.808","°C","226.700","µmol/L","21.407","deg","20.891","°C","1012.000","hPa","0.861","-0.02056","0.00035","-0.00011","0","14.7","Humid","27.30","0","43.40","195861.79","SABD0002000012","AAV2.0.0.13","1.1.2.0","PSt7-10","000000-000","6/10/2026 14:47:13","0000-00","0","no battery","V"
"07/08/2026","20:20:41","3","default","198787511","O3","442.005","min","176.781","µmol/L","Humid","21.333","deg","135075","µV","22.897","°C","1009.000","hPa","34.2","pmil","0","52.118","deg","21.808","°C","226.700","µmol/L","21.407","deg","20.891","°C","1012.000","hPa","0.861","-0.02056","0.00035","-0.00011","0","14.7","Humid","27.30","0","43.40","195867.34","SABD0002000012","AAV2.0.0.13","1.1.2.0","PSt7-10","000000-000","6/10/2026 14:47:13","0000-00","0","no battery","V"
"07/08/2026","20:21:11","3","default","198787511","O3","442.504","min","176.796","µmol/L","Humid","21.334","deg","135071","µV","22.891","°C","1009.000","hPa","34.2","pmil","0","52.118","deg","21.808","°C","226.700","µmol/L","21.407","deg","20.891","°C","1012.000","hPa","0.861","-0.02056","0.00035","-0.00011","0","14.7","Humid","27.30","0","43.40","195866.57","SABD0002000012","AAV2.0.0.13","1.1.2.0","PSt7-10","000000-000","6/10/2026 14:47:13","0000-00","0","no battery","V"
"07/08/2026","20:21:41","3","default","198787511","O3","443.004","min","176.781","µmol/L","Humid","21.333","deg","135071","µV","22.897","°C","1009.000","hPa","34.2","pmil","0","52.118","deg","21.808","°C","226.700","µmol/L","21.407","deg","20.891","°C","1012.000","hPa","0.861","-0.02056","0.00035","-0.00011","0","14.7","Humid","27.30","0","43.40","195872.86","SABD0002000012","AAV2.0.0.13","1.1.2.0","PSt7-10","000000-000","6/10/2026 14:47:13","0000-00","0","no battery","V"
"07/08/2026","20:22:11","3","default","198787511","O3","443.505","min","176.715","µmol/L","Humid","21.339","deg","135094","µV","22.891","°C","1009.000","hPa","34.2","pmil","0","52.118","deg","21.808","°C","226.700","µmol/L","21.407","deg","20.891","°C","1012.000","hPa","0.861","-0.02056","0.00035","-0.00011","0","14.7","Humid","27.30","0","43.40","195864.24","SABD0002000012","AAV2.0.0.13","1.1.2.0","PSt7-10","000000-000","6/10/2026 14:47:13","0000-00","0","no battery","V"
"07/08/2026","20:22:41","3","default","198787511","O3","444.005","min","176.668","µmol/L","Humid","21.340","deg","135103","µV","22.897","°C","1009.000","hPa","34.2","pmil","0","52.118","deg","21.808","°C","226.700","µmol/L","21.407","deg","20.891","°C","1012.000","hPa","0.861","-0.02056","0.00035","-0.00011","0","14.7","Humid","27.30","0","43.40","195865.70","SABD0002000012","AAV2.0.0.13","1.1.2.0","PSt7-10","000000-000","6/10/2026 14:47:13","0000-00","0","no battery","V"
"07/08/2026","20:23:11","3","default","198787511","O3","444.504","min","176.716","µmol/L","Humid","21.337","deg","135103","µV","22.897","°C","1009.000","hPa","34.2","pmil","0","52.118","deg","21.808","°C","226.700","µmol/L","21.407","deg","20.891","°C","1012.000","hPa","0.861","-0.02056","0.00035","-0.00011","0","14.7","Humid","27.30","0","43.40","195868.73","SABD0002000012","AAV2.0.0.13","1.1.2.0","PSt7-10","000000-000","6/10/2026 14:47:13","0000-00","0","no battery","V"
"07/08/2026","20:23:41","3","default","198787511","O3","445.004","min","176.700","µmol/L","Humid","21.338","deg","135123","µV","22.897","°C","1009.000","hPa","34.2","pmil","0","52.118","deg","21.808","°C","226.700","µmol/L","21.407","deg","20.891","°C","1012.000","hPa","0.861","-0.02056","0.00035","-0.00011","0","14.7","Humid","27.30","0","43.40","195868.08","SABD0002000012","AAV2.0.0.13","1.1.2.0","PSt7-10","000000-000","6/10/2026 14:47:13","0000-00","0","no battery","V"
"07/08/2026","20:24:11","3","default","198787511","O3","445.505","min","176.650","µmol/L","Humid","21.343","deg","135127","µV","22.891","°C","1009.000","hPa","34.2","pmil","0","52.118","deg","21.808","°C","226.700","µmol/L","21.407","deg","20.891","°C","1012.000","hPa","0.861","-0.02056","0.00035","-0.00011","0","14.7","Humid","27.30","0","43.40","195869.21","SABD0002000012","AAV2.0.0.13","1.1.2.0","PSt7-10","000000-000","6/10/2026 14:47:13","0000-00","0","no battery","V"
"07/08/2026","20:24:41","3","default","198787511","O3","446.004","min","176.698","µmol/L","Humid","21.340","deg","135118","µV","22.891","°C","1009.000","hPa","34.2","pmil","0","52.118","deg","21.808","°C","226.700","µmol/L","21.407","deg","20.891","°C","1012.000","hPa","0.861","-0.02056","0.00035","-0.00011","0","14.7","Humid","27.30","0","43.40","195882.03","SABD0002000012","AAV2.0.0.13","1.1.2.0","PSt7-10","000000-000","6/10/2026 14:47:13","0000-00","0","no battery","V"
"07/08/2026","20:25:11","3","default","198787511","O3","446.504","min","176.635","µmol/L","Humid","21.342","deg","135132","µV","22.897","°C","1009.000","hPa","34.2","pmil","0","52.118","deg","21.808","°C","226.700","µmol/L","21.407","deg","20.891","°C","1012.000","hPa","0.861","-0.02056","0.00035","-0.00011","0","14.7","Humid","27.30","0","43.40","195882.33","SABD0002000012","AAV2.0.0.13","1.1.2.0","PSt7-10","000000-000","6/10/2026 14:47:13","0000-00","0","no battery","V"
"07/08/2026","20:25:41","3","default","198787511","O3","447.004","min","176.680","µmol/L","Humid","21.343","deg","135128","µV","22.885","°C","1009.000","hPa","34.2","pmil","0","52.118","deg","21.808","°C","226.700","µmol/L","21.407","deg","20.891","°C","1012.000","hPa","0.861","-0.02056","0.00035","-0.00011","0","14.7","Humid","27.30","0","43.40","195876.88","SABD0002000012","AAV2.0.0.13","1.1.2.0","PSt7-10","000000-000","6/10/2026 14:47:13","0000-00","0","no battery","V"
"07/08/2026","20:26:11","3","default","198787511","O3","447.505","min","176.668","µmol/L","Humid","21.340","deg","135126","µV","22.897","°C","1009.000","hPa","34.2","pmil","0","52.118","deg","21.808","°C","226.700","µmol/L","21.407","deg","20.891","°C","1012.000","hPa","0.861","-0.02056","0.00035","-0.00011","0","14.7","Humid","27.30","0","43.40","195888.84","SABD0002000012","AAV2.0.0.13","1.1.2.0","PSt7-10","000000-000","6/10/2026 14:47:13","0000-00","0","no battery","V"
"07/08/2026","20:26:41","3","default","198787511","O3","448.005","min","176.713","µmol/L","Humid","21.341","deg","135109","µV","22.885","°C","1009.000","hPa","34.2","pmil","0","52.118","deg","21.808","°C","226.700","µmol/L","21.407","deg","20.891","°C","1012.000","hPa","0.861","-0.02056","0.00035","-0.00011","0","14.7","Humid","27.30","0","43.40","195870.02","SABD0002000012","AAV2.0.0.13","1.1.2.0","PSt7-10","000000-000","6/10/2026 14:47:13","0000-00","0","no battery","V"
"07/08/2026","20:27:11","3","default","198787511","O3","448.505","min","176.743","µmol/L","Humid","21.341","deg","135126","µV","22.879","°C","1009.000","hPa","34.2","pmil","0","52.118","deg","21.808","°C","226.700","µmol/L","21.407","deg","20.891","°C","1012.000","hPa","0.861","-0.02056","0.00035","-0.00011","0","14.7","Humid","27.30","0","43.40","195866.25","SABD0002000012","AAV2.0.0.13","1.1.2.0","PSt7-10","000000-000","6/10/2026 14:47:13","0000-00","0","no battery","V"
"07/08/2026","20:27:41","3","default","198787511","O3","449.005","min","176.745","µmol/L","Humid","21.339","deg","135133","µV","22.885","°C","1009.000","hPa","34.2","pmil","0","52.118","deg","21.808","°C","226.700","µmol/L","21.407","deg","20.891","°C","1012.000","hPa","0.861","-0.02056","0.00035","-0.00011","0","14.7","Humid","27.30","0","43.40","195872.21","SABD0002000012","AAV2.0.0.13","1.1.2.0","PSt7-10","000000-000","6/10/2026 14:47:13","0000-00","0","no battery","V"
"07/08/2026","20:28:11","3","default","198787511","O3","449.505","min","176.711","µmol/L","Humid","21.343","deg","135133","µV","22.879","°C","1009.000","hPa","34.2","pmil","0","52.118","deg","21.808","°C","226.700","µmol/L","21.407","deg","20.891","°C","1012.000","hPa","0.861","-0.02056","0.00035","-0.00011","0","14.7","Humid","27.30","0","43.40","195868.37","SABD0002000012","AAV2.0.0.13","1.1.2.0","PSt7-10","000000-000","6/10/2026 14:47:13","0000-00","0","no battery","V"
"07/08/2026","20:28:41","3","default","198787511","O3","450.005","min","176.743","µmol/L","Humid","21.341","deg","135142","µV","22.879","°C","1009.000","hPa","34.2","pmil","0","52.118","deg","21.808","°C","226.700","µmol/L","21.407","deg","20.891","°C","1012.000","hPa","0.861","-0.02056","0.00035","-0.00011","0","14.7","Humid","27.30","0","43.40","195878.31","SABD0002000012","AAV2.0.0.13","1.1.2.0","PSt7-10","000000-000","6/10/2026 14:47:13","0000-00","0","no battery","V"
"07/08/2026","20:29:11","3","default","198787511","O3","450.504","min","176.695","µmol/L","Humid","21.344","deg","135131","µV","22.879","°C","1009.000","hPa","34.2","pmil","0","52.118","deg","21.808","°C","226.700","µmol/L","21.407","deg","20.891","°C","1012.000","hPa","0.861","-0.02056","0.00035","-0.00011","0","14.7","Humid","27.30","0","43.40","195878.52","SABD0002000012","AAV2.0.0.13","1.1.2.0","PSt7-10","000000-000","6/10/2026 14:47:13","0000-00","0","no battery","V"
"07/08/2026","20:29:41","3","default","198787511","O3","451.004","min","176.743","µmol/L","Humid","21.341","deg","135127","µV","22.879","°C","1009.000","hPa","34.2","pmil","0","52.118","deg","21.808","°C","226.700","µmol/L","21.407","deg","20.891","°C","1012.000","hPa","0.861","-0.02056","0.00035","-0.00011","0","14.7","Humid","27.30","0","43.40","195881.39","SABD0002000012","AAV2.0.0.13","1.1.2.0","PSt7-10","000000-000","6/10/2026 14:47:13","0000-00","0","no battery","V"
"07/08/2026","20:30:11","3","default","198787511","O3","451.504","min","176.754","µmol/L","Humid","21.346","deg","135137","µV","22.860","°C","1009.000","hPa","34.2","pmil","0","52.118","deg","21.808","°C","226.700","µmol/L","21.407","deg","20.891","°C","1012.000","hPa","0.861","-0.02056","0.00035","-0.00011","0","14.7","Humid","27.30","0","43.40","195883.83","SABD0002000012","AAV2.0.0.13","1.1.2.0","PSt7-10","000000-000","6/10/2026 14:47:13","0000-00","0","no battery","V"
"07/08/2026","20:30:41","3","default","198787511","O3","452.005","min","176.804","µmol/L","Humid","21.341","deg","135136","µV","22.867","°C","1009.000","hPa","34.2","pmil","0","52.118","deg","21.808","°C","226.700","µmol/L","21.407","deg","20.891","°C","1012.000","hPa","0.861","-0.02056","0.00035","-0.00011","0","14.7","Humid","27.30","0","43.40","195876.45","SABD0002000012","AAV2.0.0.13","1.1.2.0","PSt7-10","000000-000","6/10/2026 14:47:13","0000-00","0","no battery","V"
"07/08/2026","20:31:11","3","default","198787511","O3","452.505","min","176.693","µmol/L","Humid","21.346","deg","135142","µV","22.873","°C","1009.000","hPa","34.2","pmil","0","52.118","deg","21.808","°C","226.700","µmol/L","21.407","deg","20.891","°C","1012.000","hPa","0.861","-0.02056","0.00035","-0.00011","0","14.7","Humid","27.30","0","43.40","195881.89","SABD0002000012","AAV2.0.0.13","1.1.2.0","PSt7-10","000000-000","6/10/2026 14:47:13","0000-00","0","no battery","V"
"07/08/2026","20:31:41","3","default","198787511","O3","453.004","min","176.819","µmol/L","Humid","21.342","deg","135140","µV","22.860","°C","1009.000","hPa","34.2","pmil","0","52.118","deg","21.808","°C","226.700","µmol/L","21.407","deg","20.891","°C","1012.000","hPa","0.861","-0.02056","0.00035","-0.00011","0","14.7","Humid","27.30","0","43.40","195890.26","SABD0002000012","AAV2.0.0.13","1.1.2.0","PSt7-10","000000-000","6/10/2026 14:47:13","0000-00","0","no battery","V"
"07/08/2026","20:32:11","3","default","198787511","O3","453.505","min","176.819","µmol/L","Humid","21.342","deg","135141","µV","22.860","°C","1009.000","hPa","34.2","pmil","0","52.118","deg","21.808","°C","226.700","µmol/L","21.407","deg","20.891","°C","1012.000","hPa","0.861","-0.02056","0.00035","-0.00011","0","14.7","Humid","27.30","0","43.40","195884.05","SABD0002000012","AAV2.0.0.13","1.1.2.0","PSt7-10","000000-000","6/10/2026 14:47:13","0000-00","0","no battery","V"
"07/08/2026","20:32:41","3","default","198787511","O3","454.004","min","176.786","µmol/L","Humid","21.344","deg","135148","µV","22.860","°C","1009.000","hPa","34.2","pmil","0","52.118","deg","21.808","°C","226.700","µmol/L","21.407","deg","20.891","°C","1012.000","hPa","0.861","-0.02056","0.00035","-0.00011","0","14.7","Humid","27.30","0","43.40","195901.01","SABD0002000012","AAV2.0.0.13","1.1.2.0","PSt7-10","000000-000","6/10/2026 14:47:13","0000-00","0","no battery","V"
"07/08/2026","20:33:11","3","default","198787511","O3","454.505","min","176.817","µmol/L","Humid","21.344","deg","135136","µV","22.854","°C","1009.000","hPa","34.2","pmil","0","52.118","deg","21.808","°C","226.700","µmol/L","21.407","deg","20.891","°C","1012.000","hPa","0.861","-0.02056","0.00035","-0.00011","0","14.7","Humid","27.30","0","43.40","195889.44","SABD0002000012","AAV2.0.0.13","1.1.2.0","PSt7-10","000000-000","6/10/2026 14:47:13","0000-00","0","no battery","V"
"07/08/2026","20:33:41","3","default","198787511","O3","455.004","min","176.738","µmol/L","Humid","21.347","deg","135143","µV","22.860","°C","1009.000","hPa","34.2","pmil","0","52.118","deg","21.808","°C","226.700","µmol/L","21.407","deg","20.891","°C","1012.000","hPa","0.861","-0.02056","0.00035","-0.00011","0","14.7","Humid","27.30","0","43.40","195889.07","SABD0002000012","AAV2.0.0.13","1.1.2.0","PSt7-10","000000-000","6/10/2026 14:47:13","0000-00","0","no battery","V"
"07/08/2026","20:34:11","3","default","198787511","O3","455.504","min","176.801","µmol/L","Humid","21.345","deg","135151","µV","22.854","°C","1009.000","hPa","34.2","pmil","0","52.118","deg","21.808","°C","226.700","µmol/L","21.407","deg","20.891","°C","1012.000","hPa","0.861","-0.02056","0.00035","-0.00011","0","14.7","Humid","27.30","0","43.40","195890.52","SABD0002000012","AAV2.0.0.13","1.1.2.0","PSt7-10","000000-000","6/10/2026 14:47:13","0000-00","0","no battery","V"
"07/08/2026","20:34:41","3","default","198787511","O3","456.004","min","176.851","µmol/L","Humid","21.340","deg","135146","µV","22.860","°C","1009.000","hPa","34.2","pmil","0","52.118","deg","21.808","°C","226.700","µmol/L","21.407","deg","20.891","°C","1012.000","hPa","0.861","-0.02056","0.00035","-0.00011","0","14.7","Humid","27.30","0","43.40","195888.51","SABD0002000012","AAV2.0.0.13","1.1.2.0","PSt7-10","000000-000","6/10/2026 14:47:13","0000-00","0","no battery","V"
"07/08/2026","20:35:11","3","default","198787511","O3","456.505","min","176.819","µmol/L","Humid","21.342","deg","135144","µV","22.860","°C","1009.000","hPa","34.2","pmil","0","52.118","deg","21.808","°C","226.700","µmol/L","21.407","deg","20.891","°C","1012.000","hPa","0.861","-0.02056","0.00035","-0.00011","0","14.7","Humid","27.30","0","43.40","195882.43","SABD0002000012","AAV2.0.0.13","1.1.2.0","PSt7-10","000000-000","6/10/2026 14:47:13","0000-00","0","no battery","V"
"07/08/2026","20:35:41","3","default","198787511","O3","457.004","min","176.784","µmol/L","Humid","21.346","deg","135132","µV","22.854","°C","1009.000","hPa","34.2","pmil","0","52.118","deg","21.808","°C","226.700","µmol/L","21.407","deg","20.891","°C","1012.000","hPa","0.861","-0.02056","0.00035","-0.00011","0","14.7","Humid","27.30","0","43.40","195887.79","SABD0002000012","AAV2.0.0.13","1.1.2.0","PSt7-10","000000-000","6/10/2026 14:47:13","0000-00","0","no battery","V"
"07/08/2026","20:36:11","3","default","198787511","O3","457.505","min","176.819","µmol/L","Humid","21.342","deg","135125","µV","22.860","°C","1009.000","hPa","34.2","pmil","0","52.118","deg","21.808","°C","226.700","µmol/L","21.407","deg","20.891","°C","1012.000","hPa","0.861","-0.02056","0.00035","-0.00011","0","14.7","Humid","27.30","0","43.40","195882.44","SABD0002000012","AAV2.0.0.13","1.1.2.0","PSt7-10","000000-000","6/10/2026 14:47:13","0000-00","0","no battery","V"
"07/08/2026","20:36:41","3","default","198787511","O3","458.005","min","176.754","µmol/L","Humid","21.346","deg","135129","µV","22.860","°C","1009.000","hPa","34.2","pmil","0","52.118","deg","21.808","°C","226.700","µmol/L","21.407","deg","20.891","°C","1012.000","hPa","0.861","-0.02056","0.00035","-0.00011","0","14.7","Humid","27.30","0","43.40","195894.92","SABD0002000012","AAV2.0.0.13","1.1.2.0","PSt7-10","000000-000","6/10/2026 14:47:13","0000-00","0","no battery","V"
"07/08/2026","20:37:11","3","default","198787511","O3","458.505","min","176.864","µmol/L","Humid","21.343","deg","135140","µV","22.848","°C","1009.000","hPa","34.2","pmil","0","52.118","deg","21.808","°C","226.700","µmol/L","21.407","deg","20.891","°C","1012.000","hPa","0.861","-0.02056","0.00035","-0.00011","0","14.7","Humid","27.30","0","43.40","195889.28","SABD0002000012","AAV2.0.0.13","1.1.2.0","PSt7-10","000000-000","6/10/2026 14:47:13","0000-00","0","no battery","V"
"07/08/2026","20:37:41","3","default","198787511","O3","459.004","min","176.817","µmol/L","Humid","21.344","deg","135138","µV","22.854","°C","1009.000","hPa","34.2","pmil","0","52.118","deg","21.808","°C","226.700","µmol/L","21.407","deg","20.891","°C","1012.000","hPa","0.861","-0.02056","0.00035","-0.00011","0","14.7","Humid","27.30","0","43.40","195883.47","SABD0002000012","AAV2.0.0.13","1.1.2.0","PSt7-10","000000-000","6/10/2026 14:47:13","0000-00","0","no battery","V"
"07/08/2026","20:38:11","3","default","198787511","O3","459.505","min","176.894","µmol/L","Humid","21.343","deg","135139","µV","22.842","°C","1009.000","hPa","34.2","pmil","0","52.118","deg","21.808","°C","226.700","µmol/L","21.407","deg","20.891","°C","1012.000","hPa","0.861","-0.02056","0.00035","-0.00011","0","14.7","Humid","27.30","0","43.40","195888.26","SABD0002000012","AAV2.0.0.13","1.1.2.0","PSt7-10","000000-000","6/10/2026 14:47:13","0000-00","0","no battery","V"
"07/08/2026","20:38:41","3","default","198787511","O3","460.005","min","176.847","µmol/L","Humid","21.344","deg","135128","µV","22.848","°C","1009.000","hPa","34.2","pmil","0","52.118","deg","21.808","°C","226.700","µmol/L","21.407","deg","20.891","°C","1012.000","hPa","0.861","-0.02056","0.00035","-0.00011","0","14.7","Humid","27.30","0","43.40","195888.82","SABD0002000012","AAV2.0.0.13","1.1.2.0","PSt7-10","000000-000","6/10/2026 14:47:13","0000-00","0","no battery","V"
"07/08/2026","20:39:11","3","default","198787511","O3","460.505","min","176.862","µmol/L","Humid","21.345","deg","135135","µV","22.842","°C","1009.000","hPa","34.2","pmil","0","52.118","deg","21.808","°C","226.700","µmol/L","21.407","deg","20.891","°C","1012.000","hPa","0.861","-0.02056","0.00035","-0.00011","0","14.7","Humid","27.30","0","43.40","195887.06","SABD0002000012","AAV2.0.0.13","1.1.2.0","PSt7-10","000000-000","6/10/2026 14:47:13","0000-00","0","no battery","V"
"07/08/2026","20:39:41","3","default","198787511","O3","461.004","min","176.831","µmol/L","Humid","21.345","deg","135123","µV","22.848","°C","1009.000","hPa","34.2","pmil","0","52.118","deg","21.808","°C","226.700","µmol/L","21.407","deg","20.891","°C","1012.000","hPa","0.861","-0.02056","0.00035","-0.00011","0","14.7","Humid","27.30","0","43.40","195886.62","SABD0002000012","AAV2.0.0.13","1.1.2.0","PSt7-10","000000-000","6/10/2026 14:47:13","0000-00","0","no battery","V"
"07/08/2026","20:40:11","3","default","198787511","O3","461.505","min","176.975","µmol/L","Humid","21.338","deg","135056","µV","22.842","°C","1009.000","hPa","34.2","pmil","0","52.118","deg","21.808","°C","226.700","µmol/L","21.407","deg","20.891","°C","1012.000","hPa","0.861","-0.02056","0.00035","-0.00011","0","14.7","Humid","27.30","0","43.40","195884.05","SABD0002000012","AAV2.0.0.13","1.1.2.0","PSt7-10","000000-000","6/10/2026 14:47:13","0000-00","0","no battery","V"
"07/08/2026","20:40:41","3","default","198787511","O3","462.005","min","177.122","µmol/L","Humid","21.329","deg","135033","µV","22.842","°C","1009.000","hPa","34.2","pmil","0","52.118","deg","21.808","°C","226.700","µmol/L","21.407","deg","20.891","°C","1012.000","hPa","0.861","-0.02056","0.00035","-0.00011","0","14.7","Humid","27.30","0","43.40","195886.20","SABD0002000012","AAV2.0.0.13","1.1.2.0","PSt7-10","000000-000","6/10/2026 14:47:13","0000-00","0","no battery","V"
"07/08/2026","20:41:11","3","default","198787511","O3","462.505","min","177.040","µmol/L","Humid","21.334","deg","135049","µV","22.842","°C","1009.000","hPa","34.2","pmil","0","52.118","deg","21.808","°C","226.700","µmol/L","21.407","deg","20.891","°C","1012.000","hPa","0.861","-0.02056","0.00035","-0.00011","0","14.7","Humid","27.30","0","43.40","195876.32","SABD0002000012","AAV2.0.0.13","1.1.2.0","PSt7-10","000000-000","6/10/2026 14:47:13","0000-00","0","no battery","V"
"07/08/2026","20:41:41","3","default","198787511","O3","463.004","min","176.973","µmol/L","Humid","21.340","deg","135104","µV","22.836","°C","1009.000","hPa","34.2","pmil","0","52.118","deg","21.808","°C","226.700","µmol/L","21.407","deg","20.891","°C","1012.000","hPa","0.861","-0.02056","0.00035","-0.00011","0","14.7","Humid","27.30","0","43.40","195882.00","SABD0002000012","AAV2.0.0.13","1.1.2.0","PSt7-10","000000-000","6/10/2026 14:47:13","0000-00","0","no battery","V"
"07/08/2026","20:42:11","3","default","198787511","O3","463.504","min","176.932","µmol/L","Humid","21.341","deg","135125","µV","22.842","°C","1010.000","hPa","34.2","pmil","0","52.118","deg","21.808","°C","226.700","µmol/L","21.407","deg","20.891","°C","1012.000","hPa","0.861","-0.02056","0.00035","-0.00011","0","14.7","Humid","27.30","0","43.40","195884.19","SABD0002000012","AAV2.0.0.13","1.1.2.0","PSt7-10","000000-000","6/10/2026 14:47:13","0000-00","0","no battery","V"
"07/08/2026","20:42:41","3","default","198787511","O3","464.005","min","176.892","µmol/L","Humid","21.345","deg","135135","µV","22.836","°C","1009.000","hPa","34.2","pmil","0","52.118","deg","21.808","°C","226.700","µmol/L","21.407","deg","20.891","°C","1012.000","hPa","0.861","-0.02056","0.00035","-0.00011","0","14.7","Humid","27.30","0","43.40","195896.61","SABD0002000012","AAV2.0.0.13","1.1.2.0","PSt7-10","000000-000","6/10/2026 14:47:13","0000-00","0","no battery","V"
"07/08/2026","20:43:11","3","default","198787511","O3","464.505","min","176.860","µmol/L","Humid","21.347","deg","135114","µV","22.836","°C","1009.000","hPa","34.2","pmil","0","52.118","deg","21.808","°C","226.700","µmol/L","21.407","deg","20.891","°C","1012.000","hPa","0.861","-0.02056","0.00035","-0.00011","0","14.7","Humid","27.30","0","43.40","195894.55","SABD0002000012","AAV2.0.0.13","1.1.2.0","PSt7-10","000000-000","6/10/2026 14:47:13","0000-00","0","no battery","V"
"07/08/2026","20:43:41","3","default","198787511","O3","465.004","min","176.925","µmol/L","Humid","21.343","deg","135113","µV","22.836","°C","1009.000","hPa","34.2","pmil","0","52.118","deg","21.808","°C","226.700","µmol/L","21.407","deg","20.891","°C","1012.000","hPa","0.861","-0.02056","0.00035","-0.00011","0","14.7","Humid","27.30","0","43.40","195890.39","SABD0002000012","AAV2.0.0.13","1.1.2.0","PSt7-10","000000-000","6/10/2026 14:47:13","0000-00","0","no battery","V"
"07/08/2026","20:44:11","3","default","198787511","O3","465.505","min","176.955","µmol/L","Humid","21.343","deg","135125","µV","22.830","°C","1009.000","hPa","34.2","pmil","0","52.118","deg","21.808","°C","226.700","µmol/L","21.407","deg","20.891","°C","1012.000","hPa","0.861","-0.02056","0.00035","-0.00011","0","14.7","Humid","27.30","0","43.40","195886.54","SABD0002000012","AAV2.0.0.13","1.1.2.0","PSt7-10","000000-000","6/10/2026 14:47:13","0000-00","0","no battery","V"
"07/08/2026","20:44:41","3","default","198787511","O3","466.005","min","176.897","µmol/L","Humid","21.345","deg","135112","µV","22.836","°C","1010.000","hPa","34.2","pmil","0","52.118","deg","21.808","°C","226.700","µmol/L","21.407","deg","20.891","°C","1012.000","hPa","0.861","-0.02056","0.00035","-0.00011","0","14.7","Humid","27.30","0","43.40","195870.02","SABD0002000012","AAV2.0.0.13","1.1.2.0","PSt7-10","000000-000","6/10/2026 14:47:13","0000-00","0","no battery","V"
"07/08/2026","20:45:11","3","default","198787511","O3","466.505","min","176.941","µmol/L","Humid","21.342","deg","135109","µV","22.836","°C","1009.000","hPa","34.2","pmil","0","52.118","deg","21.808","°C","226.700","µmol/L","21.407","deg","20.891","°C","1012.000","hPa","0.861","-0.02056","0.00035","-0.00011","0","14.7","Humid","27.30","0","43.40","195878.00","SABD0002000012","AAV2.0.0.13","1.1.2.0","PSt7-10","000000-000","6/10/2026 14:47:13","0000-00","0","no battery","V"
"07/08/2026","20:45:41","3","default","198787511","O3","467.004","min","176.923","µmol/L","Humid","21.345","deg","135110","µV","22.830","°C","1009.000","hPa","34.2","pmil","0","52.118","deg","21.808","°C","226.700","µmol/L","21.407","deg","20.891","°C","1012.000","hPa","0.861","-0.02056","0.00035","-0.00011","0","14.7","Humid","27.30","0","43.40","195866.71","SABD0002000012","AAV2.0.0.13","1.1.2.0","PSt7-10","000000-000","6/10/2026 14:47:13","0000-00","0","no battery","V"
"07/08/2026","20:46:11","3","default","198787511","O3","467.504","min","176.907","µmol/L","Humid","21.346","deg","135115","µV","22.830","°C","1009.000","hPa","34.2","pmil","0","52.118","deg","21.808","°C","226.700","µmol/L","21.407","deg","20.891","°C","1012.000","hPa","0.861","-0.02056","0.00035","-0.00011","0","14.7","Humid","27.30","0","43.40","195868.41","SABD0002000012","AAV2.0.0.13","1.1.2.0","PSt7-10","000000-000","6/10/2026 14:47:13","0000-00","0","no battery","V"
"07/08/2026","20:46:41","3","default","198787511","O3","468.005","min","176.953","µmol/L","Humid","21.345","deg","135112","µV","22.824","°C","1009.000","hPa","34.2","pmil","0","52.118","deg","21.808","°C","226.700","µmol/L","21.407","deg","20.891","°C","1012.000","hPa","0.861","-0.02056","0.00035","-0.00011","0","14.7","Humid","27.30","0","43.40","195879.38","SABD0002000012","AAV2.0.0.13","1.1.2.0","PSt7-10","000000-000","6/10/2026 14:47:13","0000-00","0","no battery","V"
"07/08/2026","20:47:11","3","default","198787511","O3","468.505","min","176.939","µmol/L","Humid","21.344","deg","135106","µV","22.830","°C","1009.000","hPa","34.2","pmil","0","52.118","deg","21.808","°C","226.700","µmol/L","21.407","deg","20.891","°C","1012.000","hPa","0.861","-0.02056","0.00035","-0.00011","0","14.7","Humid","27.30","0","43.40","195878.30","SABD0002000012","AAV2.0.0.13","1.1.2.0","PSt7-10","000000-000","6/10/2026 14:47:13","0000-00","0","no battery","V"
"07/08/2026","20:47:41","3","default","198787511","O3","469.004","min","176.928","µmol/L","Humid","21.345","deg","135118","µV","22.830","°C","1010.000","hPa","34.2","pmil","0","52.118","deg","21.808","°C","226.700","µmol/L","21.407","deg","20.891","°C","1012.000","hPa","0.861","-0.02056","0.00035","-0.00011","0","14.7","Humid","27.30","0","43.40","195874.29","SABD0002000012","AAV2.0.0.13","1.1.2.0","PSt7-10","000000-000","6/10/2026 14:47:13","0000-00","0","no battery","V"
"07/08/2026","20:48:11","3","default","198787511","O3","469.505","min","176.960","µmol/L","Humid","21.343","deg","135105","µV","22.830","°C","1010.000","hPa","34.2","pmil","0","52.118","deg","21.808","°C","226.700","µmol/L","21.407","deg","20.891","°C","1012.000","hPa","0.861","-0.02056","0.00035","-0.00011","0","14.7","Humid","27.30","0","43.40","195878.24","SABD0002000012","AAV2.0.0.13","1.1.2.0","PSt7-10","000000-000","6/10/2026 14:47:13","0000-00","0","no battery","V"
"07/08/2026","20:48:41","3","default","198787511","O3","470.005","min","176.923","µmol/L","Humid","21.345","deg","135107","µV","22.830","°C","1009.000","hPa","34.2","pmil","0","52.118","deg","21.808","°C","226.700","µmol/L","21.407","deg","20.891","°C","1012.000","hPa","0.861","-0.02056","0.00035","-0.00011","0","14.7","Humid","27.30","0","43.40","195878.92","SABD0002000012","AAV2.0.0.13","1.1.2.0","PSt7-10","000000-000","6/10/2026 14:47:13","0000-00","0","no battery","V"
"07/08/2026","20:49:11","3","default","198787511","O3","470.505","min","176.937","µmol/L","Humid","21.346","deg","135104","µV","22.824","°C","1009.000","hPa","34.2","pmil","0","52.118","deg","21.808","°C","226.700","µmol/L","21.407","deg","20.891","°C","1012.000","hPa","0.861","-0.02056","0.00035","-0.00011","0","14.7","Humid","27.30","0","43.40","195878.74","SABD0002000012","AAV2.0.0.13","1.1.2.0","PSt7-10","000000-000","6/10/2026 14:47:13","0000-00","0","no battery","V"
"07/08/2026","20:49:41","3","default","198787511","O3","471.005","min","176.863","µmol/L","Humid","21.349","deg","135102","µV","22.830","°C","1010.000","hPa","34.2","pmil","0","52.118","deg","21.808","°C","226.700","µmol/L","21.407","deg","20.891","°C","1012.000","hPa","0.861","-0.02056","0.00035","-0.00011","0","14.7","Humid","27.30","0","43.40","195871.59","SABD0002000012","AAV2.0.0.13","1.1.2.0","PSt7-10","000000-000","6/10/2026 14:47:13","0000-00","0","no battery","V"
"07/08/2026","20:50:11","3","default","198787511","O3","471.504","min","176.989","µmol/L","Humid","21.345","deg","135105","µV","22.818","°C","1010.000","hPa","34.2","pmil","0","52.118","deg","21.808","°C","226.700","µmol/L","21.407","deg","20.891","°C","1012.000","hPa","0.861","-0.02056","0.00035","-0.00011","0","14.7","Humid","27.30","0","43.40","195880.13","SABD0002000012","AAV2.0.0.13","1.1.2.0","PSt7-10","000000-000","6/10/2026 14:47:13","0000-00","0","no battery","V"
"07/08/2026","20:50:41","3","default","198787511","O3","472.005","min","176.973","µmol/L","Humid","21.346","deg","135111","µV","22.818","°C","1010.000","hPa","34.2","pmil","0","52.118","deg","21.808","°C","226.700","µmol/L","21.407","deg","20.891","°C","1012.000","hPa","0.861","-0.02056","0.00035","-0.00011","0","14.7","Humid","27.30","0","43.40","195877.44","SABD0002000012","AAV2.0.0.13","1.1.2.0","PSt7-10","000000-000","6/10/2026 14:47:13","0000-00","0","no battery","V"
"07/08/2026","20:51:11","3","default","198787511","O3","472.505","min","176.910","µmol/L","Humid","21.348","deg","135102","µV","22.824","°C","1010.000","hPa","34.2","pmil","0","52.118","deg","21.808","°C","226.700","µmol/L","21.407","deg","20.891","°C","1012.000","hPa","0.861","-0.02056","0.00035","-0.00011","0","14.7","Humid","27.30","0","43.40","195868.16","SABD0002000012","AAV2.0.0.13","1.1.2.0","PSt7-10","000000-000","6/10/2026 14:47:13","0000-00","0","no battery","V"
"07/08/2026","20:51:41","3","default","198787511","O3","473.005","min","177.114","µmol/L","Humid","21.337","deg","135055","µV","22.818","°C","1009.000","hPa","34.2","pmil","0","52.118","deg","21.808","°C","226.700","µmol/L","21.407","deg","20.891","°C","1012.000","hPa","0.861","-0.02056","0.00035","-0.00011","0","14.7","Humid","27.30","0","43.40","195875.04","SABD0002000012","AAV2.0.0.13","1.1.2.0","PSt7-10","000000-000","6/10/2026 14:47:13","0000-00","0","no battery","V"
"07/08/2026","20:52:11","3","default","198787511","O3","473.505","min","176.937","µmol/L","Humid","21.346","deg","135097","µV","22.824","°C","1009.000","hPa","34.2","pmil","0","52.118","deg","21.808","°C","226.700","µmol/L","21.407","deg","20.891","°C","1012.000","hPa","0.861","-0.02056","0.00035","-0.00011","0","14.7","Humid","27.30","0","43.40","195865.95","SABD0002000012","AAV2.0.0.13","1.1.2.0","PSt7-10","000000-000","6/10/2026 14:47:13","0000-00","0","no battery","V"
"07/08/2026","20:52:41","3","default","198787511","O3","474.004","min","176.912","µmol/L","Humid","21.346","deg","135100","µV","22.830","°C","1010.000","hPa","34.2","pmil","0","52.118","deg","21.808","°C","226.700","µmol/L","21.407","deg","20.891","°C","1012.000","hPa","0.861","-0.02056","0.00035","-0.00011","0","14.7","Humid","27.30","0","43.40","195873.78","SABD0002000012","AAV2.0.0.13","1.1.2.0","PSt7-10","000000-000","6/10/2026 14:47:13","0000-00","0","no battery","V"
"07/08/2026","20:53:11","3","default","198787511","O3","474.505","min","176.973","µmol/L","Humid","21.346","deg","135101","µV","22.818","°C","1010.000","hPa","34.2","pmil","0","52.118","deg","21.808","°C","226.700","µmol/L","21.407","deg","20.891","°C","1012.000","hPa","0.861","-0.02056","0.00035","-0.00011","0","14.7","Humid","27.30","0","43.40","195874.55","SABD0002000012","AAV2.0.0.13","1.1.2.0","PSt7-10","000000-000","6/10/2026 14:47:13","0000-00","0","no battery","V"
"07/08/2026","20:53:41","3","default","198787511","O3","475.005","min","176.991","µmol/L","Humid","21.343","deg","135098","µV","22.824","°C","1010.000","hPa","34.2","pmil","0","52.118","deg","21.808","°C","226.700","µmol/L","21.407","deg","20.891","°C","1012.000","hPa","0.861","-0.02056","0.00035","-0.00011","0","14.7","Humid","27.30","0","43.40","195876.54","SABD0002000012","AAV2.0.0.13","1.1.2.0","PSt7-10","000000-000","6/10/2026 14:47:13","0000-00","0","no battery","V"
"07/08/2026","20:54:11","3","default","198787511","O3","475.504","min","176.973","µmol/L","Humid","21.346","deg","135112","µV","22.818","°C","1010.000","hPa","34.2","pmil","0","52.118","deg","21.808","°C","226.700","µmol/L","21.407","deg","20.891","°C","1012.000","hPa","0.861","-0.02056","0.00035","-0.00011","0","14.7","Humid","27.30","0","43.40","195874.78","SABD0002000012","AAV2.0.0.13","1.1.2.0","PSt7-10","000000-000","6/10/2026 14:47:13","0000-00","0","no battery","V"
"07/08/2026","20:54:41","3","default","198787511","O3","476.005","min","177.005","µmol/L","Humid","21.344","deg","135098","µV","22.818","°C","1010.000","hPa","34.2","pmil","0","52.118","deg","21.808","°C","226.700","µmol/L","21.407","deg","20.891","°C","1012.000","hPa","0.861","-0.02056","0.00035","-0.00011","0","14.7","Humid","27.30","0","43.40","195872.36","SABD0002000012","AAV2.0.0.13","1.1.2.0","PSt7-10","000000-000","6/10/2026 14:47:13","0000-00","0","no battery","V"
"07/08/2026","20:55:11","3","default","198787511","O3","476.505","min","177.119","µmol/L","Humid","21.337","deg","135045","µV","22.818","°C","1010.000","hPa","34.2","pmil","0","52.118","deg","21.808","°C","226.700","µmol/L","21.407","deg","20.891","°C","1012.000","hPa","0.861","-0.02056","0.00035","-0.00011","0","14.7","Humid","27.30","0","43.40","195880.64","SABD0002000012","AAV2.0.0.13","1.1.2.0","PSt7-10","000000-000","6/10/2026 14:47:13","0000-00","0","no battery","V"
"07/08/2026","20:55:41","3","default","198787511","O3","477.005","min","177.150","µmol/L","Humid","21.337","deg","135042","µV","22.811","°C","1010.000","hPa","34.2","pmil","0","52.118","deg","21.808","°C","226.700","µmol/L","21.407","deg","20.891","°C","1012.000","hPa","0.861","-0.02056","0.00035","-0.00011","0","14.7","Humid","27.30","0","43.40","195878.92","SABD0002000012","AAV2.0.0.13","1.1.2.0","PSt7-10","000000-000","6/10/2026 14:47:13","0000-00","0","no battery","V"
"07/08/2026","20:56:11","3","default","198787511","O3","477.504","min","177.070","µmol/L","Humid","21.340","deg","135074","µV","22.818","°C","1010.000","hPa","34.2","pmil","0","52.118","deg","21.808","°C","226.700","µmol/L","21.407","deg","20.891","°C","1012.000","hPa","0.861","-0.02056","0.00035","-0.00011","0","14.7","Humid","27.30","0","43.40","195872.56","SABD0002000012","AAV2.0.0.13","1.1.2.0","PSt7-10","000000-000","6/10/2026 14:47:13","0000-00","0","no battery","V"
"07/08/2026","20:56:41","3","default","198787511","O3","478.005","min","177.020","µmol/L","Humid","21.345","deg","135103","µV","22.811","°C","1010.000","hPa","34.2","pmil","0","52.118","deg","21.808","°C","226.700","µmol/L","21.407","deg","20.891","°C","1012.000","hPa","0.861","-0.02056","0.00035","-0.00011","0","14.7","Humid","27.30","0","43.40","195871.33","SABD0002000012","AAV2.0.0.13","1.1.2.0","PSt7-10","000000-000","6/10/2026 14:47:13","0000-00","0","no battery","V"
"07/08/2026","20:57:11","3","default","198787511","O3","478.505","min","177.003","µmol/L","Humid","21.346","deg","135104","µV","22.811","°C","1010.000","hPa","34.2","pmil","0","52.118","deg","21.808","°C","226.700","µmol/L","21.407","deg","20.891","°C","1012.000","hPa","0.861","-0.02056","0.00035","-0.00011","0","14.7","Humid","27.30","0","43.40","195877.49","SABD0002000012","AAV2.0.0.13","1.1.2.0","PSt7-10","000000-000","6/10/2026 14:47:13","0000-00","0","no battery","V"
"07/08/2026","20:57:41","3","default","198787511","O3","479.005","min","176.971","µmol/L","Humid","21.348","deg","135091","µV","22.811","°C","1010.000","hPa","34.2","pmil","0","52.118","deg","21.808","°C","226.700","µmol/L","21.407","deg","20.891","°C","1012.000","hPa","0.861","-0.02056","0.00035","-0.00011","0","14.7","Humid","27.30","0","43.40","195878.95","SABD0002000012","AAV2.0.0.13","1.1.2.0","PSt7-10","000000-000","6/10/2026 14:47:13","0000-00","0","no battery","V"
"07/08/2026","20:58:11","3","default","198787511","O3","479.504","min","176.987","µmol/L","Humid","21.347","deg","135106","µV","22.811","°C","1010.000","hPa","34.2","pmil","0","52.118","deg","21.808","°C","226.700","µmol/L","21.407","deg","20.891","°C","1012.000","hPa","0.861","-0.02056","0.00035","-0.00011","0","14.7","Humid","27.30","0","43.40","195872.28","SABD0002000012","AAV2.0.0.13","1.1.2.0","PSt7-10","000000-000","6/10/2026 14:47:13","0000-00","0","no battery","V"
"07/08/2026","20:58:41","3","default","198787511","O3","480.005","min","177.003","µmol/L","Humid","21.346","deg","135106","µV","22.811","°C","1010.000","hPa","34.2","pmil","0","52.118","deg","21.808","°C","226.700","µmol/L","21.407","deg","20.891","°C","1012.000","hPa","0.861","-0.02056","0.00035","-0.00011","0","14.7","Humid","27.30","0","43.40","195876.19","SABD0002000012","AAV2.0.0.13","1.1.2.0","PSt7-10","000000-000","6/10/2026 14:47:13","0000-00","0","no battery","V"
"07/08/2026","20:59:11","3","default","198787511","O3","480.505","min","177.093","µmol/L","Humid","21.348","deg","135108","µV","22.787","°C","1010.000","hPa","34.2","pmil","0","52.118","deg","21.808","°C","226.700","µmol/L","21.407","deg","20.891","°C","1012.000","hPa","0.861","-0.02056","0.00035","-0.00011","0","14.7","Humid","27.30","0","43.40","195877.01","SABD0002000012","AAV2.0.0.13","1.1.2.0","PSt7-10","000000-000","6/10/2026 14:47:13","0000-00","0","no battery","V"
"07/08/2026","20:59:41","3","default","198787511","O3","481.005","min","177.142","µmol/L","Humid","21.345","deg","135091","µV","22.787","°C","1010.000","hPa","34.2","pmil","0","52.118","deg","21.808","°C","226.700","µmol/L","21.407","deg","20.891","°C","1012.000","hPa","0.861","-0.02056","0.00035","-0.00011","0","14.7","Humid","27.30","0","43.40","195880.27","SABD0002000012","AAV2.0.0.13","1.1.2.0","PSt7-10","000000-000","6/10/2026 14:47:13","0000-00","0","no battery","V"
"07/08/2026","21:00:11","3","default","198787511","O3","481.505","min","177.205","µmol/L","Humid","21.343","deg","135083","µV","22.781","°C","1010.000","hPa","34.2","pmil","0","52.118","deg","21.808","°C","226.700","µmol/L","21.407","deg","20.891","°C","1012.000","hPa","0.861","-0.02056","0.00035","-0.00011","0","14.7","Humid","27.30","0","43.40","195876.69","SABD0002000012","AAV2.0.0.13","1.1.2.0","PSt7-10","000000-000","6/10/2026 14:47:13","0000-00","0","no battery","V"
"07/08/2026","21:00:41","3","default","198787511","O3","482.004","min","177.191","µmol/L","Humid","21.342","deg","135081","µV","22.787","°C","1010.000","hPa","34.2","pmil","0","52.118","deg","21.808","°C","226.700","µmol/L","21.407","deg","20.891","°C","1012.000","hPa","0.861","-0.02056","0.00035","-0.00011","0","14.7","Humid","27.30","0","43.40","195872.24","SABD0002000012","AAV2.0.0.13","1.1.2.0","PSt7-10","000000-000","6/10/2026 14:47:13","0000-00","0","no battery","V"
"07/08/2026","21:01:11","3","default","198787511","O3","482.505","min","177.109","µmol/L","Humid","21.347","deg","135082","µV","22.787","°C","1010.000","hPa","34.2","pmil","0","52.118","deg","21.808","°C","226.700","µmol/L","21.407","deg","20.891","°C","1012.000","hPa","0.861","-0.02056","0.00035","-0.00011","0","14.7","Humid","27.30","0","43.40","195868.74","SABD0002000012","AAV2.0.0.13","1.1.2.0","PSt7-10","000000-000","6/10/2026 14:47:13","0000-00","0","no battery","V"
"07/08/2026","21:01:41","3","default","198787511","O3","483.005","min","177.140","µmol/L","Humid","21.347","deg","135088","µV","22.781","°C","1010.000","hPa","34.2","pmil","0","52.118","deg","21.808","°C","226.700","µmol/L","21.407","deg","20.891","°C","1012.000","hPa","0.861","-0.02056","0.00035","-0.00011","0","14.7","Humid","27.30","0","43.40","195865.92","SABD0002000012","AAV2.0.0.13","1.1.2.0","PSt7-10","000000-000","6/10/2026 14:47:13","0000-00","0","no battery","V"
"07/08/2026","21:02:11","3","default","198787511","O3","483.504","min","177.044","µmol/L","Humid","21.351","deg","135090","µV","22.787","°C","1010.000","hPa","34.2","pmil","0","52.118","deg","21.808","°C","226.700","µmol/L","21.407","deg","20.891","°C","1012.000","hPa","0.861","-0.02056","0.00035","-0.00011","0","14.7","Humid","27.30","0","43.40","195878.32","SABD0002000012","AAV2.0.0.13","1.1.2.0","PSt7-10","000000-000","6/10/2026 14:47:13","0000-00","0","no battery","V"
"07/08/2026","21:02:41","3","default","198787511","O3","484.005","min","177.173","µmol/L","Humid","21.345","deg","135095","µV","22.781","°C","1010.000","hPa","34.2","pmil","0","52.118","deg","21.808","°C","226.700","µmol/L","21.407","deg","20.891","°C","1012.000","hPa","0.861","-0.02056","0.00035","-0.00011","0","14.7","Humid","27.30","0","43.40","195871.15","SABD0002000012","AAV2.0.0.13","1.1.2.0","PSt7-10","000000-000","6/10/2026 14:47:13","0000-00","0","no battery","V"
"07/08/2026","21:03:11","3","default","198787511","O3","484.505","min","177.126","µmol/L","Humid","21.346","deg","135100","µV","22.787","°C","1010.000","hPa","34.2","pmil","0","52.118","deg","21.808","°C","226.700","µmol/L","21.407","deg","20.891","°C","1012.000","hPa","0.861","-0.02056","0.00035","-0.00011","0","14.7","Humid","27.30","0","43.40","195867.07","SABD0002000012","AAV2.0.0.13","1.1.2.0","PSt7-10","000000-000","6/10/2026 14:47:13","0000-00","0","no battery","V"
"07/08/2026","21:03:41","3","default","198787511","O3","485.005","min","177.111","µmol/L","Humid","21.345","deg","135094","µV","22.793","°C","1010.000","hPa","34.2","pmil","0","52.118","deg","21.808","°C","226.700","µmol/L","21.407","deg","20.891","°C","1012.000","hPa","0.861","-0.02056","0.00035","-0.00011","0","14.7","Humid","27.30","0","43.40","195867.80","SABD0002000012","AAV2.0.0.13","1.1.2.0","PSt7-10","000000-000","6/10/2026 14:47:13","0000-00","0","no battery","V"
"07/08/2026","21:04:11","3","default","198787511","O3","485.504","min","177.109","µmol/L","Humid","21.347","deg","135102","µV","22.787","°C","1010.000","hPa","34.2","pmil","0","52.118","deg","21.808","°C","226.700","µmol/L","21.407","deg","20.891","°C","1012.000","hPa","0.861","-0.02056","0.00035","-0.00011","0","14.7","Humid","27.30","0","43.40","195868.35","SABD0002000012","AAV2.0.0.13","1.1.2.0","PSt7-10","000000-000","6/10/2026 14:47:13","0000-00","0","no battery","V"
"07/08/2026","21:04:41","3","default","198787511","O3","486.004","min","177.138","µmol/L","Humid","21.349","deg","135098","µV","22.775","°C","1010.000","hPa","34.2","pmil","0","52.118","deg","21.808","°C","226.700","µmol/L","21.407","deg","20.891","°C","1012.000","hPa","0.861","-0.02056","0.00035","-0.00011","0","14.7","Humid","27.30","0","43.40","195868.13","SABD0002000012","AAV2.0.0.13","1.1.2.0","PSt7-10","000000-000","6/10/2026 14:47:13","0000-00","0","no battery","V"
"07/08/2026","21:05:11","3","default","198787511","O3","486.504","min","177.189","µmol/L","Humid","21.344","deg","135088","µV","22.781","°C","1010.000","hPa","34.2","pmil","0","52.118","deg","21.808","°C","226.700","µmol/L","21.407","deg","20.891","°C","1012.000","hPa","0.861","-0.02056","0.00035","-0.00011","0","14.7","Humid","27.30","0","43.40","195868.76","SABD0002000012","AAV2.0.0.13","1.1.2.0","PSt7-10","000000-000","6/10/2026 14:47:13","0000-00","0","no battery","V"
"07/08/2026","21:05:41","3","default","198787511","O3","487.004","min","177.138","µmol/L","Humid","21.349","deg","135086","µV","22.775","°C","1010.000","hPa","34.2","pmil","0","52.118","deg","21.808","°C","226.700","µmol/L","21.407","deg","20.891","°C","1012.000","hPa","0.861","-0.02056","0.00035","-0.00011","0","14.7","Humid","27.30","0","43.40","195860.38","SABD0002000012","AAV2.0.0.13","1.1.2.0","PSt7-10","000000-000","6/10/2026 14:47:13","0000-00","0","no battery","V"
"07/08/2026","21:06:11","3","default","198787511","O3","487.505","min","177.140","µmol/L","Humid","21.347","deg","135074","µV","22.781","°C","1010.000","hPa","34.2","pmil","0","52.118","deg","21.808","°C","226.700","µmol/L","21.407","deg","20.891","°C","1012.000","hPa","0.861","-0.02056","0.00035","-0.00011","0","14.7","Humid","27.30","0","43.40","195866.76","SABD0002000012","AAV2.0.0.13","1.1.2.0","PSt7-10","000000-000","6/10/2026 14:47:13","0000-00","0","no battery","V"
"07/08/2026","21:06:41","3","default","198787511","O3","488.005","min","177.173","µmol/L","Humid","21.345","deg","135088","µV","22.781","°C","1010.000","hPa","34.2","pmil","0","52.118","deg","21.808","°C","226.700","µmol/L","21.407","deg","20.891","°C","1012.000","hPa","0.861","-0.02056","0.00035","-0.00011","0","14.7","Humid","27.30","0","43.40","195866.27","SABD0002000012","AAV2.0.0.13","1.1.2.0","PSt7-10","000000-000","6/10/2026 14:47:13","0000-00","0","no battery","V"
"07/08/2026","21:07:11","3","default","198787511","O3","488.504","min","177.156","µmol/L","Humid","21.346","deg","135070","µV","22.781","°C","1010.000","hPa","34.2","pmil","0","52.118","deg","21.808","°C","226.700","µmol/L","21.407","deg","20.891","°C","1012.000","hPa","0.861","-0.02056","0.00035","-0.00011","0","14.7","Humid","27.30","0","43.40","195862.15","SABD0002000012","AAV2.0.0.13","1.1.2.0","PSt7-10","000000-000","6/10/2026 14:47:13","0000-00","0","no battery","V"
"07/08/2026","21:07:41","3","default","198787511","O3","489.004","min","177.156","µmol/L","Humid","21.346","deg","135082","µV","22.781","°C","1010.000","hPa","34.2","pmil","0","52.118","deg","21.808","°C","226.700","µmol/L","21.407","deg","20.891","°C","1012.000","hPa","0.861","-0.02056","0.00035","-0.00011","0","14.7","Humid","27.30","0","43.40","195866.56","SABD0002000012","AAV2.0.0.13","1.1.2.0","PSt7-10","000000-000","6/10/2026 14:47:13","0000-00","0","no battery","V"
"07/08/2026","21:08:11","3","default","198787511","O3","489.505","min","177.075","µmol/L","Humid","21.351","deg","135082","µV","22.781","°C","1010.000","hPa","34.2","pmil","0","52.118","deg","21.808","°C","226.700","µmol/L","21.407","deg","20.891","°C","1012.000","hPa","0.861","-0.02056","0.00035","-0.00011","0","14.7","Humid","27.30","0","43.40","195847.51","SABD0002000012","AAV2.0.0.13","1.1.2.0","PSt7-10","000000-000","6/10/2026 14:47:13","0000-00","0","no battery","V"
"07/08/2026","21:08:41","3","default","198787511","O3","490.005","min","177.156","µmol/L","Humid","21.346","deg","135069","µV","22.781","°C","1010.000","hPa","34.2","pmil","0","52.118","deg","21.808","°C","226.700","µmol/L","21.407","deg","20.891","°C","1012.000","hPa","0.861","-0.02056","0.00035","-0.00011","0","14.7","Humid","27.30","0","43.40","195860.47","SABD0002000012","AAV2.0.0.13","1.1.2.0","PSt7-10","000000-000","6/10/2026 14:47:13","0000-00","0","no battery","V"
"07/08/2026","21:09:11","3","default","198787511","O3","490.505","min","177.077","µmol/L","Humid","21.349","deg","135065","µV","22.787","°C","1010.000","hPa","34.2","pmil","0","52.118","deg","21.808","°C","226.700","µmol/L","21.407","deg","20.891","°C","1012.000","hPa","0.861","-0.02056","0.00035","-0.00011","0","14.7","Humid","27.30","0","43.40","195858.37","SABD0002000012","AAV2.0.0.13","1.1.2.0","PSt7-10","000000-000","6/10/2026 14:47:13","0000-00","0","no battery","V"
"07/08/2026","21:09:41","3","default","198787511","O3","491.005","min","177.077","µmol/L","Humid","21.349","deg","135064","µV","22.787","°C","1010.000","hPa","34.2","pmil","0","52.118","deg","21.808","°C","226.700","µmol/L","21.407","deg","20.891","°C","1012.000","hPa","0.861","-0.02056","0.00035","-0.00011","0","14.7","Humid","27.30","0","43.40","195854.70","SABD0002000012","AAV2.0.0.13","1.1.2.0","PSt7-10","000000-000","6/10/2026 14:47:13","0000-00","0","no battery","V"
"07/08/2026","21:10:11","3","default","198787511","O3","491.505","min","177.093","µmol/L","Humid","21.348","deg","135077","µV","22.787","°C","1010.000","hPa","34.2","pmil","0","52.118","deg","21.808","°C","226.700","µmol/L","21.407","deg","20.891","°C","1012.000","hPa","0.861","-0.02056","0.00035","-0.00011","0","14.7","Humid","27.30","0","43.40","195855.36","SABD0002000012","AAV2.0.0.13","1.1.2.0","PSt7-10","000000-000","6/10/2026 14:47:13","0000-00","0","no battery","V"
"07/08/2026","21:10:41","3","default","198787511","O3","492.004","min","177.140","µmol/L","Humid","21.347","deg","135087","µV","22.781","°C","1010.000","hPa","34.2","pmil","0","52.118","deg","21.808","°C","226.700","µmol/L","21.407","deg","20.891","°C","1012.000","hPa","0.861","-0.02056","0.00035","-0.00011","0","14.7","Humid","27.30","0","43.40","195862.68","SABD0002000012","AAV2.0.0.13","1.1.2.0","PSt7-10","000000-000","6/10/2026 14:47:13","0000-00","0","no battery","V"
"07/08/2026","21:11:11","3","default","198787511","O3","492.504","min","177.187","µmol/L","Humid","21.346","deg","135074","µV","22.775","°C","1010.000","hPa","34.2","pmil","0","52.118","deg","21.808","°C","226.700","µmol/L","21.407","deg","20.891","°C","1012.000","hPa","0.861","-0.02056","0.00035","-0.00011","0","14.7","Humid","27.30","0","43.40","195862.64","SABD0002000012","AAV2.0.0.13","1.1.2.0","PSt7-10","000000-000","6/10/2026 14:47:13","0000-00","0","no battery","V"
"07/08/2026","21:11:41","3","default","198787511","O3","493.005","min","177.108","µmol/L","Humid","21.349","deg","135073","µV","22.781","°C","1010.000","hPa","34.2","pmil","0","52.118","deg","21.808","°C","226.700","µmol/L","21.407","deg","20.891","°C","1012.000","hPa","0.861","-0.02056","0.00035","-0.00011","0","14.7","Humid","27.30","0","43.40","195860.53","SABD0002000012","AAV2.0.0.13","1.1.2.0","PSt7-10","000000-000","6/10/2026 14:47:13","0000-00","0","no battery","V"
"07/08/2026","21:12:11","3","default","198787511","O3","493.505","min","177.122","µmol/L","Humid","21.350","deg","135075","µV","22.775","°C","1010.000","hPa","34.2","pmil","0","52.118","deg","21.808","°C","226.700","µmol/L","21.407","deg","20.891","°C","1012.000","hPa","0.861","-0.02056","0.00035","-0.00011","0","14.7","Humid","27.30","0","43.40","195854.71","SABD0002000012","AAV2.0.0.13","1.1.2.0","PSt7-10","000000-000","6/10/2026 14:47:13","0000-00","0","no battery","V"
"07/08/2026","21:12:41","3","default","198787511","O3","494.004","min","177.154","µmol/L","Humid","21.348","deg","135072","µV","22.775","°C","1010.000","hPa","34.2","pmil","0","52.118","deg","21.808","°C","226.700","µmol/L","21.407","deg","20.891","°C","1012.000","hPa","0.861","-0.02056","0.00035","-0.00011","0","14.7","Humid","27.30","0","43.40","195867.70","SABD0002000012","AAV2.0.0.13","1.1.2.0","PSt7-10","000000-000","6/10/2026 14:47:13","0000-00","0","no battery","V"
"07/08/2026","21:13:11","3","default","198787511","O3","494.504","min","177.075","µmol/L","Humid","21.351","deg","135079","µV","22.781","°C","1010.000","hPa","34.2","pmil","0","52.118","deg","21.808","°C","226.700","µmol/L","21.407","deg","20.891","°C","1012.000","hPa","0.861","-0.02056","0.00035","-0.00011","0","14.7","Humid","27.30","0","43.40","195862.44","SABD0002000012","AAV2.0.0.13","1.1.2.0","PSt7-10","000000-000","6/10/2026 14:47:13","0000-00","0","no battery","V"
"07/08/2026","21:13:41","3","default","198787511","O3","495.005","min","177.122","µmol/L","Humid","21.350","deg","135073","µV","22.775","°C","1010.000","hPa","34.2","pmil","0","52.118","deg","21.808","°C","226.700","µmol/L","21.407","deg","20.891","°C","1012.000","hPa","0.861","-0.02056","0.00035","-0.00011","0","14.7","Humid","27.30","0","43.40","195859.35","SABD0002000012","AAV2.0.0.13","1.1.2.0","PSt7-10","000000-000","6/10/2026 14:47:13","0000-00","0","no battery","V"
"07/08/2026","21:14:11","3","default","198787511","O3","495.505","min","177.106","µmol/L","Humid","21.351","deg","135078","µV","22.775","°C","1010.000","hPa","34.2","pmil","0","52.118","deg","21.808","°C","226.700","µmol/L","21.407","deg","20.891","°C","1012.000","hPa","0.861","-0.02056","0.00035","-0.00011","0","14.7","Humid","27.30","0","43.40","195858.09","SABD0002000012","AAV2.0.0.13","1.1.2.0","PSt7-10","000000-000","6/10/2026 14:47:13","0000-00","0","no battery","V"
"07/08/2026","21:14:41","3","default","198787511","O3","496.004","min","177.201","µmol/L","Humid","21.347","deg","135072","µV","22.769","°C","1010.000","hPa","34.2","pmil","0","52.118","deg","21.808","°C","226.700","µmol/L","21.407","deg","20.891","°C","1012.000","hPa","0.861","-0.02056","0.00035","-0.00011","0","14.7","Humid","27.30","0","43.40","195873.80","SABD0002000012","AAV2.0.0.13","1.1.2.0","PSt7-10","000000-000","6/10/2026 14:47:13","0000-00","0","no battery","V"
"07/08/2026","21:15:11","3","default","198787511","O3","496.504","min","177.171","µmol/L","Humid","21.347","deg","135083","µV","22.775","°C","1010.000","hPa","34.2","pmil","0","52.118","deg","21.808","°C","226.700","µmol/L","21.407","deg","20.891","°C","1012.000","hPa","0.861","-0.02056","0.00035","-0.00011","0","14.7","Humid","27.30","0","43.40","195854.76","SABD0002000012","AAV2.0.0.13","1.1.2.0","PSt7-10","000000-000","6/10/2026 14:47:13","0000-00","0","no battery","V"
"07/08/2026","21:15:41","3","default","198787511","O3","497.005","min","177.104","µmol/L","Humid","21.353","deg","135073","µV","22.769","°C","1010.000","hPa","34.2","pmil","0","52.118","deg","21.808","°C","226.700","µmol/L","21.407","deg","20.891","°C","1012.000","hPa","0.861","-0.02056","0.00035","-0.00011","0","14.7","Humid","27.30","0","43.40","195854.77","SABD0002000012","AAV2.0.0.13","1.1.2.0","PSt7-10","000000-000","6/10/2026 14:47:13","0000-00","0","no battery","V"
"07/08/2026","21:16:11","3","default","198787511","O3","497.505","min","177.152","µmol/L","Humid","21.350","deg","135073","µV","22.769","°C","1010.000","hPa","34.2","pmil","0","52.118","deg","21.808","°C","226.700","µmol/L","21.407","deg","20.891","°C","1012.000","hPa","0.861","-0.02056","0.00035","-0.00011","0","14.7","Humid","27.30","0","43.40","195857.35","SABD0002000012","AAV2.0.0.13","1.1.2.0","PSt7-10","000000-000","6/10/2026 14:47:13","0000-00","0","no battery","V"
"07/08/2026","21:16:41","3","default","198787511","O3","498.004","min","177.185","µmol/L","Humid","21.348","deg","135064","µV","22.769","°C","1010.000","hPa","34.2","pmil","0","52.118","deg","21.808","°C","226.700","µmol/L","21.407","deg","20.891","°C","1012.000","hPa","0.861","-0.02056","0.00035","-0.00011","0","14.7","Humid","27.30","0","43.40","195853.99","SABD0002000012","AAV2.0.0.13","1.1.2.0","PSt7-10","000000-000","6/10/2026 14:47:13","0000-00","0","no battery","V"
"07/08/2026","21:17:11","3","default","198787511","O3","498.504","min","177.138","µmol/L","Humid","21.349","deg","135069","µV","22.775","°C","1010.000","hPa","34.2","pmil","0","52.118","deg","21.808","°C","226.700","µmol/L","21.407","deg","20.891","°C","1012.000","hPa","0.861","-0.02056","0.00035","-0.00011","0","14.7","Humid","27.30","0","43.40","195857.64","SABD0002000012","AAV2.0.0.13","1.1.2.0","PSt7-10","000000-000","6/10/2026 14:47:13","0000-00","0","no battery","V"
"07/08/2026","21:17:41","3","default","198787511","O3","499.004","min","177.171","µmol/L","Humid","21.347","deg","135066","µV","22.775","°C","1010.000","hPa","34.2","pmil","0","52.118","deg","21.808","°C","226.700","µmol/L","21.407","deg","20.891","°C","1012.000","hPa","0.861","-0.02056","0.00035","-0.00011","0","14.7","Humid","27.30","0","43.40","195861.65","SABD0002000012","AAV2.0.0.13","1.1.2.0","PSt7-10","000000-000","6/10/2026 14:47:13","0000-00","0","no battery","V"
"07/08/2026","21:18:11","3","default","198787511","O3","499.505","min","177.152","µmol/L","Humid","21.350","deg","135052","µV","22.769","°C","1010.000","hPa","34.2","pmil","0","52.118","deg","21.808","°C","226.700","µmol/L","21.407","deg","20.891","°C","1012.000","hPa","0.861","-0.02056","0.00035","-0.00011","0","14.7","Humid","27.30","0","43.40","195852.51","SABD0002000012","AAV2.0.0.13","1.1.2.0","PSt7-10","000000-000","6/10/2026 14:47:13","0000-00","0","no battery","V"
"07/08/2026","21:18:41","3","default","198787511","O3","500.004","min","177.138","µmol/L","Humid","21.349","deg","135057","µV","22.775","°C","1010.000","hPa","34.2","pmil","0","52.118","deg","21.808","°C","226.700","µmol/L","21.407","deg","20.891","°C","1012.000","hPa","0.861","-0.02056","0.00035","-0.00011","0","14.7","Humid","27.30","0","43.40","195861.73","SABD0002000012","AAV2.0.0.13","1.1.2.0","PSt7-10","000000-000","6/10/2026 14:47:13","0000-00","0","no battery","V"
"07/08/2026","21:19:11","3","default","198787511","O3","500.505","min","177.201","µmol/L","Humid","21.347","deg","135040","µV","22.769","°C","1010.000","hPa","34.2","pmil","0","52.118","deg","21.808","°C","226.700","µmol/L","21.407","deg","20.891","°C","1012.000","hPa","0.861","-0.02056","0.00035","-0.00011","0","14.7","Humid","27.30","0","43.40","195844.38","SABD0002000012","AAV2.0.0.13","1.1.2.0","PSt7-10","000000-000","6/10/2026 14:47:13","0000-00","0","no battery","V"
"07/08/2026","21:19:41","3","default","198787511","O3","501.005","min","177.138","µmol/L","Humid","21.349","deg","135050","µV","22.775","°C","1010.000","hPa","34.2","pmil","0","52.118","deg","21.808","°C","226.700","µmol/L","21.407","deg","20.891","°C","1012.000","hPa","0.861","-0.02056","0.00035","-0.00011","0","14.7","Humid","27.30","0","43.40","195842.87","SABD0002000012","AAV2.0.0.13","1.1.2.0","PSt7-10","000000-000","6/10/2026 14:47:13","0000-00","0","no battery","V"
"07/08/2026","21:20:11","3","default","198787511","O3","501.505","min","177.122","µmol/L","Humid","21.350","deg","135045","µV","22.775","°C","1010.000","hPa","34.2","pmil","0","52.118","deg","21.808","°C","226.700","µmol/L","21.407","deg","20.891","°C","1012.000","hPa","0.861","-0.02056","0.00035","-0.00011","0","14.7","Humid","27.30","0","43.40","195851.76","SABD0002000012","AAV2.0.0.13","1.1.2.0","PSt7-10","000000-000","6/10/2026 14:47:13","0000-00","0","no battery","V"
"07/08/2026","21:20:41","3","default","198787511","O3","502.005","min","177.169","µmol/L","Humid","21.349","deg","135037","µV","22.769","°C","1010.000","hPa","34.2","pmil","0","52.118","deg","21.808","°C","226.700","µmol/L","21.407","deg","20.891","°C","1012.000","hPa","0.861","-0.02056","0.00035","-0.00011","0","14.7","Humid","27.30","0","43.40","195841.70","SABD0002000012","AAV2.0.0.13","1.1.2.0","PSt7-10","000000-000","6/10/2026 14:47:13","0000-00","0","no battery","V"
"07/08/2026","21:21:11","3","default","198787511","O3","502.504","min","177.201","µmol/L","Humid","21.347","deg","135031","µV","22.769","°C","1010.000","hPa","34.2","pmil","0","52.118","deg","21.808","°C","226.700","µmol/L","21.407","deg","20.891","°C","1012.000","hPa","0.861","-0.02056","0.00035","-0.00011","0","14.7","Humid","27.30","0","43.40","195851.23","SABD0002000012","AAV2.0.0.13","1.1.2.0","PSt7-10","000000-000","6/10/2026 14:47:13","0000-00","0","no battery","V"
"07/08/2026","21:21:41","3","default","198787511","O3","503.004","min","177.201","µmol/L","Humid","21.347","deg","135034","µV","22.769","°C","1010.000","hPa","34.2","pmil","0","52.118","deg","21.808","°C","226.700","µmol/L","21.407","deg","20.891","°C","1012.000","hPa","0.861","-0.02056","0.00035","-0.00011","0","14.7","Humid","27.30","0","43.40","195842.95","SABD0002000012","AAV2.0.0.13","1.1.2.0","PSt7-10","000000-000","6/10/2026 14:47:13","0000-00","0","no battery","V"
"07/08/2026","21:22:11","3","default","198787511","O3","503.504","min","177.234","µmol/L","Humid","21.345","deg","135035","µV","22.769","°C","1010.000","hPa","34.2","pmil","0","52.118","deg","21.808","°C","226.700","µmol/L","21.407","deg","20.891","°C","1012.000","hPa","0.861","-0.02056","0.00035","-0.00011","0","14.7","Humid","27.30","0","43.40","195841.71","SABD0002000012","AAV2.0.0.13","1.1.2.0","PSt7-10","000000-000","6/10/2026 14:47:13","0000-00","0","no battery","V"
"07/08/2026","21:22:41","3","default","198787511","O3","504.005","min","177.169","µmol/L","Humid","21.349","deg","135042","µV","22.769","°C","1010.000","hPa","34.2","pmil","0","52.118","deg","21.808","°C","226.700","µmol/L","21.407","deg","20.891","°C","1012.000","hPa","0.861","-0.02056","0.00035","-0.00011","0","14.7","Humid","27.30","0","43.40","195842.09","SABD0002000012","AAV2.0.0.13","1.1.2.0","PSt7-10","000000-000","6/10/2026 14:47:13","0000-00","0","no battery","V"
"07/08/2026","21:23:11","3","default","198787511","O3","504.505","min","177.169","µmol/L","Humid","21.349","deg","135032","µV","22.769","°C","1010.000","hPa","34.2","pmil","0","52.118","deg","21.808","°C","226.700","µmol/L","21.407","deg","20.891","°C","1012.000","hPa","0.861","-0.02056","0.00035","-0.00011","0","14.7","Humid","27.30","0","43.40","195833.13","SABD0002000012","AAV2.0.0.13","1.1.2.0","PSt7-10","000000-000","6/10/2026 14:47:13","0000-00","0","no battery","V"
"07/08/2026","21:23:41","3","default","198787511","O3","505.005","min","177.152","µmol/L","Humid","21.350","deg","135038","µV","22.769","°C","1010.000","hPa","34.2","pmil","0","52.118","deg","21.808","°C","226.700","µmol/L","21.407","deg","20.891","°C","1012.000","hPa","0.861","-0.02056","0.00035","-0.00011","0","14.7","Humid","27.30","0","43.40","195848.82","SABD0002000012","AAV2.0.0.13","1.1.2.0","PSt7-10","000000-000","6/10/2026 14:47:13","0000-00","0","no battery","V"
"07/08/2026","21:24:11","3","default","198787511","O3","505.505","min","177.185","µmol/L","Humid","21.348","deg","135032","µV","22.769","°C","1010.000","hPa","34.2","pmil","0","52.118","deg","21.808","°C","226.700","µmol/L","21.407","deg","20.891","°C","1012.000","hPa","0.861","-0.02056","0.00035","-0.00011","0","14.7","Humid","27.30","0","43.40","195834.54","SABD0002000012","AAV2.0.0.13","1.1.2.0","PSt7-10","000000-000","6/10/2026 14:47:13","0000-00","0","no battery","V"
"07/08/2026","21:24:41","3","default","198787511","O3","506.004","min","177.199","µmol/L","Humid","21.349","deg","135024","µV","22.763","°C","1010.000","hPa","34.2","pmil","0","52.118","deg","21.808","°C","226.700","µmol/L","21.407","deg","20.891","°C","1012.000","hPa","0.861","-0.02056","0.00035","-0.00011","0","14.7","Humid","27.30","0","43.40","195834.79","SABD0002000012","AAV2.0.0.13","1.1.2.0","PSt7-10","000000-000","6/10/2026 14:47:13","0000-00","0","no battery","V"
"07/08/2026","21:25:11","3","default","198787511","O3","506.505","min","177.154","µmol/L","Humid","21.348","deg","135010","µV","22.775","°C","1010.000","hPa","34.2","pmil","0","52.118","deg","21.808","°C","226.700","µmol/L","21.407","deg","20.891","°C","1012.000","hPa","0.861","-0.02056","0.00035","-0.00011","0","14.7","Humid","27.30","0","43.40","195833.60","SABD0002000012","AAV2.0.0.13","1.1.2.0","PSt7-10","000000-000","6/10/2026 14:47:13","0000-00","0","no battery","V"
"07/08/2026","21:25:41","3","default","198787511","O3","507.005","min","177.218","µmol/L","Humid","21.346","deg","135006","µV","22.769","°C","1010.000","hPa","34.2","pmil","0","52.118","deg","21.808","°C","226.700","µmol/L","21.407","deg","20.891","°C","1012.000","hPa","0.861","-0.02056","0.00035","-0.00011","0","14.7","Humid","27.30","0","43.40","195826.89","SABD0002000012","AAV2.0.0.13","1.1.2.0","PSt7-10","000000-000","6/10/2026 14:47:13","0000-00","0","no battery","V"
"07/08/2026","21:26:11","3","default","198787511","O3","507.504","min","177.201","µmol/L","Humid","21.347","deg","134999","µV","22.769","°C","1010.000","hPa","34.2","pmil","0","52.118","deg","21.808","°C","226.700","µmol/L","21.407","deg","20.891","°C","1012.000","hPa","0.861","-0.02056","0.00035","-0.00011","0","14.7","Humid","27.30","0","43.40","195824.65","SABD0002000012","AAV2.0.0.13","1.1.2.0","PSt7-10","000000-000","6/10/2026 14:47:13","0000-00","0","no battery","V"
"07/08/2026","21:26:41","3","default","198787511","O3","508.004","min","177.201","µmol/L","Humid","21.347","deg","135008","µV","22.769","°C","1010.000","hPa","34.2","pmil","0","52.118","deg","21.808","°C","226.700","µmol/L","21.407","deg","20.891","°C","1012.000","hPa","0.861","-0.02056","0.00035","-0.00011","0","14.7","Humid","27.30","0","43.40","195820.05","SABD0002000012","AAV2.0.0.13","1.1.2.0","PSt7-10","000000-000","6/10/2026 14:47:13","0000-00","0","no battery","V"
"07/08/2026","21:27:11","3","default","198787511","O3","508.505","min","177.266","µmol/L","Humid","21.343","deg","134997","µV","22.769","°C","1010.000","hPa","34.2","pmil","0","52.118","deg","21.808","°C","226.700","µmol/L","21.407","deg","20.891","°C","1012.000","hPa","0.861","-0.02056","0.00035","-0.00011","0","14.7","Humid","27.30","0","43.40","195820.30","SABD0002000012","AAV2.0.0.13","1.1.2.0","PSt7-10","000000-000","6/10/2026 14:47:13","0000-00","0","no battery","V"
"07/08/2026","21:27:41","3","default","198787511","O3","509.005","min","177.248","µmol/L","Humid","21.346","deg","135001","µV","22.763","°C","1010.000","hPa","34.2","pmil","0","52.118","deg","21.808","°C","226.700","µmol/L","21.407","deg","20.891","°C","1012.000","hPa","0.861","-0.02056","0.00035","-0.00011","0","14.7","Humid","27.30","0","43.40","195828.06","SABD0002000012","AAV2.0.0.13","1.1.2.0","PSt7-10","000000-000","6/10/2026 14:47:13","0000-00","0","no battery","V"
"07/08/2026","21:28:11","3","default","198787511","O3","509.505","min","177.185","µmol/L","Humid","21.348","deg","134993","µV","22.769","°C","1010.000","hPa","34.2","pmil","0","52.118","deg","21.808","°C","226.700","µmol/L","21.407","deg","20.891","°C","1012.000","hPa","0.861","-0.02056","0.00035","-0.00011","0","14.7","Humid","27.30","0","43.40","195814.49","SABD0002000012","AAV2.0.0.13","1.1.2.0","PSt7-10","000000-000","6/10/2026 14:47:13","0000-00","0","no battery","V"
"07/08/2026","21:28:41","3","default","198787511","O3","510.004","min","177.136","µmol/L","Humid","21.351","deg","135004","µV","22.769","°C","1010.000","hPa","34.2","pmil","0","52.118","deg","21.808","°C","226.700","µmol/L","21.407","deg","20.891","°C","1012.000","hPa","0.861","-0.02056","0.00035","-0.00011","0","14.7","Humid","27.30","0","43.40","195796.91","SABD0002000012","AAV2.0.0.13","1.1.2.0","PSt7-10","000000-000","6/10/2026 14:47:13","0000-00","0","no battery","V"
"07/08/2026","21:29:11","3","default","198787511","O3","510.504","min","177.169","µmol/L","Humid","21.349","deg","134989","µV","22.769","°C","1010.000","hPa","34.2","pmil","0","52.118","deg","21.808","°C","226.700","µmol/L","21.407","deg","20.891","°C","1012.000","hPa","0.861","-0.02056","0.00035","-0.00011","0","14.7","Humid","27.30","0","43.40","195810.25","SABD0002000012","AAV2.0.0.13","1.1.2.0","PSt7-10","000000-000","6/10/2026 14:47:13","0000-00","0","no battery","V"
"07/08/2026","21:29:41","3","default","198787511","O3","511.005","min","177.216","µmol/L","Humid","21.348","deg","134985","µV","22.763","°C","1010.000","hPa","34.2","pmil","0","52.118","deg","21.808","°C","226.700","µmol/L","21.407","deg","20.891","°C","1012.000","hPa","0.861","-0.02056","0.00035","-0.00011","0","14.7","Humid","27.30","0","43.40","195817.67","SABD0002000012","AAV2.0.0.13","1.1.2.0","PSt7-10","000000-000","6/10/2026 14:47:13","0000-00","0","no battery","V"
"07/08/2026","21:30:11","3","default","198787511","O3","511.504","min","177.234","µmol/L","Humid","21.345","deg","134978","µV","22.769","°C","1010.000","hPa","34.2","pmil","0","52.118","deg","21.808","°C","226.700","µmol/L","21.407","deg","20.891","°C","1012.000","hPa","0.861","-0.02056","0.00035","-0.00011","0","14.7","Humid","27.30","0","43.40","195815.45","SABD0002000012","AAV2.0.0.13","1.1.2.0","PSt7-10","000000-000","6/10/2026 14:47:13","0000-00","0","no battery","V"
"07/08/2026","21:30:41","3","default","198787511","O3","512.004","min","177.299","µmol/L","Humid","21.341","deg","134959","µV","22.769","°C","1010.000","hPa","34.2","pmil","0","52.118","deg","21.808","°C","226.700","µmol/L","21.407","deg","20.891","°C","1012.000","hPa","0.861","-0.02056","0.00035","-0.00011","0","14.7","Humid","27.30","0","43.40","195817.05","SABD0002000012","AAV2.0.0.13","1.1.2.0","PSt7-10","000000-000","6/10/2026 14:47:13","0000-00","0","no battery","V"
"07/08/2026","21:31:11","3","default","198787511","O3","512.504","min","177.329","µmol/L","Humid","21.341","deg","134958","µV","22.763","°C","1010.000","hPa","34.2","pmil","0","52.118","deg","21.808","°C","226.700","µmol/L","21.407","deg","20.891","°C","1012.000","hPa","0.861","-0.02056","0.00035","-0.00011","0","14.7","Humid","27.30","0","43.40","195822.78","SABD0002000012","AAV2.0.0.13","1.1.2.0","PSt7-10","000000-000","6/10/2026 14:47:13","0000-00","0","no battery","V"
"07/08/2026","21:31:41","3","default","198787511","O3","513.004","min","177.299","µmol/L","Humid","21.341","deg","134948","µV","22.769","°C","1010.000","hPa","34.2","pmil","0","52.118","deg","21.808","°C","226.700","µmol/L","21.407","deg","20.891","°C","1012.000","hPa","0.861","-0.02056","0.00035","-0.00011","0","14.7","Humid","27.30","0","43.40","195836.00","SABD0002000012","AAV2.0.0.13","1.1.2.0","PSt7-10","000000-000","6/10/2026 14:47:13","0000-00","0","no battery","V"
"07/08/2026","21:32:11","3","default","198787511","O3","513.504","min","177.250","µmol/L","Humid","21.344","deg","134981","µV","22.769","°C","1010.000","hPa","34.2","pmil","0","52.118","deg","21.808","°C","226.700","µmol/L","21.407","deg","20.891","°C","1012.000","hPa","0.861","-0.02056","0.00035","-0.00011","0","14.7","Humid","27.30","0","43.40","195826.87","SABD0002000012","AAV2.0.0.13","1.1.2.0","PSt7-10","000000-000","6/10/2026 14:47:13","0000-00","0","no battery","V"
"07/08/2026","21:32:41","3","default","198787511","O3","514.005","min","177.350","µmol/L","Humid","21.336","deg","134924","µV","22.775","°C","1010.000","hPa","34.2","pmil","0","52.118","deg","21.808","°C","226.700","µmol/L","21.407","deg","20.891","°C","1012.000","hPa","0.861","-0.02056","0.00035","-0.00011","0","14.7","Humid","27.30","0","43.40","195829.49","SABD0002000012","AAV2.0.0.13","1.1.2.0","PSt7-10","000000-000","6/10/2026 14:47:13","0000-00","0","no battery","V"
"07/08/2026","21:33:11","3","default","198787511","O3","514.505","min","177.250","µmol/L","Humid","21.344","deg","134972","µV","22.769","°C","1010.000","hPa","34.2","pmil","0","52.118","deg","21.808","°C","226.700","µmol/L","21.407","deg","20.891","°C","1012.000","hPa","0.861","-0.02056","0.00035","-0.00011","0","14.7","Humid","27.30","0","43.40","195814.68","SABD0002000012","AAV2.0.0.13","1.1.2.0","PSt7-10","000000-000","6/10/2026 14:47:13","0000-00","0","no battery","V"
"07/08/2026","21:33:41","3","default","198787511","O3","515.004","min","177.183","µmol/L","Humid","21.350","deg","134988","µV","22.763","°C","1010.000","hPa","34.2","pmil","0","52.118","deg","21.808","°C","226.700","µmol/L","21.407","deg","20.891","°C","1012.000","hPa","0.861","-0.02056","0.00035","-0.00011","0","14.7","Humid","27.30","0","43.40","195823.80","SABD0002000012","AAV2.0.0.13","1.1.2.0","PSt7-10","000000-000","6/10/2026 14:47:13","0000-00","0","no battery","V"
"07/08/2026","21:34:11","3","default","198787511","O3","515.505","min","177.187","µmol/L","Humid","21.346","deg","134970","µV","22.775","°C","1010.000","hPa","34.2","pmil","0","52.118","deg","21.808","°C","226.700","µmol/L","21.407","deg","20.891","°C","1012.000","hPa","0.861","-0.02056","0.00035","-0.00011","0","14.7","Humid","27.30","0","43.40","195810.02","SABD0002000012","AAV2.0.0.13","1.1.2.0","PSt7-10","000000-000","6/10/2026 14:47:13","0000-00","0","no battery","V"
"07/08/2026","21:34:41","3","default","198787511","O3","516.005","min","177.283","µmol/L","Humid","21.342","deg","134966","µV","22.769","°C","1010.000","hPa","34.2","pmil","0","52.118","deg","21.808","°C","226.700","µmol/L","21.407","deg","20.891","°C","1012.000","hPa","0.861","-0.02056","0.00035","-0.00011","0","14.7","Humid","27.30","0","43.40","195814.50","SABD0002000012","AAV2.0.0.13","1.1.2.0","PSt7-10","000000-000","6/10/2026 14:47:13","0000-00","0","no battery","V"
"07/08/2026","21:35:11","3","default","198787511","O3","516.505","min","177.252","µmol/L","Humid","21.342","deg","134953","µV","22.775","°C","1010.000","hPa","34.2","pmil","0","52.118","deg","21.808","°C","226.700","µmol/L","21.407","deg","20.891","°C","1012.000","hPa","0.861","-0.02056","0.00035","-0.00011","0","14.7","Humid","27.30","0","43.40","195817.04","SABD0002000012","AAV2.0.0.13","1.1.2.0","PSt7-10","000000-000","6/10/2026 14:47:13","0000-00","0","no battery","V"
"07/08/2026","21:35:41","3","default","198787511","O3","517.004","min","177.248","µmol/L","Humid","21.346","deg","134964","µV","22.763","°C","1010.000","hPa","34.2","pmil","0","52.118","deg","21.808","°C","226.700","µmol/L","21.407","deg","20.891","°C","1012.000","hPa","0.861","-0.02056","0.00035","-0.00011","0","14.7","Humid","27.30","0","43.40","195813.85","SABD0002000012","AAV2.0.0.13","1.1.2.0","PSt7-10","000000-000","6/10/2026 14:47:13","0000-00","0","no battery","V"
"07/08/2026","21:36:11","3","default","198787511","O3","517.505","min","177.234","µmol/L","Humid","21.345","deg","134969","µV","22.769","°C","1010.000","hPa","34.2","pmil","0","52.118","deg","21.808","°C","226.700","µmol/L","21.407","deg","20.891","°C","1012.000","hPa","0.861","-0.02056","0.00035","-0.00011","0","14.7","Humid","27.30","0","43.40","195794.95","SABD0002000012","AAV2.0.0.13","1.1.2.0","PSt7-10","000000-000","6/10/2026 14:47:13","0000-00","0","no battery","V"
"07/08/2026","21:36:41","3","default","198787511","O3","518.004","min","177.218","µmol/L","Humid","21.346","deg","134969","µV","22.769","°C","1010.000","hPa","34.2","pmil","0","52.118","deg","21.808","°C","226.700","µmol/L","21.407","deg","20.891","°C","1012.000","hPa","0.861","-0.02056","0.00035","-0.00011","0","14.7","Humid","27.30","0","43.40","195794.59","SABD0002000012","AAV2.0.0.13","1.1.2.0","PSt7-10","000000-000","6/10/2026 14:47:13","0000-00","0","no battery","V"
"07/08/2026","21:37:11","3","default","198787511","O3","518.504","min","177.364","µmol/L","Humid","21.337","deg","134895","µV","22.769","°C","1010.000","hPa","34.2","pmil","0","52.118","deg","21.808","°C","226.700","µmol/L","21.407","deg","20.891","°C","1012.000","hPa","0.861","-0.02056","0.00035","-0.00011","0","14.7","Humid","27.30","0","43.40","195799.51","SABD0002000012","AAV2.0.0.13","1.1.2.0","PSt7-10","000000-000","6/10/2026 14:47:13","0000-00","0","no battery","V"
"07/08/2026","21:37:41","3","default","198787511","O3","519.005","min","177.185","µmol/L","Humid","21.348","deg","134959","µV","22.769","°C","1010.000","hPa","34.2","pmil","0","52.118","deg","21.808","°C","226.700","µmol/L","21.407","deg","20.891","°C","1012.000","hPa","0.861","-0.02056","0.00035","-0.00011","0","14.7","Humid","27.30","0","43.40","195803.37","SABD0002000012","AAV2.0.0.13","1.1.2.0","PSt7-10","000000-000","6/10/2026 14:47:13","0000-00","0","no battery","V"
"07/08/2026","21:38:11","3","default","198787511","O3","519.505","min","177.185","µmol/L","Humid","21.348","deg","134953","µV","22.769","°C","1010.000","hPa","34.2","pmil","0","52.118","deg","21.808","°C","226.700","µmol/L","21.407","deg","20.891","°C","1012.000","hPa","0.861","-0.02056","0.00035","-0.00011","0","14.7","Humid","27.30","0","43.40","195801.50","SABD0002000012","AAV2.0.0.13","1.1.2.0","PSt7-10","000000-000","6/10/2026 14:47:13","0000-00","0","no battery","V"
"07/08/2026","21:38:41","3","default","198787511","O3","520.005","min","177.152","µmol/L","Humid","21.350","deg","134951","µV","22.769","°C","1010.000","hPa","34.2","pmil","0","52.118","deg","21.808","°C","226.700","µmol/L","21.407","deg","20.891","°C","1012.000","hPa","0.861","-0.02056","0.00035","-0.00011","0","14.7","Humid","27.30","0","43.40","195794.51","SABD0002000012","AAV2.0.0.13","1.1.2.0","PSt7-10","000000-000","6/10/2026 14:47:13","0000-00","0","no battery","V"
"07/08/2026","21:39:11","3","default","198787511","O3","520.504","min","177.187","µmol/L","Humid","21.346","deg","134954","µV","22.775","°C","1010.000","hPa","34.2","pmil","0","52.118","deg","21.808","°C","226.700","µmol/L","21.407","deg","20.891","°C","1012.000","hPa","0.861","-0.02056","0.00035","-0.00011","0","14.7","Humid","27.30","0","43.40","195792.65","SABD0002000012","AAV2.0.0.13","1.1.2.0","PSt7-10","000000-000","6/10/2026 14:47:13","0000-00","0","no battery","V"
"07/08/2026","21:39:41","3","default","198787511","O3","521.005","min","177.250","µmol/L","Humid","21.344","deg","134948","µV","22.769","°C","1010.000","hPa","34.2","pmil","0","52.118","deg","21.808","°C","226.700","µmol/L","21.407","deg","20.891","°C","1012.000","hPa","0.861","-0.02056","0.00035","-0.00011","0","14.7","Humid","27.30","0","43.40","195795.18","SABD0002000012","AAV2.0.0.13","1.1.2.0","PSt7-10","000000-000","6/10/2026 14:47:13","0000-00","0","no battery","V"
"07/08/2026","21:40:11","3","default","198787511","O3","521.505","min","177.185","µmol/L","Humid","21.348","deg","134944","µV","22.769","°C","1010.000","hPa","34.2","pmil","0","52.118","deg","21.808","°C","226.700","µmol/L","21.407","deg","20.891","°C","1012.000","hPa","0.861","-0.02056","0.00035","-0.00011","0","14.7","Humid","27.30","0","43.40","195789.07","SABD0002000012","AAV2.0.0.13","1.1.2.0","PSt7-10","000000-000","6/10/2026 14:47:13","0000-00","0","no battery","V"
"07/08/2026","21:40:41","3","default","198787511","O3","522.004","min","177.185","µmol/L","Humid","21.348","deg","134933","µV","22.769","°C","1010.000","hPa","34.2","pmil","0","52.118","deg","21.808","°C","226.700","µmol/L","21.407","deg","20.891","°C","1012.000","hPa","0.861","-0.02056","0.00035","-0.00011","0","14.7","Humid","27.30","0","43.40","195790.07","SABD0002000012","AAV2.0.0.13","1.1.2.0","PSt7-10","000000-000","6/10/2026 14:47:13","0000-00","0","no battery","V"
"07/08/2026","21:41:11","3","default","198787511","O3","522.505","min","177.264","µmol/L","Humid","21.345","deg","134930","µV","22.763","°C","1010.000","hPa","34.2","pmil","0","52.118","deg","21.808","°C","226.700","µmol/L","21.407","deg","20.891","°C","1012.000","hPa","0.861","-0.02056","0.00035","-0.00011","0","14.7","Humid","27.30","0","43.40","195787.95","SABD0002000012","AAV2.0.0.13","1.1.2.0","PSt7-10","000000-000","6/10/2026 14:47:13","0000-00","0","no battery","V"
"07/08/2026","21:41:41","3","default","198787511","O3","523.005","min","177.266","µmol/L","Humid","21.343","deg","134932","µV","22.769","°C","1010.000","hPa","34.2","pmil","0","52.118","deg","21.808","°C","226.700","µmol/L","21.407","deg","20.891","°C","1012.000","hPa","0.861","-0.02056","0.00035","-0.00011","0","14.7","Humid","27.30","0","43.40","195791.52","SABD0002000012","AAV2.0.0.13","1.1.2.0","PSt7-10","000000-000","6/10/2026 14:47:13","0000-00","0","no battery","V"
"07/08/2026","21:42:11","3","default","198787511","O3","523.504","min","177.236","µmol/L","Humid","21.343","deg","134918","µV","22.775","°C","1010.000","hPa","34.2","pmil","0","52.118","deg","21.808","°C","226.700","µmol/L","21.407","deg","20.891","°C","1012.000","hPa","0.861","-0.02056","0.00035","-0.00011","0","14.7","Humid","27.30","0","43.40","195780.59","SABD0002000012","AAV2.0.0.13","1.1.2.0","PSt7-10","000000-000","6/10/2026 14:47:13","0000-00","0","no battery","V"
"07/08/2026","21:42:41","3","default","198787511","O3","524.005","min","177.266","µmol/L","Humid","21.343","deg","134907","µV","22.769","°C","1010.000","hPa","34.2","pmil","0","52.118","deg","21.808","°C","226.700","µmol/L","21.407","deg","20.891","°C","1012.000","hPa","0.861","-0.02056","0.00035","-0.00011","0","14.7","Humid","27.30","0","43.40","195785.66","SABD0002000012","AAV2.0.0.13","1.1.2.0","PSt7-10","000000-000","6/10/2026 14:47:13","0000-00","0","no battery","V"
"07/08/2026","21:43:11","3","default","198787511","O3","524.505","min","177.185","µmol/L","Humid","21.348","deg","134910","µV","22.769","°C","1010.000","hPa","34.2","pmil","0","52.118","deg","21.808","°C","226.700","µmol/L","21.407","deg","20.891","°C","1012.000","hPa","0.861","-0.02056","0.00035","-0.00011","0","14.7","Humid","27.30","0","43.40","195776.66","SABD0002000012","AAV2.0.0.13","1.1.2.0","PSt7-10","000000-000","6/10/2026 14:47:13","0000-00","0","no battery","V"
"07/08/2026","21:43:41","3","default","198787511","O3","525.004","min","177.203","µmol/L","Humid","21.345","deg","134912","µV","22.775","°C","1010.000","hPa","34.2","pmil","0","52.118","deg","21.808","°C","226.700","µmol/L","21.407","deg","20.891","°C","1012.000","hPa","0.861","-0.02056","0.00035","-0.00011","0","14.7","Humid","27.30","0","43.40","195780.68","SABD0002000012","AAV2.0.0.13","1.1.2.0","PSt7-10","000000-000","6/10/2026 14:47:13","0000-00","0","no battery","V"
"07/08/2026","21:44:11","3","default","198787511","O3","525.504","min","177.218","µmol/L","Humid","21.346","deg","134911","µV","22.769","°C","1010.000","hPa","34.2","pmil","0","52.118","deg","21.808","°C","226.700","µmol/L","21.407","deg","20.891","°C","1012.000","hPa","0.861","-0.02056","0.00035","-0.00011","0","14.7","Humid","27.30","0","43.40","195773.26","SABD0002000012","AAV2.0.0.13","1.1.2.0","PSt7-10","000000-000","6/10/2026 14:47:13","0000-00","0","no battery","V"
"07/08/2026","21:44:41","3","default","198787511","O3","526.004","min","177.122","µmol/L","Humid","21.350","deg","134906","µV","22.775","°C","1010.000","hPa","34.2","pmil","0","52.118","deg","21.808","°C","226.700","µmol/L","21.407","deg","20.891","°C","1012.000","hPa","0.861","-0.02056","0.00035","-0.00011","0","14.7","Humid","27.30","0","43.40","195778.58","SABD0002000012","AAV2.0.0.13","1.1.2.0","PSt7-10","000000-000","6/10/2026 14:47:13","0000-00","0","no battery","V"
"07/08/2026","21:45:11","3","default","198787511","O3","526.504","min","177.232","µmol/L","Humid","21.347","deg","134908","µV","22.763","°C","1010.000","hPa","34.2","pmil","0","52.118","deg","21.808","°C","226.700","µmol/L","21.407","deg","20.891","°C","1012.000","hPa","0.861","-0.02056","0.00035","-0.00011","0","14.7","Humid","27.30","0","43.40","195784.85","SABD0002000012","AAV2.0.0.13","1.1.2.0","PSt7-10","000000-000","6/10/2026 14:47:13","0000-00","0","no battery","V"
"07/08/2026","21:45:41","3","default","198787511","O3","527.005","min","177.295","µmol/L","Humid","21.345","deg","134902","µV","22.756","°C","1010.000","hPa","34.2","pmil","0","52.118","deg","21.808","°C","226.700","µmol/L","21.407","deg","20.891","°C","1012.000","hPa","0.861","-0.02056","0.00035","-0.00011","0","14.7","Humid","27.30","0","43.40","195779.53","SABD0002000012","AAV2.0.0.13","1.1.2.0","PSt7-10","000000-000","6/10/2026 14:47:13","0000-00","0","no battery","V"
"07/08/2026","21:46:11","3","default","198787511","O3","527.505","min","177.266","µmol/L","Humid","21.343","deg","134908","µV","22.769","°C","1010.000","hPa","34.2","pmil","0","52.118","deg","21.808","°C","226.700","µmol/L","21.407","deg","20.891","°C","1012.000","hPa","0.861","-0.02056","0.00035","-0.00011","0","14.7","Humid","27.30","0","43.40","195781.40","SABD0002000012","AAV2.0.0.13","1.1.2.0","PSt7-10","000000-000","6/10/2026 14:47:13","0000-00","0","no battery","V"
"07/08/2026","21:46:41","3","default","198787511","O3","528.004","min","177.264","µmol/L","Humid","21.345","deg","134897","µV","22.763","°C","1010.000","hPa","34.2","pmil","0","52.118","deg","21.808","°C","226.700","µmol/L","21.407","deg","20.891","°C","1012.000","hPa","0.861","-0.02056","0.00035","-0.00011","0","14.7","Humid","27.30","0","43.40","195773.53","SABD0002000012","AAV2.0.0.13","1.1.2.0","PSt7-10","000000-000","6/10/2026 14:47:13","0000-00","0","no battery","V"
"07/08/2026","21:47:11","3","default","198787511","O3","528.505","min","177.266","µmol/L","Humid","21.343","deg","134887","µV","22.769","°C","1010.000","hPa","34.2","pmil","0","52.118","deg","21.808","°C","226.700","µmol/L","21.407","deg","20.891","°C","1012.000","hPa","0.861","-0.02056","0.00035","-0.00011","0","14.7","Humid","27.30","0","43.40","195780.87","SABD0002000012","AAV2.0.0.13","1.1.2.0","PSt7-10","000000-000","6/10/2026 14:47:13","0000-00","0","no battery","V"
"07/08/2026","21:47:41","3","default","198787511","O3","529.005","min","177.266","µmol/L","Humid","21.343","deg","134895","µV","22.769","°C","1010.000","hPa","34.2","pmil","0","52.118","deg","21.808","°C","226.700","µmol/L","21.407","deg","20.891","°C","1012.000","hPa","0.861","-0.02056","0.00035","-0.00011","0","14.7","Humid","27.30","0","43.40","195773.08","SABD0002000012","AAV2.0.0.13","1.1.2.0","PSt7-10","000000-000","6/10/2026 14:47:13","0000-00","0","no battery","V"
"07/08/2026","21:48:11","3","default","198787511","O3","529.505","min","177.266","µmol/L","Humid","21.343","deg","134897","µV","22.769","°C","1010.000","hPa","34.2","pmil","0","52.118","deg","21.808","°C","226.700","µmol/L","21.407","deg","20.891","°C","1012.000","hPa","0.861","-0.02056","0.00035","-0.00011","0","14.7","Humid","27.30","0","43.40","195763.38","SABD0002000012","AAV2.0.0.13","1.1.2.0","PSt7-10","000000-000","6/10/2026 14:47:13","0000-00","0","no battery","V"
"07/08/2026","21:48:41","3","default","198787511","O3","530.005","min","177.283","µmol/L","Humid","21.342","deg","134882","µV","22.769","°C","1010.000","hPa","34.2","pmil","0","52.118","deg","21.808","°C","226.700","µmol/L","21.407","deg","20.891","°C","1012.000","hPa","0.861","-0.02056","0.00035","-0.00011","0","14.7","Humid","27.30","0","43.40","195779.46","SABD0002000012","AAV2.0.0.13","1.1.2.0","PSt7-10","000000-000","6/10/2026 14:47:13","0000-00","0","no battery","V"
"07/08/2026","21:49:11","3","default","198787511","O3","530.505","min","177.266","µmol/L","Humid","21.343","deg","134888","µV","22.769","°C","1010.000","hPa","34.2","pmil","0","52.118","deg","21.808","°C","226.700","µmol/L","21.407","deg","20.891","°C","1012.000","hPa","0.861","-0.02056","0.00035","-0.00011","0","14.7","Humid","27.30","0","43.40","195769.27","SABD0002000012","AAV2.0.0.13","1.1.2.0","PSt7-10","000000-000","6/10/2026 14:47:13","0000-00","0","no battery","V"
"07/08/2026","21:49:41","3","default","198787511","O3","531.004","min","177.281","µmol/L","Humid","21.344","deg","134884","µV","22.763","°C","1010.000","hPa","34.2","pmil","0","52.118","deg","21.808","°C","226.700","µmol/L","21.407","deg","20.891","°C","1012.000","hPa","0.861","-0.02056","0.00035","-0.00011","0","14.7","Humid","27.30","0","43.40","195774.39","SABD0002000012","AAV2.0.0.13","1.1.2.0","PSt7-10","000000-000","6/10/2026 14:47:13","0000-00","0","no battery","V"
"07/08/2026","21:50:11","3","default","198787511","O3","531.504","min","177.250","µmol/L","Humid","21.344","deg","134882","µV","22.769","°C","1010.000","hPa","34.2","pmil","0","52.118","deg","21.808","°C","226.700","µmol/L","21.407","deg","20.891","°C","1012.000","hPa","0.861","-0.02056","0.00035","-0.00011","0","14.7","Humid","27.30","0","43.40","195765.70","SABD0002000012","AAV2.0.0.13","1.1.2.0","PSt7-10","000000-000","6/10/2026 14:47:13","0000-00","0","no battery","V"
"07/08/2026","21:50:41","3","default","198787511","O3","532.004","min","177.203","µmol/L","Humid","21.345","deg","134881","µV","22.775","°C","1010.000","hPa","34.2","pmil","0","52.118","deg","21.808","°C","226.700","µmol/L","21.407","deg","20.891","°C","1012.000","hPa","0.861","-0.02056","0.00035","-0.00011","0","14.7","Humid","27.30","0","43.40","195761.74","SABD0002000012","AAV2.0.0.13","1.1.2.0","PSt7-10","000000-000","6/10/2026 14:47:13","0000-00","0","no battery","V"
"07/08/2026","21:51:11","3","default","198787511","O3","532.504","min","177.219","µmol/L","Humid","21.344","deg","134881","µV","22.775","°C","1010.000","hPa","34.2","pmil","0","52.118","deg","21.808","°C","226.700","µmol/L","21.407","deg","20.891","°C","1012.000","hPa","0.861","-0.02056","0.00035","-0.00011","0","14.7","Humid","27.30","0","43.40","195771.86","SABD0002000012","AAV2.0.0.13","1.1.2.0","PSt7-10","000000-000","6/10/2026 14:47:13","0000-00","0","no battery","V"
"07/08/2026","21:51:41","3","default","198787511","O3","533.004","min","177.234","µmol/L","Humid","21.345","deg","134864","µV","22.769","°C","1010.000","hPa","34.2","pmil","0","52.118","deg","21.808","°C","226.700","µmol/L","21.407","deg","20.891","°C","1012.000","hPa","0.861","-0.02056","0.00035","-0.00011","0","14.7","Humid","27.30","0","43.40","195766.83","SABD0002000012","AAV2.0.0.13","1.1.2.0","PSt7-10","000000-000","6/10/2026 14:47:13","0000-00","0","no battery","V"
"07/08/2026","21:52:11","3","default","198787511","O3","533.504","min","177.315","µmol/L","Humid","21.340","deg","134857","µV","22.769","°C","1010.000","hPa","34.2","pmil","0","52.118","deg","21.808","°C","226.700","µmol/L","21.407","deg","20.891","°C","1012.000","hPa","0.861","-0.02056","0.00035","-0.00011","0","14.7","Humid","27.30","0","43.40","195762.96","SABD0002000012","AAV2.0.0.13","1.1.2.0","PSt7-10","000000-000","6/10/2026 14:47:13","0000-00","0","no battery","V"
"07/08/2026","21:52:41","3","default","198787511","O3","534.005","min","177.268","µmol/L","Humid","21.341","deg","134857","µV","22.775","°C","1010.000","hPa","34.2","pmil","0","52.118","deg","21.808","°C","226.700","µmol/L","21.407","deg","20.891","°C","1012.000","hPa","0.861","-0.02056","0.00035","-0.00011","0","14.7","Humid","27.30","0","43.40","195752.99","SABD0002000012","AAV2.0.0.13","1.1.2.0","PSt7-10","000000-000","6/10/2026 14:47:13","0000-00","0","no battery","V"
"07/08/2026","21:53:11","3","default","198787511","O3","534.505","min","177.171","µmol/L","Humid","21.347","deg","134865","µV","22.775","°C","1010.000","hPa","34.2","pmil","0","52.118","deg","21.808","°C","226.700","µmol/L","21.407","deg","20.891","°C","1012.000","hPa","0.861","-0.02056","0.00035","-0.00011","0","14.7","Humid","27.30","0","43.40","195746.03","SABD0002000012","AAV2.0.0.13","1.1.2.0","PSt7-10","000000-000","6/10/2026 14:47:13","0000-00","0","no battery","V"
"07/08/2026","21:53:41","3","default","198787511","O3","535.005","min","177.189","µmol/L","Humid","21.344","deg","134833","µV","22.781","°C","1010.000","hPa","34.2","pmil","0","52.118","deg","21.808","°C","226.700","µmol/L","21.407","deg","20.891","°C","1012.000","hPa","0.861","-0.02056","0.00035","-0.00011","0","14.7","Humid","27.30","0","43.40","195745.93","SABD0002000012","AAV2.0.0.13","1.1.2.0","PSt7-10","000000-000","6/10/2026 14:47:13","0000-00","0","no battery","V"
"07/08/2026","21:54:11","3","default","198787511","O3","535.505","min","177.252","µmol/L","Humid","21.342","deg","134844","µV","22.775","°C","1010.000","hPa","34.2","pmil","0","52.118","deg","21.808","°C","226.700","µmol/L","21.407","deg","20.891","°C","1012.000","hPa","0.861","-0.02056","0.00035","-0.00011","0","14.7","Humid","27.30","0","43.40","195754.01","SABD0002000012","AAV2.0.0.13","1.1.2.0","PSt7-10","000000-000","6/10/2026 14:47:13","0000-00","0","no battery","V"
"07/08/2026","21:54:41","3","default","198787511","O3","536.005","min","177.238","µmol/L","Humid","21.341","deg","134841","µV","22.781","°C","1010.000","hPa","34.2","pmil","0","52.118","deg","21.808","°C","226.700","µmol/L","21.407","deg","20.891","°C","1012.000","hPa","0.861","-0.02056","0.00035","-0.00011","0","14.7","Humid","27.30","0","43.40","195750.04","SABD0002000012","AAV2.0.0.13","1.1.2.0","PSt7-10","000000-000","6/10/2026 14:47:13","0000-00","0","no battery","V"
"07/08/2026","21:55:11","3","default","198787511","O3","536.505","min","177.268","µmol/L","Humid","21.341","deg","134842","µV","22.775","°C","1010.000","hPa","34.2","pmil","0","52.118","deg","21.808","°C","226.700","µmol/L","21.407","deg","20.891","°C","1012.000","hPa","0.861","-0.02056","0.00035","-0.00011","0","14.7","Humid","27.30","0","43.40","195747.71","SABD0002000012","AAV2.0.0.13","1.1.2.0","PSt7-10","000000-000","6/10/2026 14:47:13","0000-00","0","no battery","V"
"07/08/2026","21:55:41","3","default","198787511","O3","537.005","min","177.221","µmol/L","Humid","21.342","deg","134823","µV","22.781","°C","1010.000","hPa","34.2","pmil","0","52.118","deg","21.808","°C","226.700","µmol/L","21.407","deg","20.891","°C","1012.000","hPa","0.861","-0.02056","0.00035","-0.00011","0","14.7","Humid","27.30","0","43.40","195744.51","SABD0002000012","AAV2.0.0.13","1.1.2.0","PSt7-10","000000-000","6/10/2026 14:47:13","0000-00","0","no battery","V"
"07/08/2026","21:56:11","3","default","198787511","O3","537.504","min","177.205","µmol/L","Humid","21.343","deg","134833","µV","22.781","°C","1010.000","hPa","34.2","pmil","0","52.118","deg","21.808","°C","226.700","µmol/L","21.407","deg","20.891","°C","1012.000","hPa","0.861","-0.02056","0.00035","-0.00011","0","14.7","Humid","27.30","0","43.40","195750.32","SABD0002000012","AAV2.0.0.13","1.1.2.0","PSt7-10","000000-000","6/10/2026 14:47:13","0000-00","0","no battery","V"
"07/08/2026","21:56:41","3","default","198787511","O3","538.004","min","177.252","µmol/L","Humid","21.342","deg","134826","µV","22.775","°C","1010.000","hPa","34.2","pmil","0","52.118","deg","21.808","°C","226.700","µmol/L","21.407","deg","20.891","°C","1012.000","hPa","0.861","-0.02056","0.00035","-0.00011","0","14.7","Humid","27.30","0","43.40","195742.53","SABD0002000012","AAV2.0.0.13","1.1.2.0","PSt7-10","000000-000","6/10/2026 14:47:13","0000-00","0","no battery","V"
"07/08/2026","21:57:11","3","default","198787511","O3","538.504","min","177.221","µmol/L","Humid","21.342","deg","134830","µV","22.781","°C","1010.000","hPa","34.2","pmil","0","52.118","deg","21.808","°C","226.700","µmol/L","21.407","deg","20.891","°C","1012.000","hPa","0.861","-0.02056","0.00035","-0.00011","0","14.7","Humid","27.30","0","43.40","195746.51","SABD0002000012","AAV2.0.0.13","1.1.2.0","PSt7-10","000000-000","6/10/2026 14:47:13","0000-00","0","no battery","V"
"07/08/2026","21:57:41","3","default","198787511","O3","539.004","min","177.299","µmol/L","Humid","21.341","deg","134831","µV","22.769","°C","1010.000","hPa","34.2","pmil","0","52.118","deg","21.808","°C","226.700","µmol/L","21.407","deg","20.891","°C","1012.000","hPa","0.861","-0.02056","0.00035","-0.00011","0","14.7","Humid","27.30","0","43.40","195757.65","SABD0002000012","AAV2.0.0.13","1.1.2.0","PSt7-10","000000-000","6/10/2026 14:47:13","0000-00","0","no battery","V"
"07/08/2026","21:58:11","3","default","198787511","O3","539.504","min","177.236","µmol/L","Humid","21.343","deg","134834","µV","22.775","°C","1010.000","hPa","34.2","pmil","0","52.118","deg","21.808","°C","226.700","µmol/L","21.407","deg","20.891","°C","1012.000","hPa","0.861","-0.02056","0.00035","-0.00011","0","14.7","Humid","27.30","0","43.40","195740.53","SABD0002000012","AAV2.0.0.13","1.1.2.0","PSt7-10","000000-000","6/10/2026 14:47:13","0000-00","0","no battery","V"
"07/08/2026","21:58:41","3","default","198787511","O3","540.004","min","177.252","µmol/L","Humid","21.342","deg","134823","µV","22.775","°C","1010.000","hPa","34.2","pmil","0","52.118","deg","21.808","°C","226.700","µmol/L","21.407","deg","20.891","°C","1012.000","hPa","0.861","-0.02056","0.00035","-0.00011","0","14.7","Humid","27.30","0","43.40","195746.00","SABD0002000012","AAV2.0.0.13","1.1.2.0","PSt7-10","000000-000","6/10/2026 14:47:13","0000-00","0","no battery","V"
"07/08/2026","21:59:11","3","default","198787511","O3","540.505","min","177.344","µmol/L","Humid","21.342","deg","134833","µV","22.756","°C","1010.000","hPa","34.2","pmil","0","52.118","deg","21.808","°C","226.700","µmol/L","21.407","deg","20.891","°C","1012.000","hPa","0.861","-0.02056","0.00035","-0.00011","0","14.7","Humid","27.30","0","43.40","195749.24","SABD0002000012","AAV2.0.0.13","1.1.2.0","PSt7-10","000000-000","6/10/2026 14:47:13","0000-00","0","no battery","V"
"07/08/2026","21:59:41","3","default","198787511","O3","541.005","min","177.328","µmol/L","Humid","21.343","deg","134827","µV","22.756","°C","1010.000","hPa","34.2","pmil","0","52.118","deg","21.808","°C","226.700","µmol/L","21.407","deg","20.891","°C","1012.000","hPa","0.861","-0.02056","0.00035","-0.00011","0","14.7","Humid","27.30","0","43.40","195748.96","SABD0002000012","AAV2.0.0.13","1.1.2.0","PSt7-10","000000-000","6/10/2026 14:47:13","0000-00","0","no battery","V"
"07/08/2026","22:00:11","3","default","198787511","O3","541.505","min","177.232","µmol/L","Humid","21.347","deg","134830","µV","22.763","°C","1010.000","hPa","34.2","pmil","0","52.118","deg","21.808","°C","226.700","µmol/L","21.407","deg","20.891","°C","1012.000","hPa","0.861","-0.02056","0.00035","-0.00011","0","14.7","Humid","27.30","0","43.40","195741.10","SABD0002000012","AAV2.0.0.13","1.1.2.0","PSt7-10","000000-000","6/10/2026 14:47:13","0000-00","0","no battery","V"
"07/08/2026","22:00:41","3","default","198787511","O3","542.005","min","177.344","µmol/L","Humid","21.342","deg","134819","µV","22.756","°C","1010.000","hPa","34.2","pmil","0","52.118","deg","21.808","°C","226.700","µmol/L","21.407","deg","20.891","°C","1012.000","hPa","0.861","-0.02056","0.00035","-0.00011","0","14.7","Humid","27.30","0","43.40","195737.63","SABD0002000012","AAV2.0.0.13","1.1.2.0","PSt7-10","000000-000","6/10/2026 14:47:13","0000-00","0","no battery","V"
"07/08/2026","22:01:11","3","default","198787511","O3","542.505","min","177.283","µmol/L","Humid","21.342","deg","134826","µV","22.769","°C","1010.000","hPa","34.2","pmil","0","52.118","deg","21.808","°C","226.700","µmol/L","21.407","deg","20.891","°C","1012.000","hPa","0.861","-0.02056","0.00035","-0.00011","0","14.7","Humid","27.30","0","43.40","195730.81","SABD0002000012","AAV2.0.0.13","1.1.2.0","PSt7-10","000000-000","6/10/2026 14:47:13","0000-00","0","no battery","V"
"07/08/2026","22:01:41","3","default","198787511","O3","543.005","min","177.232","µmol/L","Humid","21.347","deg","134824","µV","22.763","°C","1010.000","hPa","34.2","pmil","0","52.118","deg","21.808","°C","226.700","µmol/L","21.407","deg","20.891","°C","1012.000","hPa","0.861","-0.02056","0.00035","-0.00011","0","14.7","Humid","27.30","0","43.40","195748.21","SABD0002000012","AAV2.0.0.13","1.1.2.0","PSt7-10","000000-000","6/10/2026 14:47:13","0000-00","0","no battery","V"
"07/08/2026","22:02:11","3","default","198787511","O3","543.505","min","177.313","µmol/L","Humid","21.342","deg","134822","µV","22.763","°C","1010.000","hPa","34.2","pmil","0","52.118","deg","21.808","°C","226.700","µmol/L","21.407","deg","20.891","°C","1012.000","hPa","0.861","-0.02056","0.00035","-0.00011","0","14.7","Humid","27.30","0","43.40","195741.23","SABD0002000012","AAV2.0.0.13","1.1.2.0","PSt7-10","000000-000","6/10/2026 14:47:13","0000-00","0","no battery","V"
"07/08/2026","22:02:41","3","default","198787511","O3","544.005","min","177.219","µmol/L","Humid","21.344","deg","134833","µV","22.775","°C","1010.000","hPa","34.2","pmil","0","52.118","deg","21.808","°C","226.700","µmol/L","21.407","deg","20.891","°C","1012.000","hPa","0.861","-0.02056","0.00035","-0.00011","0","14.7","Humid","27.30","0","43.40","195739.25","SABD0002000012","AAV2.0.0.13","1.1.2.0","PSt7-10","000000-000","6/10/2026 14:47:13","0000-00","0","no battery","V"
"07/08/2026","22:03:11","3","default","198787511","O3","544.505","min","177.266","µmol/L","Humid","21.343","deg","134832","µV","22.769","°C","1010.000","hPa","34.2","pmil","0","52.118","deg","21.808","°C","226.700","µmol/L","21.407","deg","20.891","°C","1012.000","hPa","0.861","-0.02056","0.00035","-0.00011","0","14.7","Humid","27.30","0","43.40","195733.09","SABD0002000012","AAV2.0.0.13","1.1.2.0","PSt7-10","000000-000","6/10/2026 14:47:13","0000-00","0","no battery","V"
"07/08/2026","22:03:41","3","default","198787511","O3","545.005","min","177.201","µmol/L","Humid","21.347","deg","134840","µV","22.769","°C","1010.000","hPa","34.2","pmil","0","52.118","deg","21.808","°C","226.700","µmol/L","21.407","deg","20.891","°C","1012.000","hPa","0.861","-0.02056","0.00035","-0.00011","0","14.7","Humid","27.30","0","43.40","195741.53","SABD0002000012","AAV2.0.0.13","1.1.2.0","PSt7-10","000000-000","6/10/2026 14:47:13","0000-00","0","no battery","V"
"07/08/2026","22:04:11","3","default","198787511","O3","545.505","min","177.218","µmol/L","Humid","21.346","deg","134833","µV","22.769","°C","1010.000","hPa","34.2","pmil","0","52.118","deg","21.808","°C","226.700","µmol/L","21.407","deg","20.891","°C","1012.000","hPa","0.861","-0.02056","0.00035","-0.00011","0","14.7","Humid","27.30","0","43.40","195745.08","SABD0002000012","AAV2.0.0.13","1.1.2.0","PSt7-10","000000-000","6/10/2026 14:47:13","0000-00","0","no battery","V"
"07/08/2026","22:04:41","3","default","198787511","O3","546.005","min","177.187","µmol/L","Humid","21.346","deg","134838","µV","22.775","°C","1010.000","hPa","34.2","pmil","0","52.118","deg","21.808","°C","226.700","µmol/L","21.407","deg","20.891","°C","1012.000","hPa","0.861","-0.02056","0.00035","-0.00011","0","14.7","Humid","27.30","0","43.40","195744.34","SABD0002000012","AAV2.0.0.13","1.1.2.0","PSt7-10","000000-000","6/10/2026 14:47:13","0000-00","0","no battery","V"
"07/08/2026","22:05:11","3","default","198787511","O3","546.505","min","177.315","µmol/L","Humid","21.340","deg","134796","µV","22.769","°C","1010.000","hPa","34.2","pmil","0","52.118","deg","21.808","°C","226.700","µmol/L","21.407","deg","20.891","°C","1012.000","hPa","0.861","-0.02056","0.00035","-0.00011","0","14.7","Humid","27.30","0","43.40","195733.57","SABD0002000012","AAV2.0.0.13","1.1.2.0","PSt7-10","000000-000","6/10/2026 14:47:13","0000-00","0","no battery","V"
"07/08/2026","22:05:41","3","default","198787511","O3","547.005","min","177.299","µmol/L","Humid","21.341","deg","134815","µV","22.769","°C","1010.000","hPa","34.2","pmil","0","52.118","deg","21.808","°C","226.700","µmol/L","21.407","deg","20.891","°C","1012.000","hPa","0.861","-0.02056","0.00035","-0.00011","0","14.7","Humid","27.30","0","43.40","195731.39","SABD0002000012","AAV2.0.0.13","1.1.2.0","PSt7-10","000000-000","6/10/2026 14:47:13","0000-00","0","no battery","V"
"07/08/2026","22:06:11","3","default","198787511","O3","547.505","min","177.234","µmol/L","Humid","21.345","deg","134829","µV","22.769","°C","1010.000","hPa","34.2","pmil","0","52.118","deg","21.808","°C","226.700","µmol/L","21.407","deg","20.891","°C","1012.000","hPa","0.861","-0.02056","0.00035","-0.00011","0","14.7","Humid","27.30","0","43.40","195731.56","SABD0002000012","AAV2.0.0.13","1.1.2.0","PSt7-10","000000-000","6/10/2026 14:47:13","0000-00","0","no battery","V"
"07/08/2026","22:06:41","3","default","198787511","O3","548.005","min","177.201","µmol/L","Humid","21.347","deg","134834","µV","22.769","°C","1010.000","hPa","34.2","pmil","0","52.118","deg","21.808","°C","226.700","µmol/L","21.407","deg","20.891","°C","1012.000","hPa","0.861","-0.02056","0.00035","-0.00011","0","14.7","Humid","27.30","0","43.40","195728.74","SABD0002000012","AAV2.0.0.13","1.1.2.0","PSt7-10","000000-000","6/10/2026 14:47:13","0000-00","0","no battery","V"
"07/08/2026","22:07:11","3","default","198787511","O3","548.505","min","177.268","µmol/L","Humid","21.341","deg","134810","µV","22.775","°C","1010.000","hPa","34.2","pmil","0","52.118","deg","21.808","°C","226.700","µmol/L","21.407","deg","20.891","°C","1012.000","hPa","0.861","-0.02056","0.00035","-0.00011","0","14.7","Humid","27.30","0","43.40","195732.38","SABD0002000012","AAV2.0.0.13","1.1.2.0","PSt7-10","000000-000","6/10/2026 14:47:13","0000-00","0","no battery","V"
"07/08/2026","22:07:41","3","default","198787511","O3","549.005","min","177.266","µmol/L","Humid","21.343","deg","134816","µV","22.769","°C","1010.000","hPa","34.2","pmil","0","52.118","deg","21.808","°C","226.700","µmol/L","21.407","deg","20.891","°C","1012.000","hPa","0.861","-0.02056","0.00035","-0.00011","0","14.7","Humid","27.30","0","43.40","195734.21","SABD0002000012","AAV2.0.0.13","1.1.2.0","PSt7-10","000000-000","6/10/2026 14:47:13","0000-00","0","no battery","V"
"07/08/2026","22:08:11","3","default","198787511","O3","549.505","min","177.201","µmol/L","Humid","21.347","deg","134814","µV","22.769","°C","1010.000","hPa","34.2","pmil","0","52.118","deg","21.808","°C","226.700","µmol/L","21.407","deg","20.891","°C","1012.000","hPa","0.861","-0.02056","0.00035","-0.00011","0","14.7","Humid","27.30","0","43.40","195729.17","SABD0002000012","AAV2.0.0.13","1.1.2.0","PSt7-10","000000-000","6/10/2026 14:47:13","0000-00","0","no battery","V"
"07/08/2026","22:08:41","3","default","198787511","O3","550.004","min","177.205","µmol/L","Humid","21.343","deg","134817","µV","22.781","°C","1010.000","hPa","34.2","pmil","0","52.118","deg","21.808","°C","226.700","µmol/L","21.407","deg","20.891","°C","1012.000","hPa","0.861","-0.02056","0.00035","-0.00011","0","14.7","Humid","27.30","0","43.40","195727.10","SABD0002000012","AAV2.0.0.13","1.1.2.0","PSt7-10","000000-000","6/10/2026 14:47:13","0000-00","0","no battery","V"
"07/08/2026","22:09:11","3","default","198787511","O3","550.504","min","177.154","µmol/L","Humid","21.348","deg","134820","µV","22.775","°C","1010.000","hPa","34.2","pmil","0","52.118","deg","21.808","°C","226.700","µmol/L","21.407","deg","20.891","°C","1012.000","hPa","0.861","-0.02056","0.00035","-0.00011","0","14.7","Humid","27.30","0","43.40","195720.56","SABD0002000012","AAV2.0.0.13","1.1.2.0","PSt7-10","000000-000","6/10/2026 14:47:13","0000-00","0","no battery","V"
"07/08/2026","22:09:41","3","default","198787511","O3","551.004","min","177.238","µmol/L","Humid","21.341","deg","134816","µV","22.781","°C","1010.000","hPa","34.2","pmil","0","52.118","deg","21.808","°C","226.700","µmol/L","21.407","deg","20.891","°C","1012.000","hPa","0.861","-0.02056","0.00035","-0.00011","0","14.7","Humid","27.30","0","43.40","195715.29","SABD0002000012","AAV2.0.0.13","1.1.2.0","PSt7-10","000000-000","6/10/2026 14:47:13","0000-00","0","no battery","V"
"07/08/2026","22:10:11","3","default","198787511","O3","551.504","min","177.174","µmol/L","Humid","21.343","deg","134826","µV","22.787","°C","1010.000","hPa","34.2","pmil","0","52.118","deg","21.808","°C","226.700","µmol/L","21.407","deg","20.891","°C","1012.000","hPa","0.861","-0.02056","0.00035","-0.00011","0","14.7","Humid","27.30","0","43.40","195716.74","SABD0002000012","AAV2.0.0.13","1.1.2.0","PSt7-10","000000-000","6/10/2026 14:47:13","0000-00","0","no battery","V"
"07/08/2026","22:10:41","3","default","198787511","O3","552.004","min","177.203","µmol/L","Humid","21.345","deg","134818","µV","22.775","°C","1010.000","hPa","34.2","pmil","0","52.118","deg","21.808","°C","226.700","µmol/L","21.407","deg","20.891","°C","1012.000","hPa","0.861","-0.02056","0.00035","-0.00011","0","14.7","Humid","27.30","0","43.40","195713.31","SABD0002000012","AAV2.0.0.13","1.1.2.0","PSt7-10","000000-000","6/10/2026 14:47:13","0000-00","0","no battery","V"
"07/08/2026","22:11:11","3","default","198787511","O3","552.504","min","177.156","µmol/L","Humid","21.346","deg","134817","µV","22.781","°C","1010.000","hPa","34.2","pmil","0","52.118","deg","21.808","°C","226.700","µmol/L","21.407","deg","20.891","°C","1012.000","hPa","0.861","-0.02056","0.00035","-0.00011","0","14.7","Humid","27.30","0","43.40","195723.57","SABD0002000012","AAV2.0.0.13","1.1.2.0","PSt7-10","000000-000","6/10/2026 14:47:13","0000-00","0","no battery","V"
"07/08/2026","22:11:41","3","default","198787511","O3","553.005","min","177.203","µmol/L","Humid","21.345","deg","134817","µV","22.775","°C","1010.000","hPa","34.2","pmil","0","52.118","deg","21.808","°C","226.700","µmol/L","21.407","deg","20.891","°C","1012.000","hPa","0.861","-0.02056","0.00035","-0.00011","0","14.7","Humid","27.30","0","43.40","195714.87","SABD0002000012","AAV2.0.0.13","1.1.2.0","PSt7-10","000000-000","6/10/2026 14:47:13","0000-00","0","no battery","V"
"07/08/2026","22:12:11","3","default","198787511","O3","553.505","min","177.238","µmol/L","Humid","21.341","deg","134814","µV","22.781","°C","1010.000","hPa","34.2","pmil","0","52.118","deg","21.808","°C","226.700","µmol/L","21.407","deg","20.891","°C","1012.000","hPa","0.861","-0.02056","0.00035","-0.00011","0","14.7","Humid","27.30","0","43.40","195715.61","SABD0002000012","AAV2.0.0.13","1.1.2.0","PSt7-10","000000-000","6/10/2026 14:47:13","0000-00","0","no battery","V"
"07/08/2026","22:12:41","3","default","198787511","O3","554.005","min","177.266","µmol/L","Humid","21.343","deg","134809","µV","22.769","°C","1010.000","hPa","34.2","pmil","0","52.118","deg","21.808","°C","226.700","µmol/L","21.407","deg","20.891","°C","1012.000","hPa","0.861","-0.02056","0.00035","-0.00011","0","14.7","Humid","27.30","0","43.40","195709.75","SABD0002000012","AAV2.0.0.13","1.1.2.0","PSt7-10","000000-000","6/10/2026 14:47:13","0000-00","0","no battery","V"
"07/08/2026","22:13:11","3","default","198787511","O3","554.505","min","177.268","µmol/L","Humid","21.341","deg","134791","µV","22.775","°C","1010.000","hPa","34.2","pmil","0","52.118","deg","21.808","°C","226.700","µmol/L","21.407","deg","20.891","°C","1012.000","hPa","0.861","-0.02056","0.00035","-0.00011","0","14.7","Humid","27.30","0","43.40","195700.54","SABD0002000012","AAV2.0.0.13","1.1.2.0","PSt7-10","000000-000","6/10/2026 14:47:13","0000-00","0","no battery","V"
"07/08/2026","22:13:41","3","default","198787511","O3","555.005","min","177.254","µmol/L","Humid","21.340","deg","134788","µV","22.781","°C","1010.000","hPa","34.2","pmil","0","52.118","deg","21.808","°C","226.700","µmol/L","21.407","deg","20.891","°C","1012.000","hPa","0.861","-0.02056","0.00035","-0.00011","0","14.7","Humid","27.30","0","43.40","195713.11","SABD0002000012","AAV2.0.0.13","1.1.2.0","PSt7-10","000000-000","6/10/2026 14:47:13","0000-00","0","no battery","V"
"07/08/2026","22:14:11","3","default","198787511","O3","555.505","min","177.268","µmol/L","Humid","21.341","deg","134791","µV","22.775","°C","1010.000","hPa","34.2","pmil","0","52.118","deg","21.808","°C","226.700","µmol/L","21.407","deg","20.891","°C","1012.000","hPa","0.861","-0.02056","0.00035","-0.00011","0","14.7","Humid","27.30","0","43.40","195712.09","SABD0002000012","AAV2.0.0.13","1.1.2.0","PSt7-10","000000-000","6/10/2026 14:47:13","0000-00","0","no battery","V"
"07/08/2026","22:14:41","3","default","198787511","O3","556.004","min","177.256","µmol/L","Humid","21.338","deg","134775","µV","22.787","°C","1010.000","hPa","34.2","pmil","0","52.118","deg","21.808","°C","226.700","µmol/L","21.407","deg","20.891","°C","1012.000","hPa","0.861","-0.02056","0.00035","-0.00011","0","14.7","Humid","27.30","0","43.40","195702.49","SABD0002000012","AAV2.0.0.13","1.1.2.0","PSt7-10","000000-000","6/10/2026 14:47:13","0000-00","0","no battery","V"
"07/08/2026","22:15:11","3","default","198787511","O3","556.504","min","177.189","µmol/L","Humid","21.344","deg","134768","µV","22.781","°C","1010.000","hPa","34.2","pmil","0","52.118","deg","21.808","°C","226.700","µmol/L","21.407","deg","20.891","°C","1012.000","hPa","0.861","-0.02056","0.00035","-0.00011","0","14.7","Humid","27.30","0","43.40","195700.90","SABD0002000012","AAV2.0.0.13","1.1.2.0","PSt7-10","000000-000","6/10/2026 14:47:13","0000-00","0","no battery","V"
"07/08/2026","22:15:41","3","default","198787511","O3","557.004","min","177.238","µmol/L","Humid","21.341","deg","134783","µV","22.781","°C","1010.000","hPa","34.2","pmil","0","52.118","deg","21.808","°C","226.700","µmol/L","21.407","deg","20.891","°C","1012.000","hPa","0.861","-0.02056","0.00035","-0.00011","0","14.7","Humid","27.30","0","43.40","195704.28","SABD0002000012","AAV2.0.0.13","1.1.2.0","PSt7-10","000000-000","6/10/2026 14:47:13","0000-00","0","no battery","V"
"07/08/2026","22:16:11","3","default","198787511","O3","557.504","min","177.207","µmol/L","Humid","21.341","deg","134790","µV","22.787","°C","1010.000","hPa","34.2","pmil","0","52.118","deg","21.808","°C","226.700","µmol/L","21.407","deg","20.891","°C","1012.000","hPa","0.861","-0.02056","0.00035","-0.00011","0","14.7","Humid","27.30","0","43.40","195709.92","SABD0002000012","AAV2.0.0.13","1.1.2.0","PSt7-10","000000-000","6/10/2026 14:47:13","0000-00","0","no battery","V"
"07/08/2026","22:16:41","3","default","198787511","O3","558.004","min","177.207","µmol/L","Humid","21.341","deg","134785","µV","22.787","°C","1010.000","hPa","34.2","pmil","0","52.118","deg","21.808","°C","226.700","µmol/L","21.407","deg","20.891","°C","1012.000","hPa","0.861","-0.02056","0.00035","-0.00011","0","14.7","Humid","27.30","0","43.40","195713.53","SABD0002000012","AAV2.0.0.13","1.1.2.0","PSt7-10","000000-000","6/10/2026 14:47:13","0000-00","0","no battery","V"
"07/08/2026","22:17:11","3","default","198787511","O3","558.505","min","177.207","µmol/L","Humid","21.341","deg","134786","µV","22.787","°C","1010.000","hPa","34.2","pmil","0","52.118","deg","21.808","°C","226.700","µmol/L","21.407","deg","20.891","°C","1012.000","hPa","0.861","-0.02056","0.00035","-0.00011","0","14.7","Humid","27.30","0","43.40","195709.51","SABD0002000012","AAV2.0.0.13","1.1.2.0","PSt7-10","000000-000","6/10/2026 14:47:13","0000-00","0","no battery","V"
"07/08/2026","22:17:41","3","default","198787511","O3","559.005","min","177.191","µmol/L","Humid","21.342","deg","134788","µV","22.787","°C","1010.000","hPa","34.2","pmil","0","52.118","deg","21.808","°C","226.700","µmol/L","21.407","deg","20.891","°C","1012.000","hPa","0.861","-0.02056","0.00035","-0.00011","0","14.7","Humid","27.30","0","43.40","195704.40","SABD0002000012","AAV2.0.0.13","1.1.2.0","PSt7-10","000000-000","6/10/2026 14:47:13","0000-00","0","no battery","V"
"07/08/2026","22:18:11","3","default","198787511","O3","559.505","min","177.176","µmol/L","Humid","21.341","deg","134769","µV","22.793","°C","1010.000","hPa","34.2","pmil","0","52.118","deg","21.808","°C","226.700","µmol/L","21.407","deg","20.891","°C","1012.000","hPa","0.861","-0.02056","0.00035","-0.00011","0","14.7","Humid","27.30","0","43.40","195703.53","SABD0002000012","AAV2.0.0.13","1.1.2.0","PSt7-10","000000-000","6/10/2026 14:47:13","0000-00","0","no battery","V"
"07/08/2026","22:18:41","3","default","198787511","O3","560.004","min","177.193","µmol/L","Humid","21.340","deg","134758","µV","22.793","°C","1010.000","hPa","34.2","pmil","0","52.118","deg","21.808","°C","226.700","µmol/L","21.407","deg","20.891","°C","1012.000","hPa","0.861","-0.02056","0.00035","-0.00011","0","14.7","Humid","27.30","0","43.40","195707.49","SABD0002000012","AAV2.0.0.13","1.1.2.0","PSt7-10","000000-000","6/10/2026 14:47:13","0000-00","0","no battery","V"
"07/08/2026","22:19:11","3","default","198787511","O3","560.504","min","177.223","µmol/L","Humid","21.340","deg","134754","µV","22.787","°C","1010.000","hPa","34.2","pmil","0","52.118","deg","21.808","°C","226.700","µmol/L","21.407","deg","20.891","°C","1012.000","hPa","0.861","-0.02056","0.00035","-0.00011","0","14.7","Humid","27.30","0","43.40","195702.41","SABD0002000012","AAV2.0.0.13","1.1.2.0","PSt7-10","000000-000","6/10/2026 14:47:13","0000-00","0","no battery","V"
"07/08/2026","22:19:41","3","default","198787511","O3","561.004","min","177.225","µmol/L","Humid","21.338","deg","134765","µV","22.793","°C","1010.000","hPa","34.2","pmil","0","52.118","deg","21.808","°C","226.700","µmol/L","21.407","deg","20.891","°C","1012.000","hPa","0.861","-0.02056","0.00035","-0.00011","0","14.7","Humid","27.30","0","43.40","195696.17","SABD0002000012","AAV2.0.0.13","1.1.2.0","PSt7-10","000000-000","6/10/2026 14:47:13","0000-00","0","no battery","V"
"07/08/2026","22:20:11","3","default","198787511","O3","561.504","min","177.193","µmol/L","Humid","21.340","deg","134758","µV","22.793","°C","1010.000","hPa","34.2","pmil","0","52.118","deg","21.808","°C","226.700","µmol/L","21.407","deg","20.891","°C","1012.000","hPa","0.861","-0.02056","0.00035","-0.00011","0","14.7","Humid","27.30","0","43.40","195708.10","SABD0002000012","AAV2.0.0.13","1.1.2.0","PSt7-10","000000-000","6/10/2026 14:47:13","0000-00","0","no battery","V"
"07/08/2026","22:20:41","3","default","198787511","O3","562.004","min","177.225","µmol/L","Humid","21.338","deg","134758","µV","22.793","°C","1010.000","hPa","34.2","pmil","0","52.118","deg","21.808","°C","226.700","µmol/L","21.407","deg","20.891","°C","1012.000","hPa","0.861","-0.02056","0.00035","-0.00011","0","14.7","Humid","27.30","0","43.40","195698.15","SABD0002000012","AAV2.0.0.13","1.1.2.0","PSt7-10","000000-000","6/10/2026 14:47:13","0000-00","0","no battery","V"
"07/08/2026","22:21:11","3","default","198787511","O3","562.505","min","177.115","µmol/L","Humid","21.341","deg","134751","µV","22.805","°C","1010.000","hPa","34.2","pmil","0","52.118","deg","21.808","°C","226.700","µmol/L","21.407","deg","20.891","°C","1012.000","hPa","0.861","-0.02056","0.00035","-0.00011","0","14.7","Humid","27.30","0","43.40","195689.78","SABD0002000012","AAV2.0.0.13","1.1.2.0","PSt7-10","000000-000","6/10/2026 14:47:13","0000-00","0","no battery","V"
"07/08/2026","22:21:41","3","default","198787511","O3","563.005","min","177.164","µmol/L","Humid","21.338","deg","134740","µV","22.805","°C","1010.000","hPa","34.2","pmil","0","52.118","deg","21.808","°C","226.700","µmol/L","21.407","deg","20.891","°C","1012.000","hPa","0.861","-0.02056","0.00035","-0.00011","0","14.7","Humid","27.30","0","43.40","195693.78","SABD0002000012","AAV2.0.0.13","1.1.2.0","PSt7-10","000000-000","6/10/2026 14:47:13","0000-00","0","no battery","V"
"07/08/2026","22:22:11","3","default","198787511","O3","563.505","min","177.195","µmol/L","Humid","21.338","deg","134749","µV","22.799","°C","1010.000","hPa","34.2","pmil","0","52.118","deg","21.808","°C","226.700","µmol/L","21.407","deg","20.891","°C","1012.000","hPa","0.861","-0.02056","0.00035","-0.00011","0","14.7","Humid","27.30","0","43.40","195697.04","SABD0002000012","AAV2.0.0.13","1.1.2.0","PSt7-10","000000-000","6/10/2026 14:47:13","0000-00","0","no battery","V"
"07/08/2026","22:22:41","3","default","198787511","O3","564.005","min","177.180","µmol/L","Humid","21.337","deg","134755","µV","22.805","°C","1010.000","hPa","34.2","pmil","0","52.118","deg","21.808","°C","226.700","µmol/L","21.407","deg","20.891","°C","1012.000","hPa","0.861","-0.02056","0.00035","-0.00011","0","14.7","Humid","27.30","0","43.40","195700.72","SABD0002000012","AAV2.0.0.13","1.1.2.0","PSt7-10","000000-000","6/10/2026 14:47:13","0000-00","0","no battery","V"
"07/08/2026","22:23:11","3","default","198787511","O3","564.505","min","177.195","µmol/L","Humid","21.338","deg","134739","µV","22.799","°C","1010.000","hPa","34.2","pmil","0","52.118","deg","21.808","°C","226.700","µmol/L","21.407","deg","20.891","°C","1012.000","hPa","0.861","-0.02056","0.00035","-0.00011","0","14.7","Humid","27.30","0","43.40","195701.47","SABD0002000012","AAV2.0.0.13","1.1.2.0","PSt7-10","000000-000","6/10/2026 14:47:13","0000-00","0","no battery","V"
"07/08/2026","22:23:41","3","default","198787511","O3","565.005","min","177.227","µmol/L","Humid","21.336","deg","134736","µV","22.799","°C","1010.000","hPa","34.2","pmil","0","52.118","deg","21.808","°C","226.700","µmol/L","21.407","deg","20.891","°C","1012.000","hPa","0.861","-0.02056","0.00035","-0.00011","0","14.7","Humid","27.30","0","43.40","195690.14","SABD0002000012","AAV2.0.0.13","1.1.2.0","PSt7-10","000000-000","6/10/2026 14:47:13","0000-00","0","no battery","V"
"07/08/2026","22:24:11","3","default","198787511","O3","565.505","min","177.180","µmol/L","Humid","21.337","deg","134725","µV","22.805","°C","1010.000","hPa","34.2","pmil","0","52.118","deg","21.808","°C","226.700","µmol/L","21.407","deg","20.891","°C","1012.000","hPa","0.861","-0.02056","0.00035","-0.00011","0","14.7","Humid","27.30","0","43.40","195681.86","SABD0002000012","AAV2.0.0.13","1.1.2.0","PSt7-10","000000-000","6/10/2026 14:47:13","0000-00","0","no battery","V"
"07/08/2026","22:24:41","3","default","198787511","O3","566.005","min","177.196","µmol/L","Humid","21.336","deg","134721","µV","22.805","°C","1010.000","hPa","34.2","pmil","0","52.118","deg","21.808","°C","226.700","µmol/L","21.407","deg","20.891","°C","1012.000","hPa","0.861","-0.02056","0.00035","-0.00011","0","14.7","Humid","27.30","0","43.40","195682.28","SABD0002000012","AAV2.0.0.13","1.1.2.0","PSt7-10","000000-000","6/10/2026 14:47:13","0000-00","0","no battery","V"
"07/08/2026","22:25:11","3","default","198787511","O3","566.505","min","177.227","µmol/L","Humid","21.336","deg","134738","µV","22.799","°C","1010.000","hPa","34.2","pmil","0","52.118","deg","21.808","°C","226.700","µmol/L","21.407","deg","20.891","°C","1012.000","hPa","0.861","-0.02056","0.00035","-0.00011","0","14.7","Humid","27.30","0","43.40","195685.16","SABD0002000012","AAV2.0.0.13","1.1.2.0","PSt7-10","000000-000","6/10/2026 14:47:13","0000-00","0","no battery","V"
"07/08/2026","22:25:41","3","default","198787511","O3","567.004","min","177.213","µmol/L","Humid","21.335","deg","134741","µV","22.805","°C","1010.000","hPa","34.2","pmil","0","52.118","deg","21.808","°C","226.700","µmol/L","21.407","deg","20.891","°C","1012.000","hPa","0.861","-0.02056","0.00035","-0.00011","0","14.7","Humid","27.30","0","43.40","195692.04","SABD0002000012","AAV2.0.0.13","1.1.2.0","PSt7-10","000000-000","6/10/2026 14:47:13","0000-00","0","no battery","V"
"07/08/2026","22:26:11","3","default","198787511","O3","567.504","min","177.148","µmol/L","Humid","21.339","deg","134719","µV","22.805","°C","1010.000","hPa","34.2","pmil","0","52.118","deg","21.808","°C","226.700","µmol/L","21.407","deg","20.891","°C","1012.000","hPa","0.861","-0.02056","0.00035","-0.00011","0","14.7","Humid","27.30","0","43.40","195685.64","SABD0002000012","AAV2.0.0.13","1.1.2.0","PSt7-10","000000-000","6/10/2026 14:47:13","0000-00","0","no battery","V"
"07/08/2026","22:26:41","3","default","198787511","O3","568.004","min","177.150","µmol/L","Humid","21.337","deg","134726","µV","22.811","°C","1010.000","hPa","34.2","pmil","0","52.118","deg","21.808","°C","226.700","µmol/L","21.407","deg","20.891","°C","1012.000","hPa","0.861","-0.02056","0.00035","-0.00011","0","14.7","Humid","27.30","0","43.40","195684.99","SABD0002000012","AAV2.0.0.13","1.1.2.0","PSt7-10","000000-000","6/10/2026 14:47:13","0000-00","0","no battery","V"
"07/08/2026","22:27:11","3","default","198787511","O3","568.504","min","177.211","µmol/L","Humid","21.337","deg","134731","µV","22.799","°C","1010.000","hPa","34.2","pmil","0","52.118","deg","21.808","°C","226.700","µmol/L","21.407","deg","20.891","°C","1012.000","hPa","0.861","-0.02056","0.00035","-0.00011","0","14.7","Humid","27.30","0","43.40","195685.93","SABD0002000012","AAV2.0.0.13","1.1.2.0","PSt7-10","000000-000","6/10/2026 14:47:13","0000-00","0","no battery","V"
"07/08/2026","22:27:41","3","default","198787511","O3","569.004","min","177.166","µmol/L","Humid","21.336","deg","134730","µV","22.811","°C","1010.000","hPa","34.2","pmil","0","52.118","deg","21.808","°C","226.700","µmol/L","21.407","deg","20.891","°C","1012.000","hPa","0.861","-0.02056","0.00035","-0.00011","0","14.7","Humid","27.30","0","43.40","195689.19","SABD0002000012","AAV2.0.0.13","1.1.2.0","PSt7-10","000000-000","6/10/2026 14:47:13","0000-00","0","no battery","V"
"07/08/2026","22:28:11","3","default","198787511","O3","569.504","min","177.148","µmol/L","Humid","21.339","deg","134717","µV","22.805","°C","1010.000","hPa","34.2","pmil","0","52.118","deg","21.808","°C","226.700","µmol/L","21.407","deg","20.891","°C","1012.000","hPa","0.861","-0.02056","0.00035","-0.00011","0","14.7","Humid","27.30","0","43.40","195684.26","SABD0002000012","AAV2.0.0.13","1.1.2.0","PSt7-10","000000-000","6/10/2026 14:47:13","0000-00","0","no battery","V"
"07/08/2026","22:28:41","3","default","198787511","O3","570.005","min","177.148","µmol/L","Humid","21.339","deg","134722","µV","22.805","°C","1010.000","hPa","34.2","pmil","0","52.118","deg","21.808","°C","226.700","µmol/L","21.407","deg","20.891","°C","1012.000","hPa","0.861","-0.02056","0.00035","-0.00011","0","14.7","Humid","27.30","0","43.40","195685.98","SABD0002000012","AAV2.0.0.13","1.1.2.0","PSt7-10","000000-000","6/10/2026 14:47:13","0000-00","0","no battery","V"
"07/08/2026","22:29:11","3","default","198787511","O3","570.505","min","177.101","µmol/L","Humid","21.340","deg","134728","µV","22.811","°C","1010.000","hPa","34.2","pmil","0","52.118","deg","21.808","°C","226.700","µmol/L","21.407","deg","20.891","°C","1012.000","hPa","0.861","-0.02056","0.00035","-0.00011","0","14.7","Humid","27.30","0","43.40","195687.94","SABD0002000012","AAV2.0.0.13","1.1.2.0","PSt7-10","000000-000","6/10/2026 14:47:13","0000-00","0","no battery","V"
"07/08/2026","22:29:41","3","default","198787511","O3","571.005","min","177.133","µmol/L","Humid","21.338","deg","134728","µV","22.811","°C","1010.000","hPa","34.2","pmil","0","52.118","deg","21.808","°C","226.700","µmol/L","21.407","deg","20.891","°C","1012.000","hPa","0.861","-0.02056","0.00035","-0.00011","0","14.7","Humid","27.30","0","43.40","195689.43","SABD0002000012","AAV2.0.0.13","1.1.2.0","PSt7-10","000000-000","6/10/2026 14:47:13","0000-00","0","no battery","V"
"07/08/2026","22:30:11","3","default","198787511","O3","571.505","min","177.133","µmol/L","Humid","21.338","deg","134718","µV","22.811","°C","1010.000","hPa","34.2","pmil","0","52.118","deg","21.808","°C","226.700","µmol/L","21.407","deg","20.891","°C","1012.000","hPa","0.861","-0.02056","0.00035","-0.00011","0","14.7","Humid","27.30","0","43.40","195673.47","SABD0002000012","AAV2.0.0.13","1.1.2.0","PSt7-10","000000-000","6/10/2026 14:47:13","0000-00","0","no battery","V"
"07/08/2026","22:30:41","3","default","198787511","O3","572.005","min","177.068","µmol/L","Humid","21.342","deg","134733","µV","22.811","°C","1010.000","hPa","34.2","pmil","0","52.118","deg","21.808","°C","226.700","µmol/L","21.407","deg","20.891","°C","1012.000","hPa","0.861","-0.02056","0.00035","-0.00011","0","14.7","Humid","27.30","0","43.40","195685.45","SABD0002000012","AAV2.0.0.13","1.1.2.0","PSt7-10","000000-000","6/10/2026 14:47:13","0000-00","0","no battery","V"
"07/08/2026","22:31:11","3","default","198787511","O3","572.505","min","177.070","µmol/L","Humid","21.340","deg","134746","µV","22.818","°C","1010.000","hPa","34.2","pmil","0","52.118","deg","21.808","°C","226.700","µmol/L","21.407","deg","20.891","°C","1012.000","hPa","0.861","-0.02056","0.00035","-0.00011","0","14.7","Humid","27.30","0","43.40","195692.14","SABD0002000012","AAV2.0.0.13","1.1.2.0","PSt7-10","000000-000","6/10/2026 14:47:13","0000-00","0","no battery","V"
"07/08/2026","22:31:41","3","default","198787511","O3","573.005","min","177.131","µmol/L","Humid","21.340","deg","134742","µV","22.805","°C","1010.000","hPa","34.2","pmil","0","52.118","deg","21.808","°C","226.700","µmol/L","21.407","deg","20.891","°C","1012.000","hPa","0.861","-0.02056","0.00035","-0.00011","0","14.7","Humid","27.30","0","43.40","195693.93","SABD0002000012","AAV2.0.0.13","1.1.2.0","PSt7-10","000000-000","6/10/2026 14:47:13","0000-00","0","no battery","V"
"07/08/2026","22:32:11","3","default","198787511","O3","573.504","min","177.166","µmol/L","Humid","21.336","deg","134729","µV","22.811","°C","1010.000","hPa","34.2","pmil","0","52.118","deg","21.808","°C","226.700","µmol/L","21.407","deg","20.891","°C","1012.000","hPa","0.861","-0.02056","0.00035","-0.00011","0","14.7","Humid","27.30","0","43.40","195680.73","SABD0002000012","AAV2.0.0.13","1.1.2.0","PSt7-10","000000-000","6/10/2026 14:47:13","0000-00","0","no battery","V"
"07/08/2026","22:32:41","3","default","198787511","O3","574.004","min","177.119","µmol/L","Humid","21.337","deg","134731","µV","22.818","°C","1010.000","hPa","34.2","pmil","0","52.118","deg","21.808","°C","226.700","µmol/L","21.407","deg","20.891","°C","1012.000","hPa","0.861","-0.02056","0.00035","-0.00011","0","14.7","Humid","27.30","0","43.40","195675.28","SABD0002000012","AAV2.0.0.13","1.1.2.0","PSt7-10","000000-000","6/10/2026 14:47:13","0000-00","0","no battery","V"
"07/08/2026","22:33:11","3","default","198787511","O3","574.504","min","177.101","µmol/L","Humid","21.340","deg","134736","µV","22.811","°C","1010.000","hPa","34.2","pmil","0","52.118","deg","21.808","°C","226.700","µmol/L","21.407","deg","20.891","°C","1012.000","hPa","0.861","-0.02056","0.00035","-0.00011","0","14.7","Humid","27.30","0","43.40","195691.98","SABD0002000012","AAV2.0.0.13","1.1.2.0","PSt7-10","000000-000","6/10/2026 14:47:13","0000-00","0","no battery","V"
"07/08/2026","22:33:41","3","default","198787511","O3","575.004","min","177.072","µmol/L","Humid","21.338","deg","134731","µV","22.824","°C","1010.000","hPa","34.2","pmil","0","52.118","deg","21.808","°C","226.700","µmol/L","21.407","deg","20.891","°C","1012.000","hPa","0.861","-0.02056","0.00035","-0.00011","0","14.7","Humid","27.30","0","43.40","195686.88","SABD0002000012","AAV2.0.0.13","1.1.2.0","PSt7-10","000000-000","6/10/2026 14:47:13","0000-00","0","no battery","V"
"07/08/2026","22:34:11","3","default","198787511","O3","575.504","min","177.135","µmol/L","Humid","21.336","deg","134736","µV","22.818","°C","1010.000","hPa","34.2","pmil","0","52.118","deg","21.808","°C","226.700","µmol/L","21.407","deg","20.891","°C","1012.000","hPa","0.861","-0.02056","0.00035","-0.00011","0","14.7","Humid","27.30","0","43.40","195678.96","SABD0002000012","AAV2.0.0.13","1.1.2.0","PSt7-10","000000-000","6/10/2026 14:47:13","0000-00","0","no battery","V"
"07/08/2026","22:34:41","3","default","198787511","O3","576.004","min","177.168","µmol/L","Humid","21.334","deg","134729","µV","22.818","°C","1010.000","hPa","34.2","pmil","0","52.118","deg","21.808","°C","226.700","µmol/L","21.407","deg","20.891","°C","1012.000","hPa","0.861","-0.02056","0.00035","-0.00011","0","14.7","Humid","27.30","0","43.40","195688.27","SABD0002000012","AAV2.0.0.13","1.1.2.0","PSt7-10","000000-000","6/10/2026 14:47:13","0000-00","0","no battery","V"
"07/08/2026","22:35:11","3","default","198787511","O3","576.505","min","177.056","µmol/L","Humid","21.339","deg","134736","µV","22.824","°C","1010.000","hPa","34.2","pmil","0","52.118","deg","21.808","°C","226.700","µmol/L","21.407","deg","20.891","°C","1012.000","hPa","0.861","-0.02056","0.00035","-0.00011","0","14.7","Humid","27.30","0","43.40","195682.14","SABD0002000012","AAV2.0.0.13","1.1.2.0","PSt7-10","000000-000","6/10/2026 14:47:13","0000-00","0","no battery","V"
"07/08/2026","22:35:41","3","default","198787511","O3","577.005","min","177.056","µmol/L","Humid","21.339","deg","134729","µV","22.824","°C","1010.000","hPa","34.2","pmil","0","52.118","deg","21.808","°C","226.700","µmol/L","21.407","deg","20.891","°C","1012.000","hPa","0.861","-0.02056","0.00035","-0.00011","0","14.7","Humid","27.30","0","43.40","195681.73","SABD0002000012","AAV2.0.0.13","1.1.2.0","PSt7-10","000000-000","6/10/2026 14:47:13","0000-00","0","no battery","V"
"07/08/2026","22:36:11","3","default","198787511","O3","577.505","min","177.105","µmol/L","Humid","21.336","deg","134726","µV","22.824","°C","1010.000","hPa","34.2","pmil","0","52.118","deg","21.808","°C","226.700","µmol/L","21.407","deg","20.891","°C","1012.000","hPa","0.861","-0.02056","0.00035","-0.00011","0","14.7","Humid","27.30","0","43.40","195691.21","SABD0002000012","AAV2.0.0.13","1.1.2.0","PSt7-10","000000-000","6/10/2026 14:47:13","0000-00","0","no battery","V"
"07/08/2026","22:36:41","3","default","198787511","O3","578.005","min","177.105","µmol/L","Humid","21.336","deg","134730","µV","22.824","°C","1010.000","hPa","34.2","pmil","0","52.118","deg","21.808","°C","226.700","µmol/L","21.407","deg","20.891","°C","1012.000","hPa","0.861","-0.02056","0.00035","-0.00011","0","14.7","Humid","27.30","0","43.40","195688.51","SABD0002000012","AAV2.0.0.13","1.1.2.0","PSt7-10","000000-000","6/10/2026 14:47:13","0000-00","0","no battery","V"
"07/08/2026","22:37:11","3","default","198787511","O3","578.505","min","177.009","µmol/L","Humid","21.340","deg","134728","µV","22.830","°C","1010.000","hPa","34.2","pmil","0","52.118","deg","21.808","°C","226.700","µmol/L","21.407","deg","20.891","°C","1012.000","hPa","0.861","-0.02056","0.00035","-0.00011","0","14.7","Humid","27.30","0","43.40","195694.59","SABD0002000012","AAV2.0.0.13","1.1.2.0","PSt7-10","000000-000","6/10/2026 14:47:13","0000-00","0","no battery","V"
"07/08/2026","22:37:41","3","default","198787511","O3","579.005","min","177.023","µmol/L","Humid","21.341","deg","134728","µV","22.824","°C","1010.000","hPa","34.2","pmil","0","52.118","deg","21.808","°C","226.700","µmol/L","21.407","deg","20.891","°C","1012.000","hPa","0.861","-0.02056","0.00035","-0.00011","0","14.7","Humid","27.30","0","43.40","195693.19","SABD0002000012","AAV2.0.0.13","1.1.2.0","PSt7-10","000000-000","6/10/2026 14:47:13","0000-00","0","no battery","V"
"07/08/2026","22:38:11","3","default","198787511","O3","579.505","min","177.072","µmol/L","Humid","21.338","deg","134724","µV","22.824","°C","1010.000","hPa","34.2","pmil","0","52.118","deg","21.808","°C","226.700","µmol/L","21.407","deg","20.891","°C","1012.000","hPa","0.861","-0.02056","0.00035","-0.00011","0","14.7","Humid","27.30","0","43.40","195694.20","SABD0002000012","AAV2.0.0.13","1.1.2.0","PSt7-10","000000-000","6/10/2026 14:47:13","0000-00","0","no battery","V"
"07/08/2026","22:38:41","3","default","198787511","O3","580.005","min","177.056","µmol/L","Humid","21.339","deg","134724","µV","22.824","°C","1010.000","hPa","34.2","pmil","0","52.118","deg","21.808","°C","226.700","µmol/L","21.407","deg","20.891","°C","1012.000","hPa","0.861","-0.02056","0.00035","-0.00011","0","14.7","Humid","27.30","0","43.40","195689.56","SABD0002000012","AAV2.0.0.13","1.1.2.0","PSt7-10","000000-000","6/10/2026 14:47:13","0000-00","0","no battery","V"
"07/08/2026","22:39:11","3","default","198787511","O3","580.505","min","177.023","µmol/L","Humid","21.341","deg","134716","µV","22.824","°C","1010.000","hPa","34.2","pmil","0","52.118","deg","21.808","°C","226.700","µmol/L","21.407","deg","20.891","°C","1012.000","hPa","0.861","-0.02056","0.00035","-0.00011","0","14.7","Humid","27.30","0","43.40","195687.97","SABD0002000012","AAV2.0.0.13","1.1.2.0","PSt7-10","000000-000","6/10/2026 14:47:13","0000-00","0","no battery","V"
"07/08/2026","22:39:41","3","default","198787511","O3","581.005","min","177.107","µmol/L","Humid","21.334","deg","134723","µV","22.830","°C","1010.000","hPa","34.2","pmil","0","52.118","deg","21.808","°C","226.700","µmol/L","21.407","deg","20.891","°C","1012.000","hPa","0.861","-0.02056","0.00035","-0.00011","0","14.7","Humid","27.30","0","43.40","195697.77","SABD0002000012","AAV2.0.0.13","1.1.2.0","PSt7-10","000000-000","6/10/2026 14:47:13","0000-00","0","no battery","V"
"07/08/2026","22:40:11","3","default","198787511","O3","581.505","min","177.074","µmol/L","Humid","21.336","deg","134717","µV","22.830","°C","1010.000","hPa","34.2","pmil","0","52.118","deg","21.808","°C","226.700","µmol/L","21.407","deg","20.891","°C","1012.000","hPa","0.861","-0.02056","0.00035","-0.00011","0","14.7","Humid","27.30","0","43.40","195693.64","SABD0002000012","AAV2.0.0.13","1.1.2.0","PSt7-10","000000-000","6/10/2026 14:47:13","0000-00","0","no battery","V"
"07/08/2026","22:40:41","3","default","198787511","O3","582.005","min","177.088","µmol/L","Humid","21.337","deg","134722","µV","22.824","°C","1010.000","hPa","34.2","pmil","0","52.118","deg","21.808","°C","226.700","µmol/L","21.407","deg","20.891","°C","1012.000","hPa","0.861","-0.02056","0.00035","-0.00011","0","14.7","Humid","27.30","0","43.40","195689.96","SABD0002000012","AAV2.0.0.13","1.1.2.0","PSt7-10","000000-000","6/10/2026 14:47:13","0000-00","0","no battery","V"
"07/08/2026","22:41:11","3","default","198787511","O3","582.505","min","177.074","µmol/L","Humid","21.336","deg","134708","µV","22.830","°C","1010.000","hPa","34.2","pmil","0","52.118","deg","21.808","°C","226.700","µmol/L","21.407","deg","20.891","°C","1012.000","hPa","0.861","-0.02056","0.00035","-0.00011","0","14.7","Humid","27.30","0","43.40","195693.27","SABD0002000012","AAV2.0.0.13","1.1.2.0","PSt7-10","000000-000","6/10/2026 14:47:13","0000-00","0","no battery","V"
"07/08/2026","22:41:41","3","default","198787511","O3","583.005","min","177.041","µmol/L","Humid","21.338","deg","134722","µV","22.830","°C","1010.000","hPa","34.2","pmil","0","52.118","deg","21.808","°C","226.700","µmol/L","21.407","deg","20.891","°C","1012.000","hPa","0.861","-0.02056","0.00035","-0.00011","0","14.7","Humid","27.30","0","43.40","195687.45","SABD0002000012","AAV2.0.0.13","1.1.2.0","PSt7-10","000000-000","6/10/2026 14:47:13","0000-00","0","no battery","V"
"07/08/2026","22:42:11","3","default","198787511","O3","583.505","min","177.074","µmol/L","Humid","21.336","deg","134718","µV","22.830","°C","1010.000","hPa","34.2","pmil","0","52.118","deg","21.808","°C","226.700","µmol/L","21.407","deg","20.891","°C","1012.000","hPa","0.861","-0.02056","0.00035","-0.00011","0","14.7","Humid","27.30","0","43.40","195692.90","SABD0002000012","AAV2.0.0.13","1.1.2.0","PSt7-10","000000-000","6/10/2026 14:47:13","0000-00","0","no battery","V"
"07/08/2026","22:42:41","3","default","198787511","O3","584.005","min","177.058","µmol/L","Humid","21.337","deg","134719","µV","22.830","°C","1010.000","hPa","34.2","pmil","0","52.118","deg","21.808","°C","226.700","µmol/L","21.407","deg","20.891","°C","1012.000","hPa","0.861","-0.02056","0.00035","-0.00011","0","14.7","Humid","27.30","0","43.40","195705.64","SABD0002000012","AAV2.0.0.13","1.1.2.0","PSt7-10","000000-000","6/10/2026 14:47:13","0000-00","0","no battery","V"
"07/08/2026","22:43:11","3","default","198787511","O3","584.505","min","177.009","µmol/L","Humid","21.340","deg","134738","µV","22.830","°C","1010.000","hPa","34.2","pmil","0","52.118","deg","21.808","°C","226.700","µmol/L","21.407","deg","20.891","°C","1012.000","hPa","0.861","-0.02056","0.00035","-0.00011","0","14.7","Humid","27.30","0","43.40","195713.91","SABD0002000012","AAV2.0.0.13","1.1.2.0","PSt7-10","000000-000","6/10/2026 14:47:13","0000-00","0","no battery","V"
"07/08/2026","22:43:41","3","default","198787511","O3","585.005","min","177.107","µmol/L","Humid","21.334","deg","134721","µV","22.830","°C","1010.000","hPa","34.2","pmil","0","52.118","deg","21.808","°C","226.700","µmol/L","21.407","deg","20.891","°C","1012.000","hPa","0.861","-0.02056","0.00035","-0.00011","0","14.7","Humid","27.30","0","43.40","195712.33","SABD0002000012","AAV2.0.0.13","1.1.2.0","PSt7-10","000000-000","6/10/2026 14:47:13","0000-00","0","no battery","V"
"07/08/2026","22:44:11","3","default","198787511","O3","585.505","min","177.074","µmol/L","Humid","21.336","deg","134715","µV","22.830","°C","1010.000","hPa","34.2","pmil","0","52.118","deg","21.808","°C","226.700","µmol/L","21.407","deg","20.891","°C","1012.000","hPa","0.861","-0.02056","0.00035","-0.00011","0","14.7","Humid","27.30","0","43.40","195703.59","SABD0002000012","AAV2.0.0.13","1.1.2.0","PSt7-10","000000-000","6/10/2026 14:47:13","0000-00","0","no battery","V"
"07/08/2026","22:44:41","3","default","198787511","O3","586.005","min","177.013","µmol/L","Humid","21.336","deg","134726","µV","22.842","°C","1010.000","hPa","34.2","pmil","0","52.118","deg","21.808","°C","226.700","µmol/L","21.407","deg","20.891","°C","1012.000","hPa","0.861","-0.02056","0.00035","-0.00011","0","14.7","Humid","27.30","0","43.40","195703.32","SABD0002000012","AAV2.0.0.13","1.1.2.0","PSt7-10","000000-000","6/10/2026 14:47:13","0000-00","0","no battery","V"
"07/08/2026","22:45:11","3","default","198787511","O3","586.505","min","177.043","µmol/L","Humid","21.336","deg","134711","µV","22.836","°C","1010.000","hPa","34.2","pmil","0","52.118","deg","21.808","°C","226.700","µmol/L","21.407","deg","20.891","°C","1012.000","hPa","0.861","-0.02056","0.00035","-0.00011","0","14.7","Humid","27.30","0","43.40","195704.97","SABD0002000012","AAV2.0.0.13","1.1.2.0","PSt7-10","000000-000","6/10/2026 14:47:13","0000-00","0","no battery","V"
"07/08/2026","22:45:41","3","default","198787511","O3","587.004","min","176.964","µmol/L","Humid","21.339","deg","134713","µV","22.842","°C","1010.000","hPa","34.2","pmil","0","52.118","deg","21.808","°C","226.700","µmol/L","21.407","deg","20.891","°C","1012.000","hPa","0.861","-0.02056","0.00035","-0.00011","0","14.7","Humid","27.30","0","43.40","195708.08","SABD0002000012","AAV2.0.0.13","1.1.2.0","PSt7-10","000000-000","6/10/2026 14:47:13","0000-00","0","no battery","V"
"07/08/2026","22:46:11","3","default","198787511","O3","587.505","min","177.107","µmol/L","Humid","21.334","deg","134724","µV","22.830","°C","1010.000","hPa","34.2","pmil","0","52.118","deg","21.808","°C","226.700","µmol/L","21.407","deg","20.891","°C","1012.000","hPa","0.861","-0.02056","0.00035","-0.00011","0","14.7","Humid","27.30","0","43.40","195697.87","SABD0002000012","AAV2.0.0.13","1.1.2.0","PSt7-10","000000-000","6/10/2026 14:47:13","0000-00","0","no battery","V"
"07/08/2026","22:46:41","3","default","198787511","O3","588.004","min","177.043","µmol/L","Humid","21.336","deg","134720","µV","22.836","°C","1010.000","hPa","34.2","pmil","0","52.118","deg","21.808","°C","226.700","µmol/L","21.407","deg","20.891","°C","1012.000","hPa","0.861","-0.02056","0.00035","-0.00011","0","14.7","Humid","27.30","0","43.40","195697.53","SABD0002000012","AAV2.0.0.13","1.1.2.0","PSt7-10","000000-000","6/10/2026 14:47:13","0000-00","0","no battery","V"
"07/08/2026","22:47:11","3","default","198787511","O3","588.504","min","177.092","µmol/L","Humid","21.333","deg","134713","µV","22.836","°C","1010.000","hPa","34.2","pmil","0","52.118","deg","21.808","°C","226.700","µmol/L","21.407","deg","20.891","°C","1012.000","hPa","0.861","-0.02056","0.00035","-0.00011","0","14.7","Humid","27.30","0","43.40","195703.61","SABD0002000012","AAV2.0.0.13","1.1.2.0","PSt7-10","000000-000","6/10/2026 14:47:13","0000-00","0","no battery","V"
"07/08/2026","22:47:41","3","default","198787511","O3","589.005","min","176.997","µmol/L","Humid","21.337","deg","134717","µV","22.842","°C","1010.000","hPa","34.2","pmil","0","52.118","deg","21.808","°C","226.700","µmol/L","21.407","deg","20.891","°C","1012.000","hPa","0.861","-0.02056","0.00035","-0.00011","0","14.7","Humid","27.30","0","43.40","195694.92","SABD0002000012","AAV2.0.0.13","1.1.2.0","PSt7-10","000000-000","6/10/2026 14:47:13","0000-00","0","no battery","V"
"07/08/2026","22:48:11","3","default","198787511","O3","589.504","min","177.078","µmol/L","Humid","21.332","deg","134717","µV","22.842","°C","1010.000","hPa","34.2","pmil","0","52.118","deg","21.808","°C","226.700","µmol/L","21.407","deg","20.891","°C","1012.000","hPa","0.861","-0.02056","0.00035","-0.00011","0","14.7","Humid","27.30","0","43.40","195694.67","SABD0002000012","AAV2.0.0.13","1.1.2.0","PSt7-10","000000-000","6/10/2026 14:47:13","0000-00","0","no battery","V"
"07/08/2026","22:48:41","3","default","198787511","O3","590.005","min","177.031","µmol/L","Humid","21.333","deg","134722","µV","22.848","°C","1010.000","hPa","34.2","pmil","0","52.118","deg","21.808","°C","226.700","µmol/L","21.407","deg","20.891","°C","1012.000","hPa","0.861","-0.02056","0.00035","-0.00011","0","14.7","Humid","27.30","0","43.40","195692.88","SABD0002000012","AAV2.0.0.13","1.1.2.0","PSt7-10","000000-000","6/10/2026 14:47:13","0000-00","0","no battery","V"
"07/08/2026","22:49:11","3","default","198787511","O3","590.505","min","177.092","µmol/L","Humid","21.333","deg","134721","µV","22.836","°C","1010.000","hPa","34.2","pmil","0","52.118","deg","21.808","°C","226.700","µmol/L","21.407","deg","20.891","°C","1012.000","hPa","0.861","-0.02056","0.00035","-0.00011","0","14.7","Humid","27.30","0","43.40","195700.75","SABD0002000012","AAV2.0.0.13","1.1.2.0","PSt7-10","000000-000","6/10/2026 14:47:13","0000-00","0","no battery","V"
"07/08/2026","22:49:41","3","default","198787511","O3","591.004","min","177.062","µmol/L","Humid","21.333","deg","134722","µV","22.842","°C","1010.000","hPa","34.2","pmil","0","52.118","deg","21.808","°C","226.700","µmol/L","21.407","deg","20.891","°C","1012.000","hPa","0.861","-0.02056","0.00035","-0.00011","0","14.7","Humid","27.30","0","43.40","195691.47","SABD0002000012","AAV2.0.0.13","1.1.2.0","PSt7-10","000000-000","6/10/2026 14:47:13","0000-00","0","no battery","V"
"07/08/2026","22:50:11","3","default","198787511","O3","591.505","min","177.013","µmol/L","Humid","21.336","deg","134715","µV","22.842","°C","1010.000","hPa","34.2","pmil","0","52.118","deg","21.808","°C","226.700","µmol/L","21.407","deg","20.891","°C","1012.000","hPa","0.861","-0.02056","0.00035","-0.00011","0","14.7","Humid","27.30","0","43.40","195702.80","SABD0002000012","AAV2.0.0.13","1.1.2.0","PSt7-10","000000-000","6/10/2026 14:47:13","0000-00","0","no battery","V"
"07/08/2026","22:50:41","3","default","198787511","O3","592.004","min","177.029","µmol/L","Humid","21.335","deg","134720","µV","22.842","°C","1010.000","hPa","34.2","pmil","0","52.118","deg","21.808","°C","226.700","µmol/L","21.407","deg","20.891","°C","1012.000","hPa","0.861","-0.02056","0.00035","-0.00011","0","14.7","Humid","27.30","0","43.40","195696.48","SABD0002000012","AAV2.0.0.13","1.1.2.0","PSt7-10","000000-000","6/10/2026 14:47:13","0000-00","0","no battery","V"
"07/08/2026","22:51:11","3","default","198787511","O3","592.504","min","177.110","µmol/L","Humid","21.330","deg","134732","µV","22.842","°C","1010.000","hPa","34.2","pmil","0","52.118","deg","21.808","°C","226.700","µmol/L","21.407","deg","20.891","°C","1012.000","hPa","0.861","-0.02056","0.00035","-0.00011","0","14.7","Humid","27.30","0","43.40","195705.20","SABD0002000012","AAV2.0.0.13","1.1.2.0","PSt7-10","000000-000","6/10/2026 14:47:13","0000-00","0","no battery","V"
"07/08/2026","22:51:41","3","default","198787511","O3","593.005","min","177.043","µmol/L","Humid","21.336","deg","134729","µV","22.836","°C","1010.000","hPa","34.2","pmil","0","52.118","deg","21.808","°C","226.700","µmol/L","21.407","deg","20.891","°C","1012.000","hPa","0.861","-0.02056","0.00035","-0.00011","0","14.7","Humid","27.30","0","43.40","195706.18","SABD0002000012","AAV2.0.0.13","1.1.2.0","PSt7-10","000000-000","6/10/2026 14:47:13","0000-00","0","no battery","V"
"07/08/2026","22:52:11","3","default","198787511","O3","593.504","min","176.997","µmol/L","Humid","21.337","deg","134730","µV","22.842","°C","1010.000","hPa","34.2","pmil","0","52.118","deg","21.808","°C","226.700","µmol/L","21.407","deg","20.891","°C","1012.000","hPa","0.861","-0.02056","0.00035","-0.00011","0","14.7","Humid","27.30","0","43.40","195701.69","SABD0002000012","AAV2.0.0.13","1.1.2.0","PSt7-10","000000-000","6/10/2026 14:47:13","0000-00","0","no battery","V"
"07/08/2026","22:52:41","3","default","198787511","O3","594.005","min","177.045","µmol/L","Humid","21.334","deg","134733","µV","22.842","°C","1010.000","hPa","34.2","pmil","0","52.118","deg","21.808","°C","226.700","µmol/L","21.407","deg","20.891","°C","1012.000","hPa","0.861","-0.02056","0.00035","-0.00011","0","14.7","Humid","27.30","0","43.40","195695.26","SABD0002000012","AAV2.0.0.13","1.1.2.0","PSt7-10","000000-000","6/10/2026 14:47:13","0000-00","0","no battery","V"
"07/08/2026","22:53:11","3","default","198787511","O3","594.504","min","176.998","µmol/L","Humid","21.335","deg","134724","µV","22.848","°C","1010.000","hPa","34.2","pmil","0","52.118","deg","21.808","°C","226.700","µmol/L","21.407","deg","20.891","°C","1012.000","hPa","0.861","-0.02056","0.00035","-0.00011","0","14.7","Humid","27.30","0","43.40","195687.59","SABD0002000012","AAV2.0.0.13","1.1.2.0","PSt7-10","000000-000","6/10/2026 14:47:13","0000-00","0","no battery","V"
"07/08/2026","22:53:41","3","default","198787511","O3","595.004","min","177.031","µmol/L","Humid","21.333","deg","134724","µV","22.848","°C","1010.000","hPa","34.2","pmil","0","52.118","deg","21.808","°C","226.700","µmol/L","21.407","deg","20.891","°C","1012.000","hPa","0.861","-0.02056","0.00035","-0.00011","0","14.7","Humid","27.30","0","43.40","195702.86","SABD0002000012","AAV2.0.0.13","1.1.2.0","PSt7-10","000000-000","6/10/2026 14:47:13","0000-00","0","no battery","V"
"07/08/2026","22:54:11","3","default","198787511","O3","595.505","min","177.062","µmol/L","Humid","21.333","deg","134724","µV","22.842","°C","1010.000","hPa","34.2","pmil","0","52.118","deg","21.808","°C","226.700","µmol/L","21.407","deg","20.891","°C","1012.000","hPa","0.861","-0.02056","0.00035","-0.00011","0","14.7","Humid","27.30","0","43.40","195695.06","SABD0002000012","AAV2.0.0.13","1.1.2.0","PSt7-10","000000-000","6/10/2026 14:47:13","0000-00","0","no battery","V"
"07/08/2026","22:54:41","3","default","198787511","O3","596.004","min","177.031","µmol/L","Humid","21.333","deg","134717","µV","22.848","°C","1010.000","hPa","34.2","pmil","0","52.118","deg","21.808","°C","226.700","µmol/L","21.407","deg","20.891","°C","1012.000","hPa","0.861","-0.02056","0.00035","-0.00011","0","14.7","Humid","27.30","0","43.40","195700.70","SABD0002000012","AAV2.0.0.13","1.1.2.0","PSt7-10","000000-000","6/10/2026 14:47:13","0000-00","0","no battery","V"
"07/08/2026","22:55:11","3","default","198787511","O3","596.504","min","176.998","µmol/L","Humid","21.335","deg","134712","µV","22.848","°C","1010.000","hPa","34.2","pmil","0","52.118","deg","21.808","°C","226.700","µmol/L","21.407","deg","20.891","°C","1012.000","hPa","0.861","-0.02056","0.00035","-0.00011","0","14.7","Humid","27.30","0","43.40","195704.75","SABD0002000012","AAV2.0.0.13","1.1.2.0","PSt7-10","000000-000","6/10/2026 14:47:13","0000-00","0","no battery","V"
"07/08/2026","22:55:41","3","default","198787511","O3","597.005","min","177.017","µmol/L","Humid","21.332","deg","134722","µV","22.854","°C","1010.000","hPa","34.2","pmil","0","52.118","deg","21.808","°C","226.700","µmol/L","21.407","deg","20.891","°C","1012.000","hPa","0.861","-0.02056","0.00035","-0.00011","0","14.7","Humid","27.30","0","43.40","195710.96","SABD0002000012","AAV2.0.0.13","1.1.2.0","PSt7-10","000000-000","6/10/2026 14:47:13","0000-00","0","no battery","V"
"07/08/2026","22:56:11","3","default","198787511","O3","597.505","min","177.063","µmol/L","Humid","21.331","deg","134723","µV","22.848","°C","1010.000","hPa","34.2","pmil","0","52.118","deg","21.808","°C","226.700","µmol/L","21.407","deg","20.891","°C","1012.000","hPa","0.861","-0.02056","0.00035","-0.00011","0","14.7","Humid","27.30","0","43.40","195695.30","SABD0002000012","AAV2.0.0.13","1.1.2.0","PSt7-10","000000-000","6/10/2026 14:47:13","0000-00","0","no battery","V"
"07/08/2026","22:56:41","3","default","198787511","O3","598.004","min","177.031","µmol/L","Humid","21.333","deg","134727","µV","22.848","°C","1010.000","hPa","34.2","pmil","0","52.118","deg","21.808","°C","226.700","µmol/L","21.407","deg","20.891","°C","1012.000","hPa","0.861","-0.02056","0.00035","-0.00011","0","14.7","Humid","27.30","0","43.40","195703.82","SABD0002000012","AAV2.0.0.13","1.1.2.0","PSt7-10","000000-000","6/10/2026 14:47:13","0000-00","0","no battery","V"
"07/08/2026","22:57:11","3","default","198787511","O3","598.505","min","177.080","µmol/L","Humid","21.330","deg","134713","µV","22.848","°C","1010.000","hPa","34.2","pmil","0","52.118","deg","21.808","°C","226.700","µmol/L","21.407","deg","20.891","°C","1012.000","hPa","0.861","-0.02056","0.00035","-0.00011","0","14.7","Humid","27.30","0","43.40","195709.88","SABD0002000012","AAV2.0.0.13","1.1.2.0","PSt7-10","000000-000","6/10/2026 14:47:13","0000-00","0","no battery","V"
"07/08/2026","22:57:41","3","default","198787511","O3","599.004","min","177.062","µmol/L","Humid","21.333","deg","134723","µV","22.842","°C","1010.000","hPa","34.2","pmil","0","52.118","deg","21.808","°C","226.700","µmol/L","21.407","deg","20.891","°C","1012.000","hPa","0.861","-0.02056","0.00035","-0.00011","0","14.7","Humid","27.30","0","43.40","195691.21","SABD0002000012","AAV2.0.0.13","1.1.2.0","PSt7-10","000000-000","6/10/2026 14:47:13","0000-00","0","no battery","V"
"07/08/2026","22:58:11","3","default","198787511","O3","599.505","min","176.921","µmol/L","Humid","21.336","deg","134722","µV","22.860","°C","1010.000","hPa","34.2","pmil","0","52.118","deg","21.808","°C","226.700","µmol/L","21.407","deg","20.891","°C","1012.000","hPa","0.861","-0.02056","0.00035","-0.00011","0","14.7","Humid","27.30","0","43.40","195701.57","SABD0002000012","AAV2.0.0.13","1.1.2.0","PSt7-10","000000-000","6/10/2026 14:47:13","0000-00","0","no battery","V"
"07/08/2026","22:58:41","3","default","198787511","O3","600.005","min","176.935","µmol/L","Humid","21.337","deg","134724","µV","22.854","°C","1010.000","hPa","34.2","pmil","0","52.118","deg","21.808","°C","226.700","µmol/L","21.407","deg","20.891","°C","1012.000","hPa","0.861","-0.02056","0.00035","-0.00011","0","14.7","Humid","27.30","0","43.40","195698.45","SABD0002000012","AAV2.0.0.13","1.1.2.0","PSt7-10","000000-000","6/10/2026 14:47:13","0000-00","0","no battery","V"
"07/08/2026","22:59:11","3","default","198787511","O3","600.504","min","177.107","µmol/L","Humid","21.334","deg","134709","µV","22.830","°C","1010.000","hPa","34.2","pmil","0","52.118","deg","21.808","°C","226.700","µmol/L","21.407","deg","20.891","°C","1012.000","hPa","0.861","-0.02056","0.00035","-0.00011","0","14.7","Humid","27.30","0","43.40","195700.02","SABD0002000012","AAV2.0.0.13","1.1.2.0","PSt7-10","000000-000","6/10/2026 14:47:13","0000-00","0","no battery","V"
"07/08/2026","22:59:41","3","default","198787511","O3","601.005","min","177.220","µmol/L","Humid","21.327","deg","134665","µV","22.830","°C","1010.000","hPa","34.2","pmil","0","52.118","deg","21.808","°C","226.700","µmol/L","21.407","deg","20.891","°C","1012.000","hPa","0.861","-0.02056","0.00035","-0.00011","0","14.7","Humid","27.30","0","43.40","195697.09","SABD0002000012","AAV2.0.0.13","1.1.2.0","PSt7-10","000000-000","6/10/2026 14:47:13","0000-00","0","no battery","V"
"07/08/2026","23:00:11","3","default","198787511","O3","601.504","min","177.220","µmol/L","Humid","21.327","deg","134672","µV","22.830","°C","1010.000","hPa","34.2","pmil","0","52.118","deg","21.808","°C","226.700","µmol/L","21.407","deg","20.891","°C","1012.000","hPa","0.861","-0.02056","0.00035","-0.00011","0","14.7","Humid","27.30","0","43.40","195697.43","SABD0002000012","AAV2.0.0.13","1.1.2.0","PSt7-10","000000-000","6/10/2026 14:47:13","0000-00","0","no battery","V"
"07/08/2026","23:00:41","3","default","198787511","O3","602.004","min","177.204","µmol/L","Humid","21.328","deg","134652","µV","22.830","°C","1010.000","hPa","34.2","pmil","0","52.118","deg","21.808","°C","226.700","µmol/L","21.407","deg","20.891","°C","1012.000","hPa","0.861","-0.02056","0.00035","-0.00011","0","14.7","Humid","27.30","0","43.40","195690.69","SABD0002000012","AAV2.0.0.13","1.1.2.0","PSt7-10","000000-000","6/10/2026 14:47:13","0000-00","0","no battery","V"
"07/08/2026","23:01:11","3","default","198787511","O3","602.505","min","177.285","µmol/L","Humid","21.323","deg","134654","µV","22.830","°C","1010.000","hPa","34.2","pmil","0","52.118","deg","21.808","°C","226.700","µmol/L","21.407","deg","20.891","°C","1012.000","hPa","0.861","-0.02056","0.00035","-0.00011","0","14.7","Humid","27.30","0","43.40","195698.68","SABD0002000012","AAV2.0.0.13","1.1.2.0","PSt7-10","000000-000","6/10/2026 14:47:13","0000-00","0","no battery","V"
"07/08/2026","23:01:41","3","default","198787511","O3","603.005","min","177.235","µmol/L","Humid","21.328","deg","134652","µV","22.824","°C","1010.000","hPa","34.2","pmil","0","52.118","deg","21.808","°C","226.700","µmol/L","21.407","deg","20.891","°C","1012.000","hPa","0.861","-0.02056","0.00035","-0.00011","0","14.7","Humid","27.30","0","43.40","195692.82","SABD0002000012","AAV2.0.0.13","1.1.2.0","PSt7-10","000000-000","6/10/2026 14:47:13","0000-00","0","no battery","V"
"07/08/2026","23:02:11","3","default","198787511","O3","603.504","min","177.222","µmol/L","Humid","21.325","deg","134643","µV","22.836","°C","1010.000","hPa","34.2","pmil","0","52.118","deg","21.808","°C","226.700","µmol/L","21.407","deg","20.891","°C","1012.000","hPa","0.861","-0.02056","0.00035","-0.00011","0","14.7","Humid","27.30","0","43.40","195679.01","SABD0002000012","AAV2.0.0.13","1.1.2.0","PSt7-10","000000-000","6/10/2026 14:47:13","0000-00","0","no battery","V"
"07/08/2026","23:02:41","3","default","198787511","O3","604.004","min","177.251","µmol/L","Humid","21.327","deg","134644","µV","22.824","°C","1010.000","hPa","34.2","pmil","0","52.118","deg","21.808","°C","226.700","µmol/L","21.407","deg","20.891","°C","1012.000","hPa","0.861","-0.02056","0.00035","-0.00011","0","14.7","Humid","27.30","0","43.40","195679.94","SABD0002000012","AAV2.0.0.13","1.1.2.0","PSt7-10","000000-000","6/10/2026 14:47:13","0000-00","0","no battery","V"
"07/08/2026","23:03:11","3","default","198787511","O3","604.505","min","177.188","µmol/L","Humid","21.329","deg","134666","µV","22.830","°C","1010.000","hPa","34.2","pmil","0","52.118","deg","21.808","°C","226.700","µmol/L","21.407","deg","20.891","°C","1012.000","hPa","0.861","-0.02056","0.00035","-0.00011","0","14.7","Humid","27.30","0","43.40","195686.91","SABD0002000012","AAV2.0.0.13","1.1.2.0","PSt7-10","000000-000","6/10/2026 14:47:13","0000-00","0","no battery","V"
"07/08/2026","23:03:41","3","default","198787511","O3","605.005","min","177.157","µmol/L","Humid","21.329","deg","134656","µV","22.836","°C","1010.000","hPa","34.2","pmil","0","52.118","deg","21.808","°C","226.700","µmol/L","21.407","deg","20.891","°C","1012.000","hPa","0.861","-0.02056","0.00035","-0.00011","0","14.7","Humid","27.30","0","43.40","195674.65","SABD0002000012","AAV2.0.0.13","1.1.2.0","PSt7-10","000000-000","6/10/2026 14:47:13","0000-00","0","no battery","V"
"07/08/2026","23:04:11","3","default","198787511","O3","605.505","min","177.173","µmol/L","Humid","21.328","deg","134660","µV","22.836","°C","1010.000","hPa","34.2","pmil","0","52.118","deg","21.808","°C","226.700","µmol/L","21.407","deg","20.891","°C","1012.000","hPa","0.861","-0.02056","0.00035","-0.00011","0","14.7","Humid","27.30","0","43.40","195690.61","SABD0002000012","AAV2.0.0.13","1.1.2.0","PSt7-10","000000-000","6/10/2026 14:47:13","0000-00","0","no battery","V"
"07/08/2026","23:04:41","3","default","198787511","O3","606.005","min","177.139","µmol/L","Humid","21.332","deg","134675","µV","22.830","°C","1010.000","hPa","34.2","pmil","0","52.118","deg","21.808","°C","226.700","µmol/L","21.407","deg","20.891","°C","1012.000","hPa","0.861","-0.02056","0.00035","-0.00011","0","14.7","Humid","27.30","0","43.40","195689.78","SABD0002000012","AAV2.0.0.13","1.1.2.0","PSt7-10","000000-000","6/10/2026 14:47:13","0000-00","0","no battery","V"
"07/08/2026","23:05:11","3","default","198787511","O3","606.504","min","177.173","µmol/L","Humid","21.328","deg","134666","µV","22.836","°C","1010.000","hPa","34.2","pmil","0","52.118","deg","21.808","°C","226.700","µmol/L","21.407","deg","20.891","°C","1012.000","hPa","0.861","-0.02056","0.00035","-0.00011","0","14.7","Humid","27.30","0","43.40","195686.09","SABD0002000012","AAV2.0.0.13","1.1.2.0","PSt7-10","000000-000","6/10/2026 14:47:13","0000-00","0","no battery","V"
"07/08/2026","23:05:41","3","default","198787511","O3","607.005","min","177.155","µmol/L","Humid","21.331","deg","134668","µV","22.830","°C","1010.000","hPa","34.2","pmil","0","52.118","deg","21.808","°C","226.700","µmol/L","21.407","deg","20.891","°C","1012.000","hPa","0.861","-0.02056","0.00035","-0.00011","0","14.7","Humid","27.30","0","43.40","195685.47","SABD0002000012","AAV2.0.0.13","1.1.2.0","PSt7-10","000000-000","6/10/2026 14:47:13","0000-00","0","no battery","V"
"07/08/2026","23:06:11","3","default","198787511","O3","607.505","min","177.173","µmol/L","Humid","21.328","deg","134668","µV","22.836","°C","1010.000","hPa","34.2","pmil","0","52.118","deg","21.808","°C","226.700","µmol/L","21.407","deg","20.891","°C","1012.000","hPa","0.861","-0.02056","0.00035","-0.00011","0","14.7","Humid","27.30","0","43.40","195674.41","SABD0002000012","AAV2.0.0.13","1.1.2.0","PSt7-10","000000-000","6/10/2026 14:47:13","0000-00","0","no battery","V"
"07/08/2026","23:06:41","3","default","198787511","O3","608.004","min","177.143","µmol/L","Humid","21.328","deg","134689","µV","22.842","°C","1010.000","hPa","34.2","pmil","0","52.118","deg","21.808","°C","226.700","µmol/L","21.407","deg","20.891","°C","1012.000","hPa","0.861","-0.02056","0.00035","-0.00011","0","14.7","Humid","27.30","0","43.40","195682.38","SABD0002000012","AAV2.0.0.13","1.1.2.0","PSt7-10","000000-000","6/10/2026 14:47:13","0000-00","0","no battery","V"
"07/08/2026","23:07:11","3","default","198787511","O3","608.505","min","177.078","µmol/L","Humid","21.332","deg","134690","µV","22.842","°C","1010.000","hPa","34.2","pmil","0","52.118","deg","21.808","°C","226.700","µmol/L","21.407","deg","20.891","°C","1012.000","hPa","0.861","-0.02056","0.00035","-0.00011","0","14.7","Humid","27.30","0","43.40","195687.41","SABD0002000012","AAV2.0.0.13","1.1.2.0","PSt7-10","000000-000","6/10/2026 14:47:13","0000-00","0","no battery","V"
"07/08/2026","23:07:41","3","default","198787511","O3","609.005","min","177.125","µmol/L","Humid","21.331","deg","134680","µV","22.836","°C","1010.000","hPa","34.2","pmil","0","52.118","deg","21.808","°C","226.700","µmol/L","21.407","deg","20.891","°C","1012.000","hPa","0.861","-0.02056","0.00035","-0.00011","0","14.7","Humid","27.30","0","43.40","195686.96","SABD0002000012","AAV2.0.0.13","1.1.2.0","PSt7-10","000000-000","6/10/2026 14:47:13","0000-00","0","no battery","V"
"07/08/2026","23:08:11","3","default","198787511","O3","609.504","min","177.206","µmol/L","Humid","21.326","deg","134658","µV","22.836","°C","1010.000","hPa","34.2","pmil","0","52.118","deg","21.808","°C","226.700","µmol/L","21.407","deg","20.891","°C","1012.000","hPa","0.861","-0.02056","0.00035","-0.00011","0","14.7","Humid","27.30","0","43.40","195692.04","SABD0002000012","AAV2.0.0.13","1.1.2.0","PSt7-10","000000-000","6/10/2026 14:47:13","0000-00","0","no battery","V"
"07/08/2026","23:08:41","3","default","198787511","O3","610.005","min","177.239","µmol/L","Humid","21.324","deg","134656","µV","22.836","°C","1010.000","hPa","34.2","pmil","0","52.118","deg","21.808","°C","226.700","µmol/L","21.407","deg","20.891","°C","1012.000","hPa","0.861","-0.02056","0.00035","-0.00011","0","14.7","Humid","27.30","0","43.40","195686.92","SABD0002000012","AAV2.0.0.13","1.1.2.0","PSt7-10","000000-000","6/10/2026 14:47:13","0000-00","0","no battery","V"
"07/08/2026","23:09:11","3","default","198787511","O3","610.504","min","177.110","µmol/L","Humid","21.330","deg","134681","µV","22.842","°C","1010.000","hPa","34.2","pmil","0","52.118","deg","21.808","°C","226.700","µmol/L","21.407","deg","20.891","°C","1012.000","hPa","0.861","-0.02056","0.00035","-0.00011","0","14.7","Humid","27.30","0","43.40","195690.53","SABD0002000012","AAV2.0.0.13","1.1.2.0","PSt7-10","000000-000","6/10/2026 14:47:13","0000-00","0","no battery","V"
"07/08/2026","23:09:41","3","default","198787511","O3","611.005","min","177.063","µmol/L","Humid","21.331","deg","134684","µV","22.848","°C","1010.000","hPa","34.2","pmil","0","52.118","deg","21.808","°C","226.700","µmol/L","21.407","deg","20.891","°C","1012.000","hPa","0.861","-0.02056","0.00035","-0.00011","0","14.7","Humid","27.30","0","43.40","195691.88","SABD0002000012","AAV2.0.0.13","1.1.2.0","PSt7-10","000000-000","6/10/2026 14:47:13","0000-00","0","no battery","V"
"07/08/2026","23:10:11","3","default","198787511","O3","611.505","min","177.141","µmol/L","Humid","21.330","deg","134681","µV","22.836","°C","1010.000","hPa","34.2","pmil","0","52.118","deg","21.808","°C","226.700","µmol/L","21.407","deg","20.891","°C","1012.000","hPa","0.861","-0.02056","0.00035","-0.00011","0","14.7","Humid","27.30","0","43.40","195682.22","SABD0002000012","AAV2.0.0.13","1.1.2.0","PSt7-10","000000-000","6/10/2026 14:47:13","0000-00","0","no battery","V"
"07/08/2026","23:10:41","3","default","198787511","O3","612.004","min","177.141","µmol/L","Humid","21.330","deg","134684","µV","22.836","°C","1010.000","hPa","34.2","pmil","0","52.118","deg","21.808","°C","226.700","µmol/L","21.407","deg","20.891","°C","1012.000","hPa","0.861","-0.02056","0.00035","-0.00011","0","14.7","Humid","27.30","0","43.40","195682.51","SABD0002000012","AAV2.0.0.13","1.1.2.0","PSt7-10","000000-000","6/10/2026 14:47:13","0000-00","0","no battery","V"
"07/08/2026","23:11:11","3","default","198787511","O3","612.505","min","177.063","µmol/L","Humid","21.331","deg","134687","µV","22.848","°C","1010.000","hPa","34.2","pmil","0","52.118","deg","21.808","°C","226.700","µmol/L","21.407","deg","20.891","°C","1012.000","hPa","0.861","-0.02056","0.00035","-0.00011","0","14.7","Humid","27.30","0","43.40","195677.59","SABD0002000012","AAV2.0.0.13","1.1.2.0","PSt7-10","000000-000","6/10/2026 14:47:13","0000-00","0","no battery","V"
"07/08/2026","23:11:41","3","default","198787511","O3","613.005","min","177.094","µmol/L","Humid","21.331","deg","134673","µV","22.842","°C","1010.000","hPa","34.2","pmil","0","52.118","deg","21.808","°C","226.700","µmol/L","21.407","deg","20.891","°C","1012.000","hPa","0.861","-0.02056","0.00035","-0.00011","0","14.7","Humid","27.30","0","43.40","195681.03","SABD0002000012","AAV2.0.0.13","1.1.2.0","PSt7-10","000000-000","6/10/2026 14:47:13","0000-00","0","no battery","V"
"07/08/2026","23:12:11","3","default","198787511","O3","613.504","min","177.224","µmol/L","Humid","21.323","deg","134622","µV","22.842","°C","1010.000","hPa","34.2","pmil","0","52.118","deg","21.808","°C","226.700","µmol/L","21.407","deg","20.891","°C","1012.000","hPa","0.861","-0.02056","0.00035","-0.00011","0","14.7","Humid","27.30","0","43.40","195683.02","SABD0002000012","AAV2.0.0.13","1.1.2.0","PSt7-10","000000-000","6/10/2026 14:47:13","0000-00","0","no battery","V"
"07/08/2026","23:12:41","3","default","198787511","O3","614.005","min","177.304","µmol/L","Humid","21.320","deg","134620","µV","22.836","°C","1010.000","hPa","34.2","pmil","0","52.118","deg","21.808","°C","226.700","µmol/L","21.407","deg","20.891","°C","1012.000","hPa","0.861","-0.02056","0.00035","-0.00011","0","14.7","Humid","27.30","0","43.40","195683.01","SABD0002000012","AAV2.0.0.13","1.1.2.0","PSt7-10","000000-000","6/10/2026 14:47:13","0000-00","0","no battery","V"
"07/08/2026","23:13:11","3","default","198787511","O3","614.505","min","177.033","µmol/L","Humid","21.331","deg","134656","µV","22.854","°C","1010.000","hPa","34.2","pmil","0","52.118","deg","21.808","°C","226.700","µmol/L","21.407","deg","20.891","°C","1012.000","hPa","0.861","-0.02056","0.00035","-0.00011","0","14.7","Humid","27.30","0","43.40","195674.71","SABD0002000012","AAV2.0.0.13","1.1.2.0","PSt7-10","000000-000","6/10/2026 14:47:13","0000-00","0","no battery","V"
"07/08/2026","23:13:41","3","default","198787511","O3","615.004","min","177.031","µmol/L","Humid","21.333","deg","134687","µV","22.848","°C","1010.000","hPa","34.2","pmil","0","52.118","deg","21.808","°C","226.700","µmol/L","21.407","deg","20.891","°C","1012.000","hPa","0.861","-0.02056","0.00035","-0.00011","0","14.7","Humid","27.30","0","43.40","195674.35","SABD0002000012","AAV2.0.0.13","1.1.2.0","PSt7-10","000000-000","6/10/2026 14:47:13","0000-00","0","no battery","V"
"07/08/2026","23:14:11","3","default","198787511","O3","615.505","min","177.047","µmol/L","Humid","21.332","deg","134688","µV","22.848","°C","1010.000","hPa","34.2","pmil","0","52.118","deg","21.808","°C","226.700","µmol/L","21.407","deg","20.891","°C","1012.000","hPa","0.861","-0.02056","0.00035","-0.00011","0","14.7","Humid","27.30","0","43.40","195672.55","SABD0002000012","AAV2.0.0.13","1.1.2.0","PSt7-10","000000-000","6/10/2026 14:47:13","0000-00","0","no battery","V"
"07/08/2026","23:14:41","3","default","198787511","O3","616.004","min","177.080","µmol/L","Humid","21.330","deg","134681","µV","22.848","°C","1010.000","hPa","34.2","pmil","0","52.118","deg","21.808","°C","226.700","µmol/L","21.407","deg","20.891","°C","1012.000","hPa","0.861","-0.02056","0.00035","-0.00011","0","14.7","Humid","27.30","0","43.40","195673.55","SABD0002000012","AAV2.0.0.13","1.1.2.0","PSt7-10","000000-000","6/10/2026 14:47:13","0000-00","0","no battery","V"
"07/08/2026","23:15:11","3","default","198787511","O3","616.504","min","177.045","µmol/L","Humid","21.334","deg","134676","µV","22.842","°C","1010.000","hPa","34.2","pmil","0","52.118","deg","21.808","°C","226.700","µmol/L","21.407","deg","20.891","°C","1012.000","hPa","0.861","-0.02056","0.00035","-0.00011","0","14.7","Humid","27.30","0","43.40","195683.17","SABD0002000012","AAV2.0.0.13","1.1.2.0","PSt7-10","000000-000","6/10/2026 14:47:13","0000-00","0","no battery","V"
"07/08/2026","23:15:41","3","default","198787511","O3","617.005","min","177.063","µmol/L","Humid","21.331","deg","134677","µV","22.848","°C","1010.000","hPa","34.2","pmil","0","52.118","deg","21.808","°C","226.700","µmol/L","21.407","deg","20.891","°C","1012.000","hPa","0.861","-0.02056","0.00035","-0.00011","0","14.7","Humid","27.30","0","43.40","195674.13","SABD0002000012","AAV2.0.0.13","1.1.2.0","PSt7-10","000000-000","6/10/2026 14:47:13","0000-00","0","no battery","V"
"07/08/2026","23:16:11","3","default","198787511","O3","617.505","min","177.029","µmol/L","Humid","21.335","deg","134690","µV","22.842","°C","1010.000","hPa","34.2","pmil","0","52.118","deg","21.808","°C","226.700","µmol/L","21.407","deg","20.891","°C","1012.000","hPa","0.861","-0.02056","0.00035","-0.00011","0","14.7","Humid","27.30","0","43.40","195679.94","SABD0002000012","AAV2.0.0.13","1.1.2.0","PSt7-10","000000-000","6/10/2026 14:47:13","0000-00","0","no battery","V"
"07/08/2026","23:16:41","3","default","198787511","O3","618.004","min","177.096","µmol/L","Humid","21.329","deg","134666","µV","22.848","°C","1010.000","hPa","34.2","pmil","0","52.118","deg","21.808","°C","226.700","µmol/L","21.407","deg","20.891","°C","1012.000","hPa","0.861","-0.02056","0.00035","-0.00011","0","14.7","Humid","27.30","0","43.40","195688.17","SABD0002000012","AAV2.0.0.13","1.1.2.0","PSt7-10","000000-000","6/10/2026 14:47:13","0000-00","0","no battery","V"
"07/08/2026","23:17:11","3","default","198787511","O3","618.504","min","177.110","µmol/L","Humid","21.330","deg","134684","µV","22.842","°C","1010.000","hPa","34.2","pmil","0","52.118","deg","21.808","°C","226.700","µmol/L","21.407","deg","20.891","°C","1012.000","hPa","0.861","-0.02056","0.00035","-0.00011","0","14.7","Humid","27.30","0","43.40","195684.61","SABD0002000012","AAV2.0.0.13","1.1.2.0","PSt7-10","000000-000","6/10/2026 14:47:13","0000-00","0","no battery","V"
"07/08/2026","23:17:41","3","default","198787511","O3","619.005","min","177.031","µmol/L","Humid","21.333","deg","134678","µV","22.848","°C","1010.000","hPa","34.2","pmil","0","52.118","deg","21.808","°C","226.700","µmol/L","21.407","deg","20.891","°C","1012.000","hPa","0.861","-0.02056","0.00035","-0.00011","0","14.7","Humid","27.30","0","43.40","195680.60","SABD0002000012","AAV2.0.0.13","1.1.2.0","PSt7-10","000000-000","6/10/2026 14:47:13","0000-00","0","no battery","V"
"07/08/2026","23:18:11","3","default","198787511","O3","619.504","min","177.033","µmol/L","Humid","21.331","deg","134688","µV","22.854","°C","1010.000","hPa","34.2","pmil","0","52.118","deg","21.808","°C","226.700","µmol/L","21.407","deg","20.891","°C","1012.000","hPa","0.861","-0.02056","0.00035","-0.00011","0","14.7","Humid","27.30","0","43.40","195693.55","SABD0002000012","AAV2.0.0.13","1.1.2.0","PSt7-10","000000-000","6/10/2026 14:47:13","0000-00","0","no battery","V"
"07/08/2026","23:18:41","3","default","198787511","O3","620.005","min","177.143","µmol/L","Humid","21.328","deg","134683","µV","22.842","°C","1010.000","hPa","34.2","pmil","0","52.118","deg","21.808","°C","226.700","µmol/L","21.407","deg","20.891","°C","1012.000","hPa","0.861","-0.02056","0.00035","-0.00011","0","14.7","Humid","27.30","0","43.40","195690.09","SABD0002000012","AAV2.0.0.13","1.1.2.0","PSt7-10","000000-000","6/10/2026 14:47:13","0000-00","0","no battery","V"
"07/08/2026","23:19:11","3","default","198787511","O3","620.505","min","177.082","µmol/L","Humid","21.328","deg","134678","µV","22.854","°C","1010.000","hPa","34.2","pmil","0","52.118","deg","21.808","°C","226.700","µmol/L","21.407","deg","20.891","°C","1012.000","hPa","0.861","-0.02056","0.00035","-0.00011","0","14.7","Humid","27.30","0","43.40","195689.22","SABD0002000012","AAV2.0.0.13","1.1.2.0","PSt7-10","000000-000","6/10/2026 14:47:13","0000-00","0","no battery","V"
"07/08/2026","23:19:41","3","default","198787511","O3","621.004","min","177.031","µmol/L","Humid","21.333","deg","134682","µV","22.848","°C","1010.000","hPa","34.2","pmil","0","52.118","deg","21.808","°C","226.700","µmol/L","21.407","deg","20.891","°C","1012.000","hPa","0.861","-0.02056","0.00035","-0.00011","0","14.7","Humid","27.30","0","43.40","195691.58","SABD0002000012","AAV2.0.0.13","1.1.2.0","PSt7-10","000000-000","6/10/2026 14:47:13","0000-00","0","no battery","V"
"07/08/2026","23:20:11","3","default","198787511","O3","621.505","min","177.096","µmol/L","Humid","21.329","deg","134688","µV","22.848","°C","1010.000","hPa","34.2","pmil","0","52.118","deg","21.808","°C","226.700","µmol/L","21.407","deg","20.891","°C","1012.000","hPa","0.861","-0.02056","0.00035","-0.00011","0","14.7","Humid","27.30","0","43.40","195688.53","SABD0002000012","AAV2.0.0.13","1.1.2.0","PSt7-10","000000-000","6/10/2026 14:47:13","0000-00","0","no battery","V"
"07/08/2026","23:20:41","3","default","198787511","O3","622.005","min","177.017","µmol/L","Humid","21.332","deg","134671","µV","22.854","°C","1010.000","hPa","34.2","pmil","0","52.118","deg","21.808","°C","226.700","µmol/L","21.407","deg","20.891","°C","1012.000","hPa","0.861","-0.02056","0.00035","-0.00011","0","14.7","Humid","27.30","0","43.40","195688.30","SABD0002000012","AAV2.0.0.13","1.1.2.0","PSt7-10","000000-000","6/10/2026 14:47:13","0000-00","0","no battery","V"
"07/08/2026","23:21:11","3","default","198787511","O3","622.504","min","177.000","µmol/L","Humid","21.333","deg","134692","µV","22.854","°C","1010.000","hPa","34.2","pmil","0","52.118","deg","21.808","°C","226.700","µmol/L","21.407","deg","20.891","°C","1012.000","hPa","0.861","-0.02056","0.00035","-0.00011","0","14.7","Humid","27.30","0","43.40","195687.54","SABD0002000012","AAV2.0.0.13","1.1.2.0","PSt7-10","000000-000","6/10/2026 14:47:13","0000-00","0","no battery","V"
"07/08/2026","23:21:41","3","default","198787511","O3","623.004","min","176.986","µmol/L","Humid","21.332","deg","134684","µV","22.860","°C","1010.000","hPa","34.2","pmil","0","52.118","deg","21.808","°C","226.700","µmol/L","21.407","deg","20.891","°C","1012.000","hPa","0.861","-0.02056","0.00035","-0.00011","0","14.7","Humid","27.30","0","43.40","195688.31","SABD0002000012","AAV2.0.0.13","1.1.2.0","PSt7-10","000000-000","6/10/2026 14:47:13","0000-00","0","no battery","V"
"07/08/2026","23:22:11","3","default","198787511","O3","623.505","min","177.098","µmol/L","Humid","21.327","deg","134665","µV","22.854","°C","1010.000","hPa","34.2","pmil","0","52.118","deg","21.808","°C","226.700","µmol/L","21.407","deg","20.891","°C","1012.000","hPa","0.861","-0.02056","0.00035","-0.00011","0","14.7","Humid","27.30","0","43.40","195684.76","SABD0002000012","AAV2.0.0.13","1.1.2.0","PSt7-10","000000-000","6/10/2026 14:47:13","0000-00","0","no battery","V"
"07/08/2026","23:22:41","3","default","198787511","O3","624.004","min","177.031","µmol/L","Humid","21.333","deg","134688","µV","22.848","°C","1010.000","hPa","34.2","pmil","0","52.118","deg","21.808","°C","226.700","µmol/L","21.407","deg","20.891","°C","1012.000","hPa","0.861","-0.02056","0.00035","-0.00011","0","14.7","Humid","27.30","0","43.40","195683.04","SABD0002000012","AAV2.0.0.13","1.1.2.0","PSt7-10","000000-000","6/10/2026 14:47:13","0000-00","0","no battery","V"
"07/08/2026","23:23:11","3","default","198787511","O3","624.504","min","177.047","µmol/L","Humid","21.332","deg","134691","µV","22.848","°C","1010.000","hPa","34.2","pmil","0","52.118","deg","21.808","°C","226.700","µmol/L","21.407","deg","20.891","°C","1012.000","hPa","0.861","-0.02056","0.00035","-0.00011","0","14.7","Humid","27.30","0","43.40","195688.43","SABD0002000012","AAV2.0.0.13","1.1.2.0","PSt7-10","000000-000","6/10/2026 14:47:13","0000-00","0","no battery","V"
"07/08/2026","23:23:41","3","default","198787511","O3","625.005","min","176.968","µmol/L","Humid","21.335","deg","134698","µV","22.854","°C","1010.000","hPa","34.2","pmil","0","52.118","deg","21.808","°C","226.700","µmol/L","21.407","deg","20.891","°C","1012.000","hPa","0.861","-0.02056","0.00035","-0.00011","0","14.7","Humid","27.30","0","43.40","195691.01","SABD0002000012","AAV2.0.0.13","1.1.2.0","PSt7-10","000000-000","6/10/2026 14:47:13","0000-00","0","no battery","V"
"07/08/2026","23:24:11","3","default","198787511","O3","625.504","min","177.033","µmol/L","Humid","21.331","deg","134701","µV","22.854","°C","1010.000","hPa","34.2","pmil","0","52.118","deg","21.808","°C","226.700","µmol/L","21.407","deg","20.891","°C","1012.000","hPa","0.861","-0.02056","0.00035","-0.00011","0","14.7","Humid","27.30","0","43.40","195678.94","SABD0002000012","AAV2.0.0.13","1.1.2.0","PSt7-10","000000-000","6/10/2026 14:47:13","0000-00","0","no battery","V"
"07/08/2026","23:24:41","3","default","198787511","O3","626.005","min","176.984","µmol/L","Humid","21.334","deg","134706","µV","22.854","°C","1010.000","hPa","34.2","pmil","0","52.118","deg","21.808","°C","226.700","µmol/L","21.407","deg","20.891","°C","1012.000","hPa","0.861","-0.02056","0.00035","-0.00011","0","14.7","Humid","27.30","0","43.40","195676.50","SABD0002000012","AAV2.0.0.13","1.1.2.0","PSt7-10","000000-000","6/10/2026 14:47:13","0000-00","0","no battery","V"
"07/08/2026","23:25:11","3","default","198787511","O3","626.505","min","177.049","µmol/L","Humid","21.330","deg","134689","µV","22.854","°C","1010.000","hPa","34.2","pmil","0","52.118","deg","21.808","°C","226.700","µmol/L","21.407","deg","20.891","°C","1012.000","hPa","0.861","-0.02056","0.00035","-0.00011","0","14.7","Humid","27.30","0","43.40","195679.48","SABD0002000012","AAV2.0.0.13","1.1.2.0","PSt7-10","000000-000","6/10/2026 14:47:13","0000-00","0","no battery","V"
"07/08/2026","23:25:41","3","default","198787511","O3","627.004","min","176.982","µmol/L","Humid","21.336","deg","134698","µV","22.848","°C","1010.000","hPa","34.2","pmil","0","52.118","deg","21.808","°C","226.700","µmol/L","21.407","deg","20.891","°C","1012.000","hPa","0.861","-0.02056","0.00035","-0.00011","0","14.7","Humid","27.30","0","43.40","195697.64","SABD0002000012","AAV2.0.0.13","1.1.2.0","PSt7-10","000000-000","6/10/2026 14:47:13","0000-00","0","no battery","V"
"07/08/2026","23:26:11","3","default","198787511","O3","627.505","min","177.112","µmol/L","Humid","21.328","deg","134681","µV","22.848","°C","1010.000","hPa","34.2","pmil","0","52.118","deg","21.808","°C","226.700","µmol/L","21.407","deg","20.891","°C","1012.000","hPa","0.861","-0.02056","0.00035","-0.00011","0","14.7","Humid","27.30","0","43.40","195682.09","SABD0002000012","AAV2.0.0.13","1.1.2.0","PSt7-10","000000-000","6/10/2026 14:47:13","0000-00","0","no battery","V"
"07/08/2026","23:26:41","3","default","198787511","O3","628.005","min","177.017","µmol/L","Humid","21.332","deg","134680","µV","22.854","°C","1010.000","hPa","34.2","pmil","0","52.118","deg","21.808","°C","226.700","µmol/L","21.407","deg","20.891","°C","1012.000","hPa","0.861","-0.02056","0.00035","-0.00011","0","14.7","Humid","27.30","0","43.40","195685.37","SABD0002000012","AAV2.0.0.13","1.1.2.0","PSt7-10","000000-000","6/10/2026 14:47:13","0000-00","0","no battery","V"
"07/08/2026","23:27:11","3","default","198787511","O3","628.504","min","177.000","µmol/L","Humid","21.333","deg","134691","µV","22.854","°C","1010.000","hPa","34.2","pmil","0","52.118","deg","21.808","°C","226.700","µmol/L","21.407","deg","20.891","°C","1012.000","hPa","0.861","-0.02056","0.00035","-0.00011","0","14.7","Humid","27.30","0","43.40","195696.53","SABD0002000012","AAV2.0.0.13","1.1.2.0","PSt7-10","000000-000","6/10/2026 14:47:13","0000-00","0","no battery","V"
"07/08/2026","23:27:41","3","default","198787511","O3","629.005","min","177.112","µmol/L","Humid","21.328","deg","134687","µV","22.848","°C","1010.000","hPa","34.2","pmil","0","52.118","deg","21.808","°C","226.700","µmol/L","21.407","deg","20.891","°C","1012.000","hPa","0.861","-0.02056","0.00035","-0.00011","0","14.7","Humid","27.30","0","43.40","195698.20","SABD0002000012","AAV2.0.0.13","1.1.2.0","PSt7-10","000000-000","6/10/2026 14:47:13","0000-00","0","no battery","V"
"07/08/2026","23:28:11","3","default","198787511","O3","629.505","min","176.970","µmol/L","Humid","21.333","deg","134689","µV","22.860","°C","1010.000","hPa","34.2","pmil","0","52.118","deg","21.808","°C","226.700","µmol/L","21.407","deg","20.891","°C","1012.000","hPa","0.861","-0.02056","0.00035","-0.00011","0","14.7","Humid","27.30","0","43.40","195699.70","SABD0002000012","AAV2.0.0.13","1.1.2.0","PSt7-10","000000-000","6/10/2026 14:47:13","0000-00","0","no battery","V"
"07/08/2026","23:28:41","3","default","198787511","O3","630.005","min","177.015","µmol/L","Humid","21.334","deg","134682","µV","22.848","°C","1010.000","hPa","34.2","pmil","0","52.118","deg","21.808","°C","226.700","µmol/L","21.407","deg","20.891","°C","1012.000","hPa","0.861","-0.02056","0.00035","-0.00011","0","14.7","Humid","27.30","0","43.40","195692.74","SABD0002000012","AAV2.0.0.13","1.1.2.0","PSt7-10","000000-000","6/10/2026 14:47:13","0000-00","0","no battery","V"
"07/08/2026","23:29:11","3","default","198787511","O3","630.504","min","176.968","µmol/L","Humid","21.335","deg","134677","µV","22.854","°C","1010.000","hPa","34.2","pmil","0","52.118","deg","21.808","°C","226.700","µmol/L","21.407","deg","20.891","°C","1012.000","hPa","0.861","-0.02056","0.00035","-0.00011","0","14.7","Humid","27.30","0","43.40","195683.74","SABD0002000012","AAV2.0.0.13","1.1.2.0","PSt7-10","000000-000","6/10/2026 14:47:13","0000-00","0","no battery","V"
"07/08/2026","23:29:41","3","default","198787511","O3","631.005","min","177.019","µmol/L","Humid","21.330","deg","134668","µV","22.860","°C","1010.000","hPa","34.2","pmil","0","52.118","deg","21.808","°C","226.700","µmol/L","21.407","deg","20.891","°C","1012.000","hPa","0.861","-0.02056","0.00035","-0.00011","0","14.7","Humid","27.30","0","43.40","195701.89","SABD0002000012","AAV2.0.0.13","1.1.2.0","PSt7-10","000000-000","6/10/2026 14:47:13","0000-00","0","no battery","V"
"07/08/2026","23:30:11","3","default","198787511","O3","631.505","min","177.112","µmol/L","Humid","21.328","deg","134661","µV","22.848","°C","1010.000","hPa","34.2","pmil","0","52.118","deg","21.808","°C","226.700","µmol/L","21.407","deg","20.891","°C","1012.000","hPa","0.861","-0.02056","0.00035","-0.00011","0","14.7","Humid","27.30","0","43.40","195693.39","SABD0002000012","AAV2.0.0.13","1.1.2.0","PSt7-10","000000-000","6/10/2026 14:47:13","0000-00","0","no battery","V"
"07/08/2026","23:30:41","3","default","198787511","O3","632.005","min","177.114","µmol/L","Humid","21.326","deg","134645","µV","22.854","°C","1010.000","hPa","34.2","pmil","0","52.118","deg","21.808","°C","226.700","µmol/L","21.407","deg","20.891","°C","1012.000","hPa","0.861","-0.02056","0.00035","-0.00011","0","14.7","Humid","27.30","0","43.40","195696.36","SABD0002000012","AAV2.0.0.13","1.1.2.0","PSt7-10","000000-000","6/10/2026 14:47:13","0000-00","0","no battery","V"
"07/08/2026","23:31:11","3","default","198787511","O3","632.504","min","177.049","µmol/L","Humid","21.330","deg","134669","µV","22.854","°C","1010.000","hPa","34.2","pmil","0","52.118","deg","21.808","°C","226.700","µmol/L","21.407","deg","20.891","°C","1012.000","hPa","0.861","-0.02056","0.00035","-0.00011","0","14.7","Humid","27.30","0","43.40","195700.76","SABD0002000012","AAV2.0.0.13","1.1.2.0","PSt7-10","000000-000","6/10/2026 14:47:13","0000-00","0","no battery","V"
"07/08/2026","23:31:41","3","default","198787511","O3","633.005","min","177.002","µmol/L","Humid","21.331","deg","134673","µV","22.860","°C","1010.000","hPa","34.2","pmil","0","52.118","deg","21.808","°C","226.700","µmol/L","21.407","deg","20.891","°C","1012.000","hPa","0.861","-0.02056","0.00035","-0.00011","0","14.7","Humid","27.30","0","43.40","195692.50","SABD0002000012","AAV2.0.0.13","1.1.2.0","PSt7-10","000000-000","6/10/2026 14:47:13","0000-00","0","no battery","V"
"07/08/2026","23:32:11","3","default","198787511","O3","633.504","min","177.017","µmol/L","Humid","21.332","deg","134684","µV","22.854","°C","1010.000","hPa","34.2","pmil","0","52.118","deg","21.808","°C","226.700","µmol/L","21.407","deg","20.891","°C","1012.000","hPa","0.861","-0.02056","0.00035","-0.00011","0","14.7","Humid","27.30","0","43.40","195688.59","SABD0002000012","AAV2.0.0.13","1.1.2.0","PSt7-10","000000-000","6/10/2026 14:47:13","0000-00","0","no battery","V"
"07/08/2026","23:32:41","3","default","198787511","O3","634.004","min","177.049","µmol/L","Humid","21.330","deg","134668","µV","22.854","°C","1010.000","hPa","34.2","pmil","0","52.118","deg","21.808","°C","226.700","µmol/L","21.407","deg","20.891","°C","1012.000","hPa","0.861","-0.02056","0.00035","-0.00011","0","14.7","Humid","27.30","0","43.40","195694.66","SABD0002000012","AAV2.0.0.13","1.1.2.0","PSt7-10","000000-000","6/10/2026 14:47:13","0000-00","0","no battery","V"
"07/08/2026","23:33:11","3","default","198787511","O3","634.505","min","176.986","µmol/L","Humid","21.332","deg","134676","µV","22.860","°C","1010.000","hPa","34.2","pmil","0","52.118","deg","21.808","°C","226.700","µmol/L","21.407","deg","20.891","°C","1012.000","hPa","0.861","-0.02056","0.00035","-0.00011","0","14.7","Humid","27.30","0","43.40","195687.34","SABD0002000012","AAV2.0.0.13","1.1.2.0","PSt7-10","000000-000","6/10/2026 14:47:13","0000-00","0","no battery","V"
"07/08/2026","23:33:41","3","default","198787511","O3","635.004","min","177.035","µmol/L","Humid","21.329","deg","134678","µV","22.860","°C","1010.000","hPa","34.2","pmil","0","52.118","deg","21.808","°C","226.700","µmol/L","21.407","deg","20.891","°C","1012.000","hPa","0.861","-0.02056","0.00035","-0.00011","0","14.7","Humid","27.30","0","43.40","195682.45","SABD0002000012","AAV2.0.0.13","1.1.2.0","PSt7-10","000000-000","6/10/2026 14:47:13","0000-00","0","no battery","V"
"07/08/2026","23:34:11","3","default","198787511","O3","635.505","min","177.002","µmol/L","Humid","21.331","deg","134684","µV","22.860","°C","1010.000","hPa","34.2","pmil","0","52.118","deg","21.808","°C","226.700","µmol/L","21.407","deg","20.891","°C","1012.000","hPa","0.861","-0.02056","0.00035","-0.00011","0","14.7","Humid","27.30","0","43.40","195690.58","SABD0002000012","AAV2.0.0.13","1.1.2.0","PSt7-10","000000-000","6/10/2026 14:47:13","0000-00","0","no battery","V"
"07/08/2026","23:34:41","3","default","198787511","O3","636.005","min","177.002","µmol/L","Humid","21.331","deg","134677","µV","22.860","°C","1010.000","hPa","34.2","pmil","0","52.118","deg","21.808","°C","226.700","µmol/L","21.407","deg","20.891","°C","1012.000","hPa","0.861","-0.02056","0.00035","-0.00011","0","14.7","Humid","27.30","0","43.40","195683.03","SABD0002000012","AAV2.0.0.13","1.1.2.0","PSt7-10","000000-000","6/10/2026 14:47:13","0000-00","0","no battery","V"
"07/08/2026","23:35:11","3","default","198787511","O3","636.504","min","176.939","µmol/L","Humid","21.333","deg","134675","µV","22.867","°C","1010.000","hPa","34.2","pmil","0","52.118","deg","21.808","°C","226.700","µmol/L","21.407","deg","20.891","°C","1012.000","hPa","0.861","-0.02056","0.00035","-0.00011","0","14.7","Humid","27.30","0","43.40","195683.90","SABD0002000012","AAV2.0.0.13","1.1.2.0","PSt7-10","000000-000","6/10/2026 14:47:13","0000-00","0","no battery","V"
"07/08/2026","23:35:41","3","default","198787511","O3","637.004","min","176.954","µmol/L","Humid","21.334","deg","134682","µV","22.860","°C","1010.000","hPa","34.2","pmil","0","52.118","deg","21.808","°C","226.700","µmol/L","21.407","deg","20.891","°C","1012.000","hPa","0.861","-0.02056","0.00035","-0.00011","0","14.7","Humid","27.30","0","43.40","195693.01","SABD0002000012","AAV2.0.0.13","1.1.2.0","PSt7-10","000000-000","6/10/2026 14:47:13","0000-00","0","no battery","V"
"07/08/2026","23:36:11","3","default","198787511","O3","637.504","min","176.986","µmol/L","Humid","21.332","deg","134675","µV","22.860","°C","1010.000","hPa","34.2","pmil","0","52.118","deg","21.808","°C","226.700","µmol/L","21.407","deg","20.891","°C","1012.000","hPa","0.861","-0.02056","0.00035","-0.00011","0","14.7","Humid","27.30","0","43.40","195687.04","SABD0002000012","AAV2.0.0.13","1.1.2.0","PSt7-10","000000-000","6/10/2026 14:47:13","0000-00","0","no battery","V"
"07/08/2026","23:36:41","3","default","198787511","O3","638.005","min","176.921","µmol/L","Humid","21.336","deg","134680","µV","22.860","°C","1010.000","hPa","34.2","pmil","0","52.118","deg","21.808","°C","226.700","µmol/L","21.407","deg","20.891","°C","1012.000","hPa","0.861","-0.02056","0.00035","-0.00011","0","14.7","Humid","27.30","0","43.40","195698.28","SABD0002000012","AAV2.0.0.13","1.1.2.0","PSt7-10","000000-000","6/10/2026 14:47:13","0000-00","0","no battery","V"
"07/08/2026","23:37:11","3","default","198787511","O3","638.505","min","177.051","µmol/L","Humid","21.328","deg","134660","µV","22.860","°C","1010.000","hPa","34.2","pmil","0","52.118","deg","21.808","°C","226.700","µmol/L","21.407","deg","20.891","°C","1012.000","hPa","0.861","-0.02056","0.00035","-0.00011","0","14.7","Humid","27.30","0","43.40","195687.71","SABD0002000012","AAV2.0.0.13","1.1.2.0","PSt7-10","000000-000","6/10/2026 14:47:13","0000-00","0","no battery","V"
"07/08/2026","23:37:41","3","default","198787511","O3","639.004","min","176.923","µmol/L","Humid","21.334","deg","134658","µV","22.867","°C","1010.000","hPa","34.2","pmil","0","52.118","deg","21.808","°C","226.700","µmol/L","21.407","deg","20.891","°C","1012.000","hPa","0.861","-0.02056","0.00035","-0.00011","0","14.7","Humid","27.30","0","43.40","195692.93","SABD0002000012","AAV2.0.0.13","1.1.2.0","PSt7-10","000000-000","6/10/2026 14:47:13","0000-00","0","no battery","V"
"07/08/2026","23:38:11","3","default","198787511","O3","639.504","min","177.002","µmol/L","Humid","21.331","deg","134663","µV","22.860","°C","1010.000","hPa","34.2","pmil","0","52.118","deg","21.808","°C","226.700","µmol/L","21.407","deg","20.891","°C","1012.000","hPa","0.861","-0.02056","0.00035","-0.00011","0","14.7","Humid","27.30","0","43.40","195686.62","SABD0002000012","AAV2.0.0.13","1.1.2.0","PSt7-10","000000-000","6/10/2026 14:47:13","0000-00","0","no battery","V"
"07/08/2026","23:38:41","3","default","198787511","O3","640.004","min","176.939","µmol/L","Humid","21.333","deg","134661","µV","22.867","°C","1010.000","hPa","34.2","pmil","0","52.118","deg","21.808","°C","226.700","µmol/L","21.407","deg","20.891","°C","1012.000","hPa","0.861","-0.02056","0.00035","-0.00011","0","14.7","Humid","27.30","0","43.40","195684.52","SABD0002000012","AAV2.0.0.13","1.1.2.0","PSt7-10","000000-000","6/10/2026 14:47:13","0000-00","0","no battery","V"
"07/08/2026","23:39:11","3","default","198787511","O3","640.505","min","176.990","µmol/L","Humid","21.328","deg","134647","µV","22.873","°C","1010.000","hPa","34.2","pmil","0","52.118","deg","21.808","°C","226.700","µmol/L","21.407","deg","20.891","°C","1012.000","hPa","0.861","-0.02056","0.00035","-0.00011","0","14.7","Humid","27.30","0","43.40","195686.52","SABD0002000012","AAV2.0.0.13","1.1.2.0","PSt7-10","000000-000","6/10/2026 14:47:13","0000-00","0","no battery","V"
"07/08/2026","23:39:41","3","default","198787511","O3","641.004","min","176.972","µmol/L","Humid","21.331","deg","134649","µV","22.867","°C","1010.000","hPa","34.2","pmil","0","52.118","deg","21.808","°C","226.700","µmol/L","21.407","deg","20.891","°C","1012.000","hPa","0.861","-0.02056","0.00035","-0.00011","0","14.7","Humid","27.30","0","43.40","195683.40","SABD0002000012","AAV2.0.0.13","1.1.2.0","PSt7-10","000000-000","6/10/2026 14:47:13","0000-00","0","no battery","V"
"07/08/2026","23:40:11","3","default","198787511","O3","641.505","min","176.890","µmol/L","Humid","21.336","deg","134676","µV","22.867","°C","1010.000","hPa","34.2","pmil","0","52.118","deg","21.808","°C","226.700","µmol/L","21.407","deg","20.891","°C","1012.000","hPa","0.861","-0.02056","0.00035","-0.00011","0","14.7","Humid","27.30","0","43.40","195673.55","SABD0002000012","AAV2.0.0.13","1.1.2.0","PSt7-10","000000-000","6/10/2026 14:47:13","0000-00","0","no battery","V"
"07/08/2026","23:40:41","3","default","198787511","O3","642.005","min","176.955","µmol/L","Humid","21.332","deg","134666","µV","22.867","°C","1010.000","hPa","34.2","pmil","0","52.118","deg","21.808","°C","226.700","µmol/L","21.407","deg","20.891","°C","1012.000","hPa","0.861","-0.02056","0.00035","-0.00011","0","14.7","Humid","27.30","0","43.40","195666.94","SABD0002000012","AAV2.0.0.13","1.1.2.0","PSt7-10","000000-000","6/10/2026 14:47:13","0000-00","0","no battery","V"
"07/08/2026","23:41:11","3","default","198787511","O3","642.504","min","176.894","µmol/L","Humid","21.332","deg","134667","µV","22.879","°C","1010.000","hPa","34.2","pmil","0","52.118","deg","21.808","°C","226.700","µmol/L","21.407","deg","20.891","°C","1012.000","hPa","0.861","-0.02056","0.00035","-0.00011","0","14.7","Humid","27.30","0","43.40","195666.54","SABD0002000012","AAV2.0.0.13","1.1.2.0","PSt7-10","000000-000","6/10/2026 14:47:13","0000-00","0","no battery","V"
"07/08/2026","23:41:41","3","default","198787511","O3","643.004","min","177.020","µmol/L","Humid","21.328","deg","134643","µV","22.867","°C","1010.000","hPa","34.2","pmil","0","52.118","deg","21.808","°C","226.700","µmol/L","21.407","deg","20.891","°C","1012.000","hPa","0.861","-0.02056","0.00035","-0.00011","0","14.7","Humid","27.30","0","43.40","195666.00","SABD0002000012","AAV2.0.0.13","1.1.2.0","PSt7-10","000000-000","6/10/2026 14:47:13","0000-00","0","no battery","V"
"07/08/2026","23:42:11","3","default","198787511","O3","643.505","min","177.069","µmol/L","Humid","21.325","deg","134619","µV","22.867","°C","1010.000","hPa","34.2","pmil","0","52.118","deg","21.808","°C","226.700","µmol/L","21.407","deg","20.891","°C","1012.000","hPa","0.861","-0.02056","0.00035","-0.00011","0","14.7","Humid","27.30","0","43.40","195668.56","SABD0002000012","AAV2.0.0.13","1.1.2.0","PSt7-10","000000-000","6/10/2026 14:47:13","0000-00","0","no battery","V"
"07/08/2026","23:42:41","3","default","198787511","O3","644.004","min","177.055","µmol/L","Humid","21.324","deg","134619","µV","22.873","°C","1010.000","hPa","34.2","pmil","0","52.118","deg","21.808","°C","226.700","µmol/L","21.407","deg","20.891","°C","1012.000","hPa","0.861","-0.02056","0.00035","-0.00011","0","14.7","Humid","27.30","0","43.40","195667.05","SABD0002000012","AAV2.0.0.13","1.1.2.0","PSt7-10","000000-000","6/10/2026 14:47:13","0000-00","0","no battery","V"
"07/08/2026","23:43:11","3","default","198787511","O3","644.505","min","177.069","µmol/L","Humid","21.325","deg","134633","µV","22.867","°C","1010.000","hPa","34.2","pmil","0","52.118","deg","21.808","°C","226.700","µmol/L","21.407","deg","20.891","°C","1012.000","hPa","0.861","-0.02056","0.00035","-0.00011","0","14.7","Humid","27.30","0","43.40","195658.54","SABD0002000012","AAV2.0.0.13","1.1.2.0","PSt7-10","000000-000","6/10/2026 14:47:13","0000-00","0","no battery","V"
"07/08/2026","23:43:41","3","default","198787511","O3","645.004","min","177.006","µmol/L","Humid","21.327","deg","134641","µV","22.873","°C","1010.000","hPa","34.2","pmil","0","52.118","deg","21.808","°C","226.700","µmol/L","21.407","deg","20.891","°C","1012.000","hPa","0.861","-0.02056","0.00035","-0.00011","0","14.7","Humid","27.30","0","43.40","195660.86","SABD0002000012","AAV2.0.0.13","1.1.2.0","PSt7-10","000000-000","6/10/2026 14:47:13","0000-00","0","no battery","V"
"07/08/2026","23:44:11","3","default","198787511","O3","645.505","min","176.941","µmol/L","Humid","21.331","deg","134636","µV","22.873","°C","1010.000","hPa","34.2","pmil","0","52.118","deg","21.808","°C","226.700","µmol/L","21.407","deg","20.891","°C","1012.000","hPa","0.861","-0.02056","0.00035","-0.00011","0","14.7","Humid","27.30","0","43.40","195659.68","SABD0002000012","AAV2.0.0.13","1.1.2.0","PSt7-10","000000-000","6/10/2026 14:47:13","0000-00","0","no battery","V"
"07/08/2026","23:44:41","3","default","198787511","O3","646.005","min","176.927","µmol/L","Humid","21.330","deg","134629","µV","22.879","°C","1010.000","hPa","34.2","pmil","0","52.118","deg","21.808","°C","226.700","µmol/L","21.407","deg","20.891","°C","1012.000","hPa","0.861","-0.02056","0.00035","-0.00011","0","14.7","Humid","27.30","0","43.40","195656.35","SABD0002000012","AAV2.0.0.13","1.1.2.0","PSt7-10","000000-000","6/10/2026 14:47:13","0000-00","0","no battery","V"
"07/08/2026","23:45:11","3","default","198787511","O3","646.504","min","176.925","µmol/L","Humid","21.332","deg","134633","µV","22.873","°C","1010.000","hPa","34.2","pmil","0","52.118","deg","21.808","°C","226.700","µmol/L","21.407","deg","20.891","°C","1012.000","hPa","0.861","-0.02056","0.00035","-0.00011","0","14.7","Humid","27.30","0","43.40","195649.27","SABD0002000012","AAV2.0.0.13","1.1.2.0","PSt7-10","000000-000","6/10/2026 14:47:13","0000-00","0","no battery","V"
"07/08/2026","23:45:41","3","default","198787511","O3","647.005","min","176.990","µmol/L","Humid","21.328","deg","134638","µV","22.873","°C","1010.000","hPa","34.2","pmil","0","52.118","deg","21.808","°C","226.700","µmol/L","21.407","deg","20.891","°C","1012.000","hPa","0.861","-0.02056","0.00035","-0.00011","0","14.7","Humid","27.30","0","43.40","195649.61","SABD0002000012","AAV2.0.0.13","1.1.2.0","PSt7-10","000000-000","6/10/2026 14:47:13","0000-00","0","no battery","V"
"07/08/2026","23:46:11","3","default","198787511","O3","647.505","min","176.925","µmol/L","Humid","21.332","deg","134640","µV","22.873","°C","1010.000","hPa","34.2","pmil","0","52.118","deg","21.808","°C","226.700","µmol/L","21.407","deg","20.891","°C","1012.000","hPa","0.861","-0.02056","0.00035","-0.00011","0","14.7","Humid","27.30","0","43.40","195670.38","SABD0002000012","AAV2.0.0.13","1.1.2.0","PSt7-10","000000-000","6/10/2026 14:47:13","0000-00","0","no battery","V"
"07/08/2026","23:46:41","3","default","198787511","O3","648.005","min","176.976","µmol/L","Humid","21.327","deg","134627","µV","22.879","°C","1010.000","hPa","34.2","pmil","0","52.118","deg","21.808","°C","226.700","µmol/L","21.407","deg","20.891","°C","1012.000","hPa","0.861","-0.02056","0.00035","-0.00011","0","14.7","Humid","27.30","0","43.40","195655.09","SABD0002000012","AAV2.0.0.13","1.1.2.0","PSt7-10","000000-000","6/10/2026 14:47:13","0000-00","0","no battery","V"
"07/08/2026","23:47:11","3","default","198787511","O3","648.504","min","177.022","µmol/L","Humid","21.326","deg","134633","µV","22.873","°C","1010.000","hPa","34.2","pmil","0","52.118","deg","21.808","°C","226.700","µmol/L","21.407","deg","20.891","°C","1012.000","hPa","0.861","-0.02056","0.00035","-0.00011","0","14.7","Humid","27.30","0","43.40","195656.74","SABD0002000012","AAV2.0.0.13","1.1.2.0","PSt7-10","000000-000","6/10/2026 14:47:13","0000-00","0","no battery","V"
"07/08/2026","23:47:41","3","default","198787511","O3","649.005","min","177.022","µmol/L","Humid","21.326","deg","134618","µV","22.873","°C","1010.000","hPa","34.2","pmil","0","52.118","deg","21.808","°C","226.700","µmol/L","21.407","deg","20.891","°C","1012.000","hPa","0.861","-0.02056","0.00035","-0.00011","0","14.7","Humid","27.30","0","43.40","195659.97","SABD0002000012","AAV2.0.0.13","1.1.2.0","PSt7-10","000000-000","6/10/2026 14:47:13","0000-00","0","no battery","V"
"07/08/2026","23:48:11","3","default","198787511","O3","649.505","min","176.990","µmol/L","Humid","21.328","deg","134621","µV","22.873","°C","1010.000","hPa","34.2","pmil","0","52.118","deg","21.808","°C","226.700","µmol/L","21.407","deg","20.891","°C","1012.000","hPa","0.861","-0.02056","0.00035","-0.00011","0","14.7","Humid","27.30","0","43.40","195654.49","SABD0002000012","AAV2.0.0.13","1.1.2.0","PSt7-10","000000-000","6/10/2026 14:47:13","0000-00","0","no battery","V"
"07/08/2026","23:48:41","3","default","198787511","O3","650.004","min","176.990","µmol/L","Humid","21.328","deg","134640","µV","22.873","°C","1010.000","hPa","34.2","pmil","0","52.118","deg","21.808","°C","226.700","µmol/L","21.407","deg","20.891","°C","1012.000","hPa","0.861","-0.02056","0.00035","-0.00011","0","14.7","Humid","27.30","0","43.40","195660.98","SABD0002000012","AAV2.0.0.13","1.1.2.0","PSt7-10","000000-000","6/10/2026 14:47:13","0000-00","0","no battery","V"
"07/08/2026","23:49:11","3","default","198787511","O3","650.505","min","176.925","µmol/L","Humid","21.332","deg","134638","µV","22.873","°C","1010.000","hPa","34.2","pmil","0","52.118","deg","21.808","°C","226.700","µmol/L","21.407","deg","20.891","°C","1012.000","hPa","0.861","-0.02056","0.00035","-0.00011","0","14.7","Humid","27.30","0","43.40","195658.30","SABD0002000012","AAV2.0.0.13","1.1.2.0","PSt7-10","000000-000","6/10/2026 14:47:13","0000-00","0","no battery","V"
"07/08/2026","23:49:41","3","default","198787511","O3","651.004","min","176.970","µmol/L","Humid","21.333","deg","134638","µV","22.860","°C","1010.000","hPa","34.2","pmil","0","52.118","deg","21.808","°C","226.700","µmol/L","21.407","deg","20.891","°C","1012.000","hPa","0.861","-0.02056","0.00035","-0.00011","0","14.7","Humid","27.30","0","43.40","195667.10","SABD0002000012","AAV2.0.0.13","1.1.2.0","PSt7-10","000000-000","6/10/2026 14:47:13","0000-00","0","no battery","V"
"07/08/2026","23:50:11","3","default","198787511","O3","651.504","min","176.927","µmol/L","Humid","21.330","deg","134631","µV","22.879","°C","1010.000","hPa","34.2","pmil","0","52.118","deg","21.808","°C","226.700","µmol/L","21.407","deg","20.891","°C","1012.000","hPa","0.861","-0.02056","0.00035","-0.00011","0","14.7","Humid","27.30","0","43.40","195665.47","SABD0002000012","AAV2.0.0.13","1.1.2.0","PSt7-10","000000-000","6/10/2026 14:47:13","0000-00","0","no battery","V"
"07/08/2026","23:50:41","3","default","198787511","O3","652.005","min","176.864","µmol/L","Humid","21.332","deg","134647","µV","22.885","°C","1010.000","hPa","34.2","pmil","0","52.118","deg","21.808","°C","226.700","µmol/L","21.407","deg","20.891","°C","1012.000","hPa","0.861","-0.02056","0.00035","-0.00011","0","14.7","Humid","27.30","0","43.40","195666.67","SABD0002000012","AAV2.0.0.13","1.1.2.0","PSt7-10","000000-000","6/10/2026 14:47:13","0000-00","0","no battery","V"
"07/08/2026","23:51:11","3","default","198787511","O3","652.505","min","176.911","µmol/L","Humid","21.331","deg","134649","µV","22.879","°C","1010.000","hPa","34.2","pmil","0","52.118","deg","21.808","°C","226.700","µmol/L","21.407","deg","20.891","°C","1012.000","hPa","0.861","-0.02056","0.00035","-0.00011","0","14.7","Humid","27.30","0","43.40","195676.01","SABD0002000012","AAV2.0.0.13","1.1.2.0","PSt7-10","000000-000","6/10/2026 14:47:13","0000-00","0","no battery","V"
"07/08/2026","23:51:41","3","default","198787511","O3","653.004","min","176.974","µmol/L","Humid","21.329","deg","134643","µV","22.873","°C","1010.000","hPa","34.2","pmil","0","52.118","deg","21.808","°C","226.700","µmol/L","21.407","deg","20.891","°C","1012.000","hPa","0.861","-0.02056","0.00035","-0.00011","0","14.7","Humid","27.30","0","43.40","195678.41","SABD0002000012","AAV2.0.0.13","1.1.2.0","PSt7-10","000000-000","6/10/2026 14:47:13","0000-00","0","no battery","V"
"07/08/2026","23:52:11","3","default","198787511","O3","653.505","min","176.911","µmol/L","Humid","21.331","deg","134650","µV","22.879","°C","1010.000","hPa","34.2","pmil","0","52.118","deg","21.808","°C","226.700","µmol/L","21.407","deg","20.891","°C","1012.000","hPa","0.861","-0.02056","0.00035","-0.00011","0","14.7","Humid","27.30","0","43.40","195675.59","SABD0002000012","AAV2.0.0.13","1.1.2.0","PSt7-10","000000-000","6/10/2026 14:47:13","0000-00","0","no battery","V"
"07/08/2026","23:52:41","3","default","198787511","O3","654.005","min","176.906","µmol/L","Humid","21.331","deg","134639","µV","22.879","°C","1009.000","hPa","34.2","pmil","0","52.118","deg","21.808","°C","226.700","µmol/L","21.407","deg","20.891","°C","1012.000","hPa","0.861","-0.02056","0.00035","-0.00011","0","14.7","Humid","27.30","0","43.40","195667.37","SABD0002000012","AAV2.0.0.13","1.1.2.0","PSt7-10","000000-000","6/10/2026 14:47:13","0000-00","0","no battery","V"
"07/08/2026","23:53:11","3","default","198787511","O3","654.504","min","176.927","µmol/L","Humid","21.330","deg","134650","µV","22.879","°C","1010.000","hPa","34.2","pmil","0","52.118","deg","21.808","°C","226.700","µmol/L","21.407","deg","20.891","°C","1012.000","hPa","0.861","-0.02056","0.00035","-0.00011","0","14.7","Humid","27.30","0","43.40","195668.92","SABD0002000012","AAV2.0.0.13","1.1.2.0","PSt7-10","000000-000","6/10/2026 14:47:13","0000-00","0","no battery","V"
"07/08/2026","23:53:41","3","default","198787511","O3","655.005","min","176.894","µmol/L","Humid","21.332","deg","134657","µV","22.879","°C","1010.000","hPa","34.2","pmil","0","52.118","deg","21.808","°C","226.700","µmol/L","21.407","deg","20.891","°C","1012.000","hPa","0.861","-0.02056","0.00035","-0.00011","0","14.7","Humid","27.30","0","43.40","195669.64","SABD0002000012","AAV2.0.0.13","1.1.2.0","PSt7-10","000000-000","6/10/2026 14:47:13","0000-00","0","no battery","V"
"07/08/2026","23:54:11","3","default","198787511","O3","655.505","min","176.974","µmol/L","Humid","21.329","deg","134653","µV","22.873","°C","1010.000","hPa","34.2","pmil","0","52.118","deg","21.808","°C","226.700","µmol/L","21.407","deg","20.891","°C","1012.000","hPa","0.861","-0.02056","0.00035","-0.00011","0","14.7","Humid","27.30","0","43.40","195655.90","SABD0002000012","AAV2.0.0.13","1.1.2.0","PSt7-10","000000-000","6/10/2026 14:47:13","0000-00","0","no battery","V"
"07/08/2026","23:54:41","3","default","198787511","O3","656.004","min","176.927","µmol/L","Humid","21.330","deg","134649","µV","22.879","°C","1010.000","hPa","34.2","pmil","0","52.118","deg","21.808","°C","226.700","µmol/L","21.407","deg","20.891","°C","1012.000","hPa","0.861","-0.02056","0.00035","-0.00011","0","14.7","Humid","27.30","0","43.40","195665.12","SABD0002000012","AAV2.0.0.13","1.1.2.0","PSt7-10","000000-000","6/10/2026 14:47:13","0000-00","0","no battery","V"
"07/08/2026","23:55:11","3","default","198787511","O3","656.504","min","176.959","µmol/L","Humid","21.328","deg","134640","µV","22.879","°C","1010.000","hPa","34.2","pmil","0","52.118","deg","21.808","°C","226.700","µmol/L","21.407","deg","20.891","°C","1012.000","hPa","0.861","-0.02056","0.00035","-0.00011","0","14.7","Humid","27.30","0","43.40","195663.01","SABD0002000012","AAV2.0.0.13","1.1.2.0","PSt7-10","000000-000","6/10/2026 14:47:13","0000-00","0","no battery","V"
"07/08/2026","23:55:41","3","default","198787511","O3","657.005","min","176.927","µmol/L","Humid","21.330","deg","134647","µV","22.879","°C","1010.000","hPa","34.2","pmil","0","52.118","deg","21.808","°C","226.700","µmol/L","21.407","deg","20.891","°C","1012.000","hPa","0.861","-0.02056","0.00035","-0.00011","0","14.7","Humid","27.30","0","43.40","195667.08","SABD0002000012","AAV2.0.0.13","1.1.2.0","PSt7-10","000000-000","6/10/2026 14:47:13","0000-00","0","no battery","V"
"07/08/2026","23:56:11","3","default","198787511","O3","657.505","min","176.945","µmol/L","Humid","21.327","deg","134648","µV","22.885","°C","1010.000","hPa","34.2","pmil","0","52.118","deg","21.808","°C","226.700","µmol/L","21.407","deg","20.891","°C","1012.000","hPa","0.861","-0.02056","0.00035","-0.00011","0","14.7","Humid","27.30","0","43.40","195663.65","SABD0002000012","AAV2.0.0.13","1.1.2.0","PSt7-10","000000-000","6/10/2026 14:47:13","0000-00","0","no battery","V"
"07/08/2026","23:56:41","3","default","198787511","O3","658.005","min","176.941","µmol/L","Humid","21.331","deg","134666","µV","22.873","°C","1010.000","hPa","34.2","pmil","0","52.118","deg","21.808","°C","226.700","µmol/L","21.407","deg","20.891","°C","1012.000","hPa","0.861","-0.02056","0.00035","-0.00011","0","14.7","Humid","27.30","0","43.40","195665.18","SABD0002000012","AAV2.0.0.13","1.1.2.0","PSt7-10","000000-000","6/10/2026 14:47:13","0000-00","0","no battery","V"
"07/08/2026","23:57:11","3","default","198787511","O3","658.505","min","176.896","µmol/L","Humid","21.330","deg","134628","µV","22.885","°C","1010.000","hPa","34.2","pmil","0","52.118","deg","21.808","°C","226.700","µmol/L","21.407","deg","20.891","°C","1012.000","hPa","0.861","-0.02056","0.00035","-0.00011","0","14.7","Humid","27.30","0","43.40","195664.47","SABD0002000012","AAV2.0.0.13","1.1.2.0","PSt7-10","000000-000","6/10/2026 14:47:13","0000-00","0","no battery","V"
"07/08/2026","23:57:41","3","default","198787511","O3","659.005","min","176.943","µmol/L","Humid","21.329","deg","134628","µV","22.879","°C","1010.000","hPa","34.2","pmil","0","52.118","deg","21.808","°C","226.700","µmol/L","21.407","deg","20.891","°C","1012.000","hPa","0.861","-0.02056","0.00035","-0.00011","0","14.7","Humid","27.30","0","43.40","195671.95","SABD0002000012","AAV2.0.0.13","1.1.2.0","PSt7-10","000000-000","6/10/2026 14:47:13","0000-00","0","no battery","V"
"07/08/2026","23:58:11","3","default","198787511","O3","659.504","min","176.759","µmol/L","Humid","21.346","deg","134708","µV","22.860","°C","1010.000","hPa","34.2","pmil","0","52.118","deg","21.808","°C","226.700","µmol/L","21.407","deg","20.891","°C","1012.000","hPa","0.861","-0.02056","0.00035","-0.00011","0","14.7","Humid","27.30","0","43.40","195667.09","SABD0002000012","AAV2.0.0.13","1.1.2.0","PSt7-10","000000-000","6/10/2026 14:47:13","0000-00","0","no battery","V"
"07/08/2026","23:58:41","3","default","198787511","O3","660.005","min","176.548","µmol/L","Humid","21.359","deg","134762","µV","22.860","°C","1010.000","hPa","34.2","pmil","0","52.118","deg","21.808","°C","226.700","µmol/L","21.407","deg","20.891","°C","1012.000","hPa","0.861","-0.02056","0.00035","-0.00011","0","14.7","Humid","27.30","0","43.40","195666.42","SABD0002000012","AAV2.0.0.13","1.1.2.0","PSt7-10","000000-000","6/10/2026 14:47:13","0000-00","0","no battery","V"
"07/08/2026","23:59:11","3","default","198787511","O3","660.504","min","176.627","µmol/L","Humid","21.356","deg","134741","µV","22.854","°C","1010.000","hPa","34.2","pmil","0","52.118","deg","21.808","°C","226.700","µmol/L","21.407","deg","20.891","°C","1012.000","hPa","0.861","-0.02056","0.00035","-0.00011","0","14.7","Humid","27.30","0","43.40","195668.67","SABD0002000012","AAV2.0.0.13","1.1.2.0","PSt7-10","000000-000","6/10/2026 14:47:13","0000-00","0","no battery","V"
"07/08/2026","23:59:41","3","default","198787511","O3","661.004","min","176.673","µmol/L","Humid","21.351","deg","134729","µV","22.860","°C","1009.000","hPa","34.2","pmil","0","52.118","deg","21.808","°C","226.700","µmol/L","21.407","deg","20.891","°C","1012.000","hPa","0.861","-0.02056","0.00035","-0.00011","0","14.7","Humid","27.30","0","43.40","195666.13","SABD0002000012","AAV2.0.0.13","1.1.2.0","PSt7-10","000000-000","6/10/2026 14:47:13","0000-00","0","no battery","V"
"07/09/2026","00:00:11","3","default","198787511","O3","661.504","min","176.706","µmol/L","Humid","21.353","deg","134711","µV","22.848","°C","1010.000","hPa","34.2","pmil","0","52.118","deg","21.808","°C","226.700","µmol/L","21.407","deg","20.891","°C","1012.000","hPa","0.861","-0.02056","0.00035","-0.00011","0","14.7","Humid","27.30","0","43.40","195660.67","SABD0002000012","AAV2.0.0.13","1.1.2.0","PSt7-10","000000-000","6/10/2026 14:47:13","0000-00","0","no battery","V"
"07/09/2026","00:00:41","3","default","198787511","O3","662.004","min","176.661","µmol/L","Humid","21.352","deg","134704","µV","22.860","°C","1010.000","hPa","34.2","pmil","0","52.118","deg","21.808","°C","226.700","µmol/L","21.407","deg","20.891","°C","1012.000","hPa","0.861","-0.02056","0.00035","-0.00011","0","14.7","Humid","27.30","0","43.40","195665.02","SABD0002000012","AAV2.0.0.13","1.1.2.0","PSt7-10","000000-000","6/10/2026 14:47:13","0000-00","0","no battery","V"
"07/09/2026","00:01:11","3","default","198787511","O3","662.505","min","176.694","µmol/L","Humid","21.350","deg","134697","µV","22.860","°C","1010.000","hPa","34.2","pmil","0","52.118","deg","21.808","°C","226.700","µmol/L","21.407","deg","20.891","°C","1012.000","hPa","0.861","-0.02056","0.00035","-0.00011","0","14.7","Humid","27.30","0","43.40","195671.85","SABD0002000012","AAV2.0.0.13","1.1.2.0","PSt7-10","000000-000","6/10/2026 14:47:13","0000-00","0","no battery","V"
"07/09/2026","00:01:41","3","default","198787511","O3","663.005","min","176.689","µmol/L","Humid","21.350","deg","134688","µV","22.860","°C","1009.000","hPa","34.2","pmil","0","52.118","deg","21.808","°C","226.700","µmol/L","21.407","deg","20.891","°C","1012.000","hPa","0.861","-0.02056","0.00035","-0.00011","0","14.7","Humid","27.30","0","43.40","195663.60","SABD0002000012","AAV2.0.0.13","1.1.2.0","PSt7-10","000000-000","6/10/2026 14:47:13","0000-00","0","no battery","V"
"07/09/2026","00:02:11","3","default","198787511","O3","663.504","min","176.752","µmol/L","Humid","21.348","deg","134679","µV","22.854","°C","1009.000","hPa","34.2","pmil","0","52.118","deg","21.808","°C","226.700","µmol/L","21.407","deg","20.891","°C","1012.000","hPa","0.861","-0.02056","0.00035","-0.00011","0","14.7","Humid","27.30","0","43.40","195664.81","SABD0002000012","AAV2.0.0.13","1.1.2.0","PSt7-10","000000-000","6/10/2026 14:47:13","0000-00","0","no battery","V"
"07/09/2026","00:02:41","3","default","198787511","O3","664.005","min","176.791","µmol/L","Humid","21.344","deg","134674","µV","22.860","°C","1010.000","hPa","34.2","pmil","0","52.118","deg","21.808","°C","226.700","µmol/L","21.407","deg","20.891","°C","1012.000","hPa","0.861","-0.02056","0.00035","-0.00011","0","14.7","Humid","27.30","0","43.40","195660.16","SABD0002000012","AAV2.0.0.13","1.1.2.0","PSt7-10","000000-000","6/10/2026 14:47:13","0000-00","0","no battery","V"
"07/09/2026","00:03:11","3","default","198787511","O3","664.505","min","176.728","µmol/L","Humid","21.346","deg","134670","µV","22.867","°C","1010.000","hPa","34.2","pmil","0","52.118","deg","21.808","°C","226.700","µmol/L","21.407","deg","20.891","°C","1012.000","hPa","0.861","-0.02056","0.00035","-0.00011","0","14.7","Humid","27.30","0","43.40","195670.91","SABD0002000012","AAV2.0.0.13","1.1.2.0","PSt7-10","000000-000","6/10/2026 14:47:13","0000-00","0","no battery","V"
"07/09/2026","00:03:41","3","default","198787511","O3","665.004","min","176.786","µmol/L","Humid","21.344","deg","134667","µV","22.860","°C","1009.000","hPa","34.2","pmil","0","52.118","deg","21.808","°C","226.700","µmol/L","21.407","deg","20.891","°C","1012.000","hPa","0.861","-0.02056","0.00035","-0.00011","0","14.7","Humid","27.30","0","43.40","195670.98","SABD0002000012","AAV2.0.0.13","1.1.2.0","PSt7-10","000000-000","6/10/2026 14:47:13","0000-00","0","no battery","V"
"07/09/2026","00:04:11","3","default","198787511","O3","665.505","min","176.756","µmol/L","Humid","21.344","deg","134651","µV","22.867","°C","1009.000","hPa","34.2","pmil","0","52.118","deg","21.808","°C","226.700","µmol/L","21.407","deg","20.891","°C","1012.000","hPa","0.861","-0.02056","0.00035","-0.00011","0","14.7","Humid","27.30","0","43.40","195672.69","SABD0002000012","AAV2.0.0.13","1.1.2.0","PSt7-10","000000-000","6/10/2026 14:47:13","0000-00","0","no battery","V"
"07/09/2026","00:04:41","3","default","198787511","O3","666.005","min","176.772","µmol/L","Humid","21.343","deg","134670","µV","22.867","°C","1009.000","hPa","34.2","pmil","0","52.118","deg","21.808","°C","226.700","µmol/L","21.407","deg","20.891","°C","1012.000","hPa","0.861","-0.02056","0.00035","-0.00011","0","14.7","Humid","27.30","0","43.40","195674.50","SABD0002000012","AAV2.0.0.13","1.1.2.0","PSt7-10","000000-000","6/10/2026 14:47:13","0000-00","0","no battery","V"
"07/09/2026","00:05:11","3","default","198787511","O3","666.504","min","176.756","µmol/L","Humid","21.344","deg","134661","µV","22.867","°C","1009.000","hPa","34.2","pmil","0","52.118","deg","21.808","°C","226.700","µmol/L","21.407","deg","20.891","°C","1012.000","hPa","0.861","-0.02056","0.00035","-0.00011","0","14.7","Humid","27.30","0","43.40","195661.77","SABD0002000012","AAV2.0.0.13","1.1.2.0","PSt7-10","000000-000","6/10/2026 14:47:13","0000-00","0","no battery","V"
"07/09/2026","00:05:41","3","default","198787511","O3","667.005","min","176.738","µmol/L","Humid","21.347","deg","134666","µV","22.860","°C","1009.000","hPa","34.2","pmil","0","52.118","deg","21.808","°C","226.700","µmol/L","21.407","deg","20.891","°C","1012.000","hPa","0.861","-0.02056","0.00035","-0.00011","0","14.7","Humid","27.30","0","43.40","195673.00","SABD0002000012","AAV2.0.0.13","1.1.2.0","PSt7-10","000000-000","6/10/2026 14:47:13","0000-00","0","no battery","V"
"07/09/2026","00:06:11","3","default","198787511","O3","667.505","min","176.698","µmol/L","Humid","21.346","deg","134651","µV","22.873","°C","1010.000","hPa","34.2","pmil","0","52.118","deg","21.808","°C","226.700","µmol/L","21.407","deg","20.891","°C","1012.000","hPa","0.861","-0.02056","0.00035","-0.00011","0","14.7","Humid","27.30","0","43.40","195666.38","SABD0002000012","AAV2.0.0.13","1.1.2.0","PSt7-10","000000-000","6/10/2026 14:47:13","0000-00","0","no battery","V"
"07/09/2026","00:06:41","3","default","198787511","O3","668.004","min","176.786","µmol/L","Humid","21.344","deg","134650","µV","22.860","°C","1009.000","hPa","34.2","pmil","0","52.118","deg","21.808","°C","226.700","µmol/L","21.407","deg","20.891","°C","1012.000","hPa","0.861","-0.02056","0.00035","-0.00011","0","14.7","Humid","27.30","0","43.40","195683.44","SABD0002000012","AAV2.0.0.13","1.1.2.0","PSt7-10","000000-000","6/10/2026 14:47:13","0000-00","0","no battery","V"
"07/09/2026","00:07:11","3","default","198787511","O3","668.505","min","176.788","µmol/L","Humid","21.342","deg","134652","µV","22.867","°C","1009.000","hPa","34.2","pmil","0","52.118","deg","21.808","°C","226.700","µmol/L","21.407","deg","20.891","°C","1012.000","hPa","0.861","-0.02056","0.00035","-0.00011","0","14.7","Humid","27.30","0","43.40","195686.34","SABD0002000012","AAV2.0.0.13","1.1.2.0","PSt7-10","000000-000","6/10/2026 14:47:13","0000-00","0","no battery","V"
"07/09/2026","00:07:41","3","default","198787511","O3","669.004","min","176.777","µmol/L","Humid","21.343","deg","134651","µV","22.867","°C","1010.000","hPa","34.2","pmil","0","52.118","deg","21.808","°C","226.700","µmol/L","21.407","deg","20.891","°C","1012.000","hPa","0.861","-0.02056","0.00035","-0.00011","0","14.7","Humid","27.30","0","43.40","195685.34","SABD0002000012","AAV2.0.0.13","1.1.2.0","PSt7-10","000000-000","6/10/2026 14:47:13","0000-00","0","no battery","V"
"07/09/2026","00:08:11","3","default","198787511","O3","669.505","min","176.804","µmol/L","Humid","21.341","deg","134635","µV","22.867","°C","1009.000","hPa","34.2","pmil","0","52.118","deg","21.808","°C","226.700","µmol/L","21.407","deg","20.891","°C","1012.000","hPa","0.861","-0.02056","0.00035","-0.00011","0","14.7","Humid","27.30","0","43.40","195673.96","SABD0002000012","AAV2.0.0.13","1.1.2.0","PSt7-10","000000-000","6/10/2026 14:47:13","0000-00","0","no battery","V"
"07/09/2026","00:08:41","3","default","198787511","O3","670.004","min","176.802","µmol/L","Humid","21.343","deg","134648","µV","22.860","°C","1009.000","hPa","34.2","pmil","0","52.118","deg","21.808","°C","226.700","µmol/L","21.407","deg","20.891","°C","1012.000","hPa","0.861","-0.02056","0.00035","-0.00011","0","14.7","Humid","27.30","0","43.40","195688.93","SABD0002000012","AAV2.0.0.13","1.1.2.0","PSt7-10","000000-000","6/10/2026 14:47:13","0000-00","0","no battery","V"
"07/09/2026","00:09:11","3","default","198787511","O3","670.504","min","176.790","µmol/L","Humid","21.340","deg","134647","µV","22.873","°C","1009.000","hPa","34.2","pmil","0","52.118","deg","21.808","°C","226.700","µmol/L","21.407","deg","20.891","°C","1012.000","hPa","0.861","-0.02056","0.00035","-0.00011","0","14.7","Humid","27.30","0","43.40","195674.37","SABD0002000012","AAV2.0.0.13","1.1.2.0","PSt7-10","000000-000","6/10/2026 14:47:13","0000-00","0","no battery","V"
"07/09/2026","00:09:41","3","default","198787511","O3","671.005","min","176.725","µmol/L","Humid","21.344","deg","134648","µV","22.873","°C","1009.000","hPa","34.2","pmil","0","52.118","deg","21.808","°C","226.700","µmol/L","21.407","deg","20.891","°C","1012.000","hPa","0.861","-0.02056","0.00035","-0.00011","0","14.7","Humid","27.30","0","43.40","195676.82","SABD0002000012","AAV2.0.0.13","1.1.2.0","PSt7-10","000000-000","6/10/2026 14:47:13","0000-00","0","no battery","V"
"07/09/2026","00:10:11","3","default","198787511","O3","671.505","min","176.741","µmol/L","Humid","21.343","deg","134652","µV","22.873","°C","1009.000","hPa","34.2","pmil","0","52.118","deg","21.808","°C","226.700","µmol/L","21.407","deg","20.891","°C","1012.000","hPa","0.861","-0.02056","0.00035","-0.00011","0","14.7","Humid","27.30","0","43.40","195680.27","SABD0002000012","AAV2.0.0.13","1.1.2.0","PSt7-10","000000-000","6/10/2026 14:47:13","0000-00","0","no battery","V"
"07/09/2026","00:10:41","3","default","198787511","O3","672.004","min","176.793","µmol/L","Humid","21.342","deg","134630","µV","22.867","°C","1010.000","hPa","34.2","pmil","0","52.118","deg","21.808","°C","226.700","µmol/L","21.407","deg","20.891","°C","1012.000","hPa","0.861","-0.02056","0.00035","-0.00011","0","14.7","Humid","27.30","0","43.40","195676.50","SABD0002000012","AAV2.0.0.13","1.1.2.0","PSt7-10","000000-000","6/10/2026 14:47:13","0000-00","0","no battery","V"
"07/09/2026","00:11:11","3","default","198787511","O3","672.505","min","176.806","µmol/L","Humid","21.339","deg","134623","µV","22.873","°C","1009.000","hPa","34.2","pmil","0","52.118","deg","21.808","°C","226.700","µmol/L","21.407","deg","20.891","°C","1012.000","hPa","0.861","-0.02056","0.00035","-0.00011","0","14.7","Humid","27.30","0","43.40","195676.04","SABD0002000012","AAV2.0.0.13","1.1.2.0","PSt7-10","000000-000","6/10/2026 14:47:13","0000-00","0","no battery","V"
"07/09/2026","00:11:41","3","default","198787511","O3","673.004","min","176.822","µmol/L","Humid","21.338","deg","134622","µV","22.873","°C","1009.000","hPa","34.2","pmil","0","52.118","deg","21.808","°C","226.700","µmol/L","21.407","deg","20.891","°C","1012.000","hPa","0.861","-0.02056","0.00035","-0.00011","0","14.7","Humid","27.30","0","43.40","195682.35","SABD0002000012","AAV2.0.0.13","1.1.2.0","PSt7-10","000000-000","6/10/2026 14:47:13","0000-00","0","no battery","V"
"07/09/2026","00:12:11","3","default","198787511","O3","673.505","min","176.743","µmol/L","Humid","21.341","deg","134616","µV","22.879","°C","1009.000","hPa","34.2","pmil","0","52.118","deg","21.808","°C","226.700","µmol/L","21.407","deg","20.891","°C","1012.000","hPa","0.861","-0.02056","0.00035","-0.00011","0","14.7","Humid","27.30","0","43.40","195673.88","SABD0002000012","AAV2.0.0.13","1.1.2.0","PSt7-10","000000-000","6/10/2026 14:47:13","0000-00","0","no battery","V"
"07/09/2026","00:12:41","3","default","198787511","O3","674.005","min","176.804","µmol/L","Humid","21.341","deg","134604","µV","22.867","°C","1009.000","hPa","34.2","pmil","0","52.118","deg","21.808","°C","226.700","µmol/L","21.407","deg","20.891","°C","1012.000","hPa","0.861","-0.02056","0.00035","-0.00011","0","14.7","Humid","27.30","0","43.40","195673.26","SABD0002000012","AAV2.0.0.13","1.1.2.0","PSt7-10","000000-000","6/10/2026 14:47:13","0000-00","0","no battery","V"
"07/09/2026","00:13:11","3","default","198787511","O3","674.504","min","176.806","µmol/L","Humid","21.339","deg","134615","µV","22.873","°C","1009.000","hPa","34.2","pmil","0","52.118","deg","21.808","°C","226.700","µmol/L","21.407","deg","20.891","°C","1012.000","hPa","0.861","-0.02056","0.00035","-0.00011","0","14.7","Humid","27.30","0","43.40","195672.34","SABD0002000012","AAV2.0.0.13","1.1.2.0","PSt7-10","000000-000","6/10/2026 14:47:13","0000-00","0","no battery","V"
"07/09/2026","00:13:41","3","default","198787511","O3","675.005","min","176.680","µmol/L","Humid","21.343","deg","134628","µV","22.885","°C","1009.000","hPa","34.2","pmil","0","52.118","deg","21.808","°C","226.700","µmol/L","21.407","deg","20.891","°C","1012.000","hPa","0.861","-0.02056","0.00035","-0.00011","0","14.7","Humid","27.30","0","43.40","195685.18","SABD0002000012","AAV2.0.0.13","1.1.2.0","PSt7-10","000000-000","6/10/2026 14:47:13","0000-00","0","no battery","V"
"07/09/2026","00:14:11","3","default","198787511","O3","675.504","min","176.709","µmol/L","Humid","21.345","deg","134628","µV","22.873","°C","1009.000","hPa","34.2","pmil","0","52.118","deg","21.808","°C","226.700","µmol/L","21.407","deg","20.891","°C","1012.000","hPa","0.861","-0.02056","0.00035","-0.00011","0","14.7","Humid","27.30","0","43.40","195667.78","SABD0002000012","AAV2.0.0.13","1.1.2.0","PSt7-10","000000-000","6/10/2026 14:47:13","0000-00","0","no battery","V"
"07/09/2026","00:14:41","3","default","198787511","O3","676.005","min","176.709","µmol/L","Humid","21.345","deg","134652","µV","22.873","°C","1009.000","hPa","34.2","pmil","0","52.118","deg","21.808","°C","226.700","µmol/L","21.407","deg","20.891","°C","1012.000","hPa","0.861","-0.02056","0.00035","-0.00011","0","14.7","Humid","27.30","0","43.40","195684.02","SABD0002000012","AAV2.0.0.13","1.1.2.0","PSt7-10","000000-000","6/10/2026 14:47:13","0000-00","0","no battery","V"
"07/09/2026","00:15:11","3","default","198787511","O3","676.505","min","176.664","µmol/L","Humid","21.344","deg","134633","µV","22.885","°C","1009.000","hPa","34.2","pmil","0","52.118","deg","21.808","°C","226.700","µmol/L","21.407","deg","20.891","°C","1012.000","hPa","0.861","-0.02056","0.00035","-0.00011","0","14.7","Humid","27.30","0","43.40","195675.56","SABD0002000012","AAV2.0.0.13","1.1.2.0","PSt7-10","000000-000","6/10/2026 14:47:13","0000-00","0","no battery","V"
"07/09/2026","00:15:41","3","default","198787511","O3","677.004","min","176.632","µmol/L","Humid","21.346","deg","134642","µV","22.885","°C","1009.000","hPa","34.2","pmil","0","52.118","deg","21.808","°C","226.700","µmol/L","21.407","deg","20.891","°C","1012.000","hPa","0.861","-0.02056","0.00035","-0.00011","0","14.7","Humid","27.30","0","43.40","195673.26","SABD0002000012","AAV2.0.0.13","1.1.2.0","PSt7-10","000000-000","6/10/2026 14:47:13","0000-00","0","no battery","V"
"07/09/2026","00:16:11","3","default","198787511","O3","677.505","min","176.583","µmol/L","Humid","21.349","deg","134655","µV","22.885","°C","1009.000","hPa","34.2","pmil","0","52.118","deg","21.808","°C","226.700","µmol/L","21.407","deg","20.891","°C","1012.000","hPa","0.861","-0.02056","0.00035","-0.00011","0","14.7","Humid","27.30","0","43.40","195682.43","SABD0002000012","AAV2.0.0.13","1.1.2.0","PSt7-10","000000-000","6/10/2026 14:47:13","0000-00","0","no battery","V"
"07/09/2026","00:16:41","3","default","198787511","O3","678.005","min","176.632","µmol/L","Humid","21.346","deg","134655","µV","22.885","°C","1009.000","hPa","34.2","pmil","0","52.118","deg","21.808","°C","226.700","µmol/L","21.407","deg","20.891","°C","1012.000","hPa","0.861","-0.02056","0.00035","-0.00011","0","14.7","Humid","27.30","0","43.40","195676.97","SABD0002000012","AAV2.0.0.13","1.1.2.0","PSt7-10","000000-000","6/10/2026 14:47:13","0000-00","0","no battery","V"
"07/09/2026","00:17:11","3","default","198787511","O3","678.504","min","176.552","µmol/L","Humid","21.349","deg","134663","µV","22.891","°C","1009.000","hPa","34.2","pmil","0","52.118","deg","21.808","°C","226.700","µmol/L","21.407","deg","20.891","°C","1012.000","hPa","0.861","-0.02056","0.00035","-0.00011","0","14.7","Humid","27.30","0","43.40","195673.77","SABD0002000012","AAV2.0.0.13","1.1.2.0","PSt7-10","000000-000","6/10/2026 14:47:13","0000-00","0","no battery","V"
"07/09/2026","00:17:41","3","default","198787511","O3","679.005","min","176.551","µmol/L","Humid","21.351","deg","134677","µV","22.885","°C","1009.000","hPa","34.2","pmil","0","52.118","deg","21.808","°C","226.700","µmol/L","21.407","deg","20.891","°C","1012.000","hPa","0.861","-0.02056","0.00035","-0.00011","0","14.7","Humid","27.30","0","43.40","195674.56","SABD0002000012","AAV2.0.0.13","1.1.2.0","PSt7-10","000000-000","6/10/2026 14:47:13","0000-00","0","no battery","V"
"07/09/2026","00:18:11","3","default","198787511","O3","679.505","min","176.583","µmol/L","Humid","21.349","deg","134673","µV","22.885","°C","1009.000","hPa","34.2","pmil","0","52.118","deg","21.808","°C","226.700","µmol/L","21.407","deg","20.891","°C","1012.000","hPa","0.861","-0.02056","0.00035","-0.00011","0","14.7","Humid","27.30","0","43.40","195675.87","SABD0002000012","AAV2.0.0.13","1.1.2.0","PSt7-10","000000-000","6/10/2026 14:47:13","0000-00","0","no battery","V"
"07/09/2026","00:18:41","3","default","198787511","O3","680.004","min","176.518","µmol/L","Humid","21.353","deg","134684","µV","22.885","°C","1009.000","hPa","34.2","pmil","0","52.118","deg","21.808","°C","226.700","µmol/L","21.407","deg","20.891","°C","1012.000","hPa","0.861","-0.02056","0.00035","-0.00011","0","14.7","Humid","27.30","0","43.40","195674.13","SABD0002000012","AAV2.0.0.13","1.1.2.0","PSt7-10","000000-000","6/10/2026 14:47:13","0000-00","0","no battery","V"
"07/09/2026","00:19:11","3","default","198787511","O3","680.505","min","176.534","µmol/L","Humid","21.352","deg","134690","µV","22.885","°C","1009.000","hPa","34.2","pmil","0","52.118","deg","21.808","°C","226.700","µmol/L","21.407","deg","20.891","°C","1012.000","hPa","0.861","-0.02056","0.00035","-0.00011","0","14.7","Humid","27.30","0","43.40","195678.38","SABD0002000012","AAV2.0.0.13","1.1.2.0","PSt7-10","000000-000","6/10/2026 14:47:13","0000-00","0","no battery","V"
"07/09/2026","00:19:41","3","default","198787511","O3","681.004","min","176.439","µmol/L","Humid","21.356","deg","134690","µV","22.891","°C","1009.000","hPa","34.2","pmil","0","52.118","deg","21.808","°C","226.700","µmol/L","21.407","deg","20.891","°C","1012.000","hPa","0.861","-0.02056","0.00035","-0.00011","0","14.7","Humid","27.30","0","43.40","195674.76","SABD0002000012","AAV2.0.0.13","1.1.2.0","PSt7-10","000000-000","6/10/2026 14:47:13","0000-00","0","no battery","V"
"07/09/2026","00:20:11","3","default","198787511","O3","681.504","min","176.534","µmol/L","Humid","21.352","deg","134701","µV","22.885","°C","1009.000","hPa","34.2","pmil","0","52.118","deg","21.808","°C","226.700","µmol/L","21.407","deg","20.891","°C","1012.000","hPa","0.861","-0.02056","0.00035","-0.00011","0","14.7","Humid","27.30","0","43.40","195683.76","SABD0002000012","AAV2.0.0.13","1.1.2.0","PSt7-10","000000-000","6/10/2026 14:47:13","0000-00","0","no battery","V"
"07/09/2026","00:20:41","3","default","198787511","O3","682.005","min","176.518","µmol/L","Humid","21.353","deg","134707","µV","22.885","°C","1009.000","hPa","34.2","pmil","0","52.118","deg","21.808","°C","226.700","µmol/L","21.407","deg","20.891","°C","1012.000","hPa","0.861","-0.02056","0.00035","-0.00011","0","14.7","Humid","27.30","0","43.40","195677.04","SABD0002000012","AAV2.0.0.13","1.1.2.0","PSt7-10","000000-000","6/10/2026 14:47:13","0000-00","0","no battery","V"
"07/09/2026","00:21:11","3","default","198787511","O3","682.505","min","176.470","µmol/L","Humid","21.356","deg","134722","µV","22.885","°C","1009.000","hPa","34.2","pmil","0","52.118","deg","21.808","°C","226.700","µmol/L","21.407","deg","20.891","°C","1012.000","hPa","0.861","-0.02056","0.00035","-0.00011","0","14.7","Humid","27.30","0","43.40","195680.92","SABD0002000012","AAV2.0.0.13","1.1.2.0","PSt7-10","000000-000","6/10/2026 14:47:13","0000-00","0","no battery","V"
"07/09/2026","00:21:41","3","default","198787511","O3","683.004","min","176.451","µmol/L","Humid","21.359","deg","134749","µV","22.879","°C","1009.000","hPa","34.2","pmil","0","52.118","deg","21.808","°C","226.700","µmol/L","21.407","deg","20.891","°C","1012.000","hPa","0.861","-0.02056","0.00035","-0.00011","0","14.7","Humid","27.30","0","43.40","195689.73","SABD0002000012","AAV2.0.0.13","1.1.2.0","PSt7-10","000000-000","6/10/2026 14:47:13","0000-00","0","no battery","V"
"07/09/2026","00:22:11","3","default","198787511","O3","683.505","min","176.342","µmol/L","Humid","21.362","deg","134778","µV","22.891","°C","1009.000","hPa","34.2","pmil","0","52.118","deg","21.808","°C","226.700","µmol/L","21.407","deg","20.891","°C","1012.000","hPa","0.861","-0.02056","0.00035","-0.00011","0","14.7","Humid","27.30","0","43.40","195683.42","SABD0002000012","AAV2.0.0.13","1.1.2.0","PSt7-10","000000-000","6/10/2026 14:47:13","0000-00","0","no battery","V"
"07/09/2026","00:22:41","3","default","198787511","O3","684.005","min","176.356","µmol/L","Humid","21.363","deg","134804","µV","22.885","°C","1009.000","hPa","34.2","pmil","0","52.118","deg","21.808","°C","226.700","µmol/L","21.407","deg","20.891","°C","1012.000","hPa","0.861","-0.02056","0.00035","-0.00011","0","14.7","Humid","27.30","0","43.40","195684.76","SABD0002000012","AAV2.0.0.13","1.1.2.0","PSt7-10","000000-000","6/10/2026 14:47:13","0000-00","0","no battery","V"
"07/09/2026","00:23:11","3","default","198787511","O3","684.504","min","176.277","µmol/L","Humid","21.366","deg","134821","µV","22.891","°C","1009.000","hPa","34.2","pmil","0","52.118","deg","21.808","°C","226.700","µmol/L","21.407","deg","20.891","°C","1012.000","hPa","0.861","-0.02056","0.00035","-0.00011","0","14.7","Humid","27.30","0","43.40","195687.80","SABD0002000012","AAV2.0.0.13","1.1.2.0","PSt7-10","000000-000","6/10/2026 14:47:13","0000-00","0","no battery","V"
"07/09/2026","00:23:41","3","default","198787511","O3","685.005","min","176.180","µmol/L","Humid","21.372","deg","134842","µV","22.891","°C","1009.000","hPa","34.2","pmil","0","52.118","deg","21.808","°C","226.700","µmol/L","21.407","deg","20.891","°C","1012.000","hPa","0.861","-0.02056","0.00035","-0.00011","0","14.7","Humid","27.30","0","43.40","195684.87","SABD0002000012","AAV2.0.0.13","1.1.2.0","PSt7-10","000000-000","6/10/2026 14:47:13","0000-00","0","no battery","V"
"07/09/2026","00:24:11","3","default","198787511","O3","685.505","min","176.164","µmol/L","Humid","21.373","deg","134859","µV","22.891","°C","1009.000","hPa","34.2","pmil","0","52.118","deg","21.808","°C","226.700","µmol/L","21.407","deg","20.891","°C","1012.000","hPa","0.861","-0.02056","0.00035","-0.00011","0","14.7","Humid","27.30","0","43.40","195684.27","SABD0002000012","AAV2.0.0.13","1.1.2.0","PSt7-10","000000-000","6/10/2026 14:47:13","0000-00","0","no battery","V"
"07/09/2026","00:24:41","3","default","198787511","O3","686.004","min","176.116","µmol/L","Humid","21.376","deg","134875","µV","22.891","°C","1009.000","hPa","34.2","pmil","0","52.118","deg","21.808","°C","226.700","µmol/L","21.407","deg","20.891","°C","1012.000","hPa","0.861","-0.02056","0.00035","-0.00011","0","14.7","Humid","27.30","0","43.40","195688.99","SABD0002000012","AAV2.0.0.13","1.1.2.0","PSt7-10","000000-000","6/10/2026 14:47:13","0000-00","0","no battery","V"
"07/09/2026","00:25:11","3","default","198787511","O3","686.505","min","176.065","µmol/L","Humid","21.381","deg","134901","µV","22.885","°C","1009.000","hPa","34.2","pmil","0","52.118","deg","21.808","°C","226.700","µmol/L","21.407","deg","20.891","°C","1012.000","hPa","0.861","-0.02056","0.00035","-0.00011","0","14.7","Humid","27.30","0","43.40","195695.27","SABD0002000012","AAV2.0.0.13","1.1.2.0","PSt7-10","000000-000","6/10/2026 14:47:13","0000-00","0","no battery","V"
"07/09/2026","00:25:41","3","default","198787511","O3","687.005","min","176.035","µmol/L","Humid","21.381","deg","134911","µV","22.891","°C","1009.000","hPa","34.2","pmil","0","52.118","deg","21.808","°C","226.700","µmol/L","21.407","deg","20.891","°C","1012.000","hPa","0.861","-0.02056","0.00035","-0.00011","0","14.7","Humid","27.30","0","43.40","195691.67","SABD0002000012","AAV2.0.0.13","1.1.2.0","PSt7-10","000000-000","6/10/2026 14:47:13","0000-00","0","no battery","V"
"07/09/2026","00:26:11","3","default","198787511","O3","687.504","min","175.958","µmol/L","Humid","21.382","deg","134914","µV","22.903","°C","1009.000","hPa","34.2","pmil","0","52.118","deg","21.808","°C","226.700","µmol/L","21.407","deg","20.891","°C","1012.000","hPa","0.861","-0.02056","0.00035","-0.00011","0","14.7","Humid","27.30","0","43.40","195683.75","SABD0002000012","AAV2.0.0.13","1.1.2.0","PSt7-10","000000-000","6/10/2026 14:47:13","0000-00","0","no battery","V"
"07/09/2026","00:26:41","3","default","198787511","O3","688.004","min","175.986","µmol/L","Humid","21.384","deg","134937","µV","22.891","°C","1009.000","hPa","34.2","pmil","0","52.118","deg","21.808","°C","226.700","µmol/L","21.407","deg","20.891","°C","1012.000","hPa","0.861","-0.02056","0.00035","-0.00011","0","14.7","Humid","27.30","0","43.40","195687.35","SABD0002000012","AAV2.0.0.13","1.1.2.0","PSt7-10","000000-000","6/10/2026 14:47:13","0000-00","0","no battery","V"
"07/09/2026","00:27:11","3","default","198787511","O3","688.504","min","175.924","µmol/L","Humid","21.386","deg","134943","µV","22.897","°C","1009.000","hPa","34.2","pmil","0","52.118","deg","21.808","°C","226.700","µmol/L","21.407","deg","20.891","°C","1012.000","hPa","0.861","-0.02056","0.00035","-0.00011","0","14.7","Humid","27.30","0","43.40","195683.54","SABD0002000012","AAV2.0.0.13","1.1.2.0","PSt7-10","000000-000","6/10/2026 14:47:13","0000-00","0","no battery","V"
"07/09/2026","00:27:41","3","default","198787511","O3","689.005","min","175.986","µmol/L","Humid","21.384","deg","134940","µV","22.891","°C","1009.000","hPa","34.2","pmil","0","52.118","deg","21.808","°C","226.700","µmol/L","21.407","deg","20.891","°C","1012.000","hPa","0.861","-0.02056","0.00035","-0.00011","0","14.7","Humid","27.30","0","43.40","195670.49","SABD0002000012","AAV2.0.0.13","1.1.2.0","PSt7-10","000000-000","6/10/2026 14:47:13","0000-00","0","no battery","V"
"07/09/2026","00:28:11","3","default","198787511","O3","689.504","min","175.940","µmol/L","Humid","21.385","deg","134954","µV","22.897","°C","1009.000","hPa","34.2","pmil","0","52.118","deg","21.808","°C","226.700","µmol/L","21.407","deg","20.891","°C","1012.000","hPa","0.861","-0.02056","0.00035","-0.00011","0","14.7","Humid","27.30","0","43.40","195684.57","SABD0002000012","AAV2.0.0.13","1.1.2.0","PSt7-10","000000-000","6/10/2026 14:47:13","0000-00","0","no battery","V"
"07/09/2026","00:28:41","3","default","198787511","O3","690.005","min","175.875","µmol/L","Humid","21.389","deg","134964","µV","22.897","°C","1009.000","hPa","34.2","pmil","0","52.118","deg","21.808","°C","226.700","µmol/L","21.407","deg","20.891","°C","1012.000","hPa","0.861","-0.02056","0.00035","-0.00011","0","14.7","Humid","27.30","0","43.40","195676.97","SABD0002000012","AAV2.0.0.13","1.1.2.0","PSt7-10","000000-000","6/10/2026 14:47:13","0000-00","0","no battery","V"
"07/09/2026","00:29:11","3","default","198787511","O3","690.504","min","175.892","µmol/L","Humid","21.388","deg","134965","µV","22.897","°C","1009.000","hPa","34.2","pmil","0","52.118","deg","21.808","°C","226.700","µmol/L","21.407","deg","20.891","°C","1012.000","hPa","0.861","-0.02056","0.00035","-0.00011","0","14.7","Humid","27.30","0","43.40","195686.60","SABD0002000012","AAV2.0.0.13","1.1.2.0","PSt7-10","000000-000","6/10/2026 14:47:13","0000-00","0","no battery","V"
"07/09/2026","00:29:41","3","default","198787511","O3","691.005","min","175.843","µmol/L","Humid","21.391","deg","134985","µV","22.897","°C","1009.000","hPa","34.2","pmil","0","52.118","deg","21.808","°C","226.700","µmol/L","21.407","deg","20.891","°C","1012.000","hPa","0.861","-0.02056","0.00035","-0.00011","0","14.7","Humid","27.30","0","43.40","195690.90","SABD0002000012","AAV2.0.0.13","1.1.2.0","PSt7-10","000000-000","6/10/2026 14:47:13","0000-00","0","no battery","V"
"07/09/2026","00:30:11","3","default","198787511","O3","691.504","min","175.827","µmol/L","Humid","21.392","deg","134985","µV","22.897","°C","1009.000","hPa","34.2","pmil","0","52.118","deg","21.808","°C","226.700","µmol/L","21.407","deg","20.891","°C","1012.000","hPa","0.861","-0.02056","0.00035","-0.00011","0","14.7","Humid","27.30","0","43.40","195680.08","SABD0002000012","AAV2.0.0.13","1.1.2.0","PSt7-10","000000-000","6/10/2026 14:47:13","0000-00","0","no battery","V"
"07/09/2026","00:30:41","3","default","198787511","O3","692.005","min","175.748","µmol/L","Humid","21.395","deg","135000","µV","22.903","°C","1009.000","hPa","34.2","pmil","0","52.118","deg","21.808","°C","226.700","µmol/L","21.407","deg","20.891","°C","1012.000","hPa","0.861","-0.02056","0.00035","-0.00011","0","14.7","Humid","27.30","0","43.40","195682.41","SABD0002000012","AAV2.0.0.13","1.1.2.0","PSt7-10","000000-000","6/10/2026 14:47:13","0000-00","0","no battery","V"
"07/09/2026","00:31:11","3","default","198787511","O3","692.505","min","176.037","µmol/L","Humid","21.379","deg","134877","µV","22.897","°C","1009.000","hPa","34.2","pmil","0","52.118","deg","21.808","°C","226.700","µmol/L","21.407","deg","20.891","°C","1012.000","hPa","0.861","-0.02056","0.00035","-0.00011","0","14.7","Humid","27.30","0","43.40","195678.66","SABD0002000012","AAV2.0.0.13","1.1.2.0","PSt7-10","000000-000","6/10/2026 14:47:13","0000-00","0","no battery","V"
"07/09/2026","00:31:41","3","default","198787511","O3","693.005","min","176.247","µmol/L","Humid","21.366","deg","134766","µV","22.897","°C","1009.000","hPa","34.2","pmil","0","52.118","deg","21.808","°C","226.700","µmol/L","21.407","deg","20.891","°C","1012.000","hPa","0.861","-0.02056","0.00035","-0.00011","0","14.7","Humid","27.30","0","43.40","195674.15","SABD0002000012","AAV2.0.0.13","1.1.2.0","PSt7-10","000000-000","6/10/2026 14:47:13","0000-00","0","no battery","V"
"07/09/2026","00:32:11","3","default","198787511","O3","693.504","min","176.445","µmol/L","Humid","21.350","deg","134690","µV","22.909","°C","1009.000","hPa","34.2","pmil","0","52.118","deg","21.808","°C","226.700","µmol/L","21.407","deg","20.891","°C","1012.000","hPa","0.861","-0.02056","0.00035","-0.00011","0","14.7","Humid","27.30","0","43.40","195675.63","SABD0002000012","AAV2.0.0.13","1.1.2.0","PSt7-10","000000-000","6/10/2026 14:47:13","0000-00","0","no battery","V"
"07/09/2026","00:32:41","3","default","198787511","O3","694.005","min","176.540","µmol/L","Humid","21.346","deg","134636","µV","22.903","°C","1009.000","hPa","34.2","pmil","0","52.118","deg","21.808","°C","226.700","µmol/L","21.407","deg","20.891","°C","1012.000","hPa","0.861","-0.02056","0.00035","-0.00011","0","14.7","Humid","27.30","0","43.40","195672.84","SABD0002000012","AAV2.0.0.13","1.1.2.0","PSt7-10","000000-000","6/10/2026 14:47:13","0000-00","0","no battery","V"
"07/09/2026","00:33:11","3","default","198787511","O3","694.505","min","176.653","µmol/L","Humid","21.339","deg","134600","µV","22.903","°C","1009.000","hPa","34.2","pmil","0","52.118","deg","21.808","°C","226.700","µmol/L","21.407","deg","20.891","°C","1012.000","hPa","0.861","-0.02056","0.00035","-0.00011","0","14.7","Humid","27.30","0","43.40","195674.45","SABD0002000012","AAV2.0.0.13","1.1.2.0","PSt7-10","000000-000","6/10/2026 14:47:13","0000-00","0","no battery","V"
"07/09/2026","00:33:41","3","default","198787511","O3","695.005","min","176.670","µmol/L","Humid","21.338","deg","134587","µV","22.903","°C","1009.000","hPa","34.2","pmil","0","52.118","deg","21.808","°C","226.700","µmol/L","21.407","deg","20.891","°C","1012.000","hPa","0.861","-0.02056","0.00035","-0.00011","0","14.7","Humid","27.30","0","43.40","195669.79","SABD0002000012","AAV2.0.0.13","1.1.2.0","PSt7-10","000000-000","6/10/2026 14:47:13","0000-00","0","no battery","V"
"07/09/2026","00:34:11","3","default","198787511","O3","695.505","min","176.672","µmol/L","Humid","21.336","deg","134552","µV","22.909","°C","1009.000","hPa","34.2","pmil","0","52.118","deg","21.808","°C","226.700","µmol/L","21.407","deg","20.891","°C","1012.000","hPa","0.861","-0.02056","0.00035","-0.00011","0","14.7","Humid","27.30","0","43.40","195684.56","SABD0002000012","AAV2.0.0.13","1.1.2.0","PSt7-10","000000-000","6/10/2026 14:47:13","0000-00","0","no battery","V"
"07/09/2026","00:34:41","3","default","198787511","O3","696.004","min","176.720","µmol/L","Humid","21.333","deg","134556","µV","22.909","°C","1009.000","hPa","34.2","pmil","0","52.118","deg","21.808","°C","226.700","µmol/L","21.407","deg","20.891","°C","1012.000","hPa","0.861","-0.02056","0.00035","-0.00011","0","14.7","Humid","27.30","0","43.40","195672.83","SABD0002000012","AAV2.0.0.13","1.1.2.0","PSt7-10","000000-000","6/10/2026 14:47:13","0000-00","0","no battery","V"
"07/09/2026","00:35:11","3","default","198787511","O3","696.505","min","176.718","µmol/L","Humid","21.335","deg","134551","µV","22.903","°C","1009.000","hPa","34.2","pmil","0","52.118","deg","21.808","°C","226.700","µmol/L","21.407","deg","20.891","°C","1012.000","hPa","0.861","-0.02056","0.00035","-0.00011","0","14.7","Humid","27.30","0","43.40","195675.44","SABD0002000012","AAV2.0.0.13","1.1.2.0","PSt7-10","000000-000","6/10/2026 14:47:13","0000-00","0","no battery","V"
"07/09/2026","00:35:41","3","default","198787511","O3","697.005","min","176.736","µmol/L","Humid","21.332","deg","134547","µV","22.909","°C","1009.000","hPa","34.2","pmil","0","52.118","deg","21.808","°C","226.700","µmol/L","21.407","deg","20.891","°C","1012.000","hPa","0.861","-0.02056","0.00035","-0.00011","0","14.7","Humid","27.30","0","43.40","195672.59","SABD0002000012","AAV2.0.0.13","1.1.2.0","PSt7-10","000000-000","6/10/2026 14:47:13","0000-00","0","no battery","V"
"07/09/2026","00:36:11","3","default","198787511","O3","697.504","min","176.814","µmol/L","Humid","21.331","deg","134543","µV","22.897","°C","1009.000","hPa","34.2","pmil","0","52.118","deg","21.808","°C","226.700","µmol/L","21.407","deg","20.891","°C","1012.000","hPa","0.861","-0.02056","0.00035","-0.00011","0","14.7","Humid","27.30","0","43.40","195667.68","SABD0002000012","AAV2.0.0.13","1.1.2.0","PSt7-10","000000-000","6/10/2026 14:47:13","0000-00","0","no battery","V"
"07/09/2026","00:36:41","3","default","198787511","O3","698.005","min","176.767","µmol/L","Humid","21.332","deg","134540","µV","22.903","°C","1009.000","hPa","34.2","pmil","0","52.118","deg","21.808","°C","226.700","µmol/L","21.407","deg","20.891","°C","1012.000","hPa","0.861","-0.02056","0.00035","-0.00011","0","14.7","Humid","27.30","0","43.40","195674.12","SABD0002000012","AAV2.0.0.13","1.1.2.0","PSt7-10","000000-000","6/10/2026 14:47:13","0000-00","0","no battery","V"
"07/09/2026","00:37:11","3","default","198787511","O3","698.504","min","176.816","µmol/L","Humid","21.329","deg","134541","µV","22.903","°C","1009.000","hPa","34.2","pmil","0","52.118","deg","21.808","°C","226.700","µmol/L","21.407","deg","20.891","°C","1012.000","hPa","0.861","-0.02056","0.00035","-0.00011","0","14.7","Humid","27.30","0","43.40","195671.46","SABD0002000012","AAV2.0.0.13","1.1.2.0","PSt7-10","000000-000","6/10/2026 14:47:13","0000-00","0","no battery","V"
"07/09/2026","00:37:41","3","default","198787511","O3","699.004","min","176.686","µmol/L","Humid","21.337","deg","134536","µV","22.903","°C","1009.000","hPa","34.2","pmil","0","52.118","deg","21.808","°C","226.700","µmol/L","21.407","deg","20.891","°C","1012.000","hPa","0.861","-0.02056","0.00035","-0.00011","0","14.7","Humid","27.30","0","43.40","195668.38","SABD0002000012","AAV2.0.0.13","1.1.2.0","PSt7-10","000000-000","6/10/2026 14:47:13","0000-00","0","no battery","V"
"07/09/2026","00:38:11","3","default","198787511","O3","699.505","min","176.702","µmol/L","Humid","21.336","deg","134535","µV","22.903","°C","1009.000","hPa","34.2","pmil","0","52.118","deg","21.808","°C","226.700","µmol/L","21.407","deg","20.891","°C","1012.000","hPa","0.861","-0.02056","0.00035","-0.00011","0","14.7","Humid","27.30","0","43.40","195670.56","SABD0002000012","AAV2.0.0.13","1.1.2.0","PSt7-10","000000-000","6/10/2026 14:47:13","0000-00","0","no battery","V"
"07/09/2026","00:38:41","3","default","198787511","O3","700.005","min","176.690","µmol/L","Humid","21.333","deg","134538","µV","22.915","°C","1009.000","hPa","34.2","pmil","0","52.118","deg","21.808","°C","226.700","µmol/L","21.407","deg","20.891","°C","1012.000","hPa","0.861","-0.02056","0.00035","-0.00011","0","14.7","Humid","27.30","0","43.40","195658.49","SABD0002000012","AAV2.0.0.13","1.1.2.0","PSt7-10","000000-000","6/10/2026 14:47:13","0000-00","0","no battery","V"
"07/09/2026","00:39:11","3","default","198787511","O3","700.505","min","176.657","µmol/L","Humid","21.335","deg","134535","µV","22.915","°C","1009.000","hPa","34.2","pmil","0","52.118","deg","21.808","°C","226.700","µmol/L","21.407","deg","20.891","°C","1012.000","hPa","0.861","-0.02056","0.00035","-0.00011","0","14.7","Humid","27.30","0","43.40","195679.21","SABD0002000012","AAV2.0.0.13","1.1.2.0","PSt7-10","000000-000","6/10/2026 14:47:13","0000-00","0","no battery","V"
"07/09/2026","00:39:41","3","default","198787511","O3","701.004","min","176.736","µmol/L","Humid","21.332","deg","134546","µV","22.909","°C","1009.000","hPa","34.2","pmil","0","52.118","deg","21.808","°C","226.700","µmol/L","21.407","deg","20.891","°C","1012.000","hPa","0.861","-0.02056","0.00035","-0.00011","0","14.7","Humid","27.30","0","43.40","195663.60","SABD0002000012","AAV2.0.0.13","1.1.2.0","PSt7-10","000000-000","6/10/2026 14:47:13","0000-00","0","no battery","V"
"07/09/2026","00:40:11","3","default","198787511","O3","701.505","min","176.735","µmol/L","Humid","21.334","deg","134533","µV","22.903","°C","1009.000","hPa","34.2","pmil","0","52.118","deg","21.808","°C","226.700","µmol/L","21.407","deg","20.891","°C","1012.000","hPa","0.861","-0.02056","0.00035","-0.00011","0","14.7","Humid","27.30","0","43.40","195663.23","SABD0002000012","AAV2.0.0.13","1.1.2.0","PSt7-10","000000-000","6/10/2026 14:47:13","0000-00","0","no battery","V"
"07/09/2026","00:40:41","3","default","198787511","O3","702.005","min","176.688","µmol/L","Humid","21.335","deg","134537","µV","22.909","°C","1009.000","hPa","34.2","pmil","0","52.118","deg","21.808","°C","226.700","µmol/L","21.407","deg","20.891","°C","1012.000","hPa","0.861","-0.02056","0.00035","-0.00011","0","14.7","Humid","27.30","0","43.40","195653.62","SABD0002000012","AAV2.0.0.13","1.1.2.0","PSt7-10","000000-000","6/10/2026 14:47:13","0000-00","0","no battery","V"
"07/09/2026","00:41:11","3","default","198787511","O3","702.504","min","176.704","µmol/L","Humid","21.334","deg","134531","µV","22.909","°C","1009.000","hPa","34.2","pmil","0","52.118","deg","21.808","°C","226.700","µmol/L","21.407","deg","20.891","°C","1012.000","hPa","0.861","-0.02056","0.00035","-0.00011","0","14.7","Humid","27.30","0","43.40","195659.75","SABD0002000012","AAV2.0.0.13","1.1.2.0","PSt7-10","000000-000","6/10/2026 14:47:13","0000-00","0","no battery","V"
"07/09/2026","00:41:41","3","default","198787511","O3","703.004","min","176.657","µmol/L","Humid","21.335","deg","134540","µV","22.915","°C","1009.000","hPa","34.2","pmil","0","52.118","deg","21.808","°C","226.700","µmol/L","21.407","deg","20.891","°C","1012.000","hPa","0.861","-0.02056","0.00035","-0.00011","0","14.7","Humid","27.30","0","43.40","195659.56","SABD0002000012","AAV2.0.0.13","1.1.2.0","PSt7-10","000000-000","6/10/2026 14:47:13","0000-00","0","no battery","V"
"07/09/2026","00:42:11","3","default","198787511","O3","703.505","min","176.704","µmol/L","Humid","21.334","deg","134543","µV","22.909","°C","1009.000","hPa","34.2","pmil","0","52.118","deg","21.808","°C","226.700","µmol/L","21.407","deg","20.891","°C","1012.000","hPa","0.861","-0.02056","0.00035","-0.00011","0","14.7","Humid","27.30","0","43.40","195655.98","SABD0002000012","AAV2.0.0.13","1.1.2.0","PSt7-10","000000-000","6/10/2026 14:47:13","0000-00","0","no battery","V"
"07/09/2026","00:42:41","3","default","198787511","O3","704.004","min","176.659","µmol/L","Humid","21.333","deg","134541","µV","22.922","°C","1009.000","hPa","34.2","pmil","0","52.118","deg","21.808","°C","226.700","µmol/L","21.407","deg","20.891","°C","1012.000","hPa","0.861","-0.02056","0.00035","-0.00011","0","14.7","Humid","27.30","0","43.40","195655.74","SABD0002000012","AAV2.0.0.13","1.1.2.0","PSt7-10","000000-000","6/10/2026 14:47:13","0000-00","0","no battery","V"
"07/09/2026","00:43:11","3","default","198787511","O3","704.505","min","176.670","µmol/L","Humid","21.338","deg","134549","µV","22.903","°C","1009.000","hPa","34.2","pmil","0","52.118","deg","21.808","°C","226.700","µmol/L","21.407","deg","20.891","°C","1012.000","hPa","0.861","-0.02056","0.00035","-0.00011","0","14.7","Humid","27.30","0","43.40","195644.39","SABD0002000012","AAV2.0.0.13","1.1.2.0","PSt7-10","000000-000","6/10/2026 14:47:13","0000-00","0","no battery","V"
"07/09/2026","00:43:41","3","default","198787511","O3","705.004","min","176.688","µmol/L","Humid","21.335","deg","134554","µV","22.909","°C","1009.000","hPa","34.2","pmil","0","52.118","deg","21.808","°C","226.700","µmol/L","21.407","deg","20.891","°C","1012.000","hPa","0.861","-0.02056","0.00035","-0.00011","0","14.7","Humid","27.30","0","43.40","195657.32","SABD0002000012","AAV2.0.0.13","1.1.2.0","PSt7-10","000000-000","6/10/2026 14:47:13","0000-00","0","no battery","V"
"07/09/2026","00:44:11","3","default","198787511","O3","705.504","min","176.625","µmol/L","Humid","21.337","deg","134542","µV","22.915","°C","1009.000","hPa","34.2","pmil","0","52.118","deg","21.808","°C","226.700","µmol/L","21.407","deg","20.891","°C","1012.000","hPa","0.861","-0.02056","0.00035","-0.00011","0","14.7","Humid","27.30","0","43.40","195650.56","SABD0002000012","AAV2.0.0.13","1.1.2.0","PSt7-10","000000-000","6/10/2026 14:47:13","0000-00","0","no battery","V"
"07/09/2026","00:44:41","3","default","198787511","O3","706.005","min","176.690","µmol/L","Humid","21.333","deg","134540","µV","22.915","°C","1009.000","hPa","34.2","pmil","0","52.118","deg","21.808","°C","226.700","µmol/L","21.407","deg","20.891","°C","1012.000","hPa","0.861","-0.02056","0.00035","-0.00011","0","14.7","Humid","27.30","0","43.40","195651.87","SABD0002000012","AAV2.0.0.13","1.1.2.0","PSt7-10","000000-000","6/10/2026 14:47:13","0000-00","0","no battery","V"
"07/09/2026","00:45:11","3","default","198787511","O3","706.505","min","176.609","µmol/L","Humid","21.338","deg","134550","µV","22.915","°C","1009.000","hPa","34.2","pmil","0","52.118","deg","21.808","°C","226.700","µmol/L","21.407","deg","20.891","°C","1012.000","hPa","0.861","-0.02056","0.00035","-0.00011","0","14.7","Humid","27.30","0","43.40","195658.88","SABD0002000012","AAV2.0.0.13","1.1.2.0","PSt7-10","000000-000","6/10/2026 14:47:13","0000-00","0","no battery","V"
"07/09/2026","00:45:41","3","default","198787511","O3","707.005","min","176.592","µmol/L","Humid","21.339","deg","134564","µV","22.915","°C","1009.000","hPa","34.2","pmil","0","52.118","deg","21.808","°C","226.700","µmol/L","21.407","deg","20.891","°C","1012.000","hPa","0.861","-0.02056","0.00035","-0.00011","0","14.7","Humid","27.30","0","43.40","195653.39","SABD0002000012","AAV2.0.0.13","1.1.2.0","PSt7-10","000000-000","6/10/2026 14:47:13","0000-00","0","no battery","V"
"07/09/2026","00:46:11","3","default","198787511","O3","707.504","min","176.591","µmol/L","Humid","21.341","deg","134576","µV","22.909","°C","1009.000","hPa","34.2","pmil","0","52.118","deg","21.808","°C","226.700","µmol/L","21.407","deg","20.891","°C","1012.000","hPa","0.861","-0.02056","0.00035","-0.00011","0","14.7","Humid","27.30","0","43.40","195648.64","SABD0002000012","AAV2.0.0.13","1.1.2.0","PSt7-10","000000-000","6/10/2026 14:47:13","0000-00","0","no battery","V"
"07/09/2026","00:46:41","3","default","198787511","O3","708.005","min","176.655","µmol/L","Humid","21.337","deg","134571","µV","22.909","°C","1009.000","hPa","34.2","pmil","0","52.118","deg","21.808","°C","226.700","µmol/L","21.407","deg","20.891","°C","1012.000","hPa","0.861","-0.02056","0.00035","-0.00011","0","14.7","Humid","27.30","0","43.40","195654.79","SABD0002000012","AAV2.0.0.13","1.1.2.0","PSt7-10","000000-000","6/10/2026 14:47:13","0000-00","0","no battery","V"
"07/09/2026","00:47:11","3","default","198787511","O3","708.505","min","176.544","µmol/L","Humid","21.342","deg","134575","µV","22.915","°C","1009.000","hPa","34.2","pmil","0","52.118","deg","21.808","°C","226.700","µmol/L","21.407","deg","20.891","°C","1012.000","hPa","0.861","-0.02056","0.00035","-0.00011","0","14.7","Humid","27.30","0","43.40","195646.84","SABD0002000012","AAV2.0.0.13","1.1.2.0","PSt7-10","000000-000","6/10/2026 14:47:13","0000-00","0","no battery","V"
"07/09/2026","00:47:41","3","default","198787511","O3","709.004","min","176.574","µmol/L","Humid","21.342","deg","134575","µV","22.909","°C","1009.000","hPa","34.2","pmil","0","52.118","deg","21.808","°C","226.700","µmol/L","21.407","deg","20.891","°C","1012.000","hPa","0.861","-0.02056","0.00035","-0.00011","0","14.7","Humid","27.30","0","43.40","195648.95","SABD0002000012","AAV2.0.0.13","1.1.2.0","PSt7-10","000000-000","6/10/2026 14:47:13","0000-00","0","no battery","V"
"07/09/2026","00:48:11","3","default","198787511","O3","709.505","min","176.560","µmol/L","Humid","21.341","deg","134582","µV","22.915","°C","1009.000","hPa","34.2","pmil","0","52.118","deg","21.808","°C","226.700","µmol/L","21.407","deg","20.891","°C","1012.000","hPa","0.861","-0.02056","0.00035","-0.00011","0","14.7","Humid","27.30","0","43.40","195658.17","SABD0002000012","AAV2.0.0.13","1.1.2.0","PSt7-10","000000-000","6/10/2026 14:47:13","0000-00","0","no battery","V"
"07/09/2026","00:48:41","3","default","198787511","O3","710.005","min","176.511","µmol/L","Humid","21.344","deg","134584","µV","22.915","°C","1009.000","hPa","34.2","pmil","0","52.118","deg","21.808","°C","226.700","µmol/L","21.407","deg","20.891","°C","1012.000","hPa","0.861","-0.02056","0.00035","-0.00011","0","14.7","Humid","27.30","0","43.40","195657.02","SABD0002000012","AAV2.0.0.13","1.1.2.0","PSt7-10","000000-000","6/10/2026 14:47:13","0000-00","0","no battery","V"
"07/09/2026","00:49:11","3","default","198787511","O3","710.504","min","176.528","µmol/L","Humid","21.343","deg","134576","µV","22.915","°C","1009.000","hPa","34.2","pmil","0","52.118","deg","21.808","°C","226.700","µmol/L","21.407","deg","20.891","°C","1012.000","hPa","0.861","-0.02056","0.00035","-0.00011","0","14.7","Humid","27.30","0","43.40","195642.30","SABD0002000012","AAV2.0.0.13","1.1.2.0","PSt7-10","000000-000","6/10/2026 14:47:13","0000-00","0","no battery","V"
"07/09/2026","00:49:41","3","default","198787511","O3","711.004","min","176.497","µmol/L","Humid","21.343","deg","134597","µV","22.922","°C","1009.000","hPa","34.2","pmil","0","52.118","deg","21.808","°C","226.700","µmol/L","21.407","deg","20.891","°C","1012.000","hPa","0.861","-0.02056","0.00035","-0.00011","0","14.7","Humid","27.30","0","43.40","195646.21","SABD0002000012","AAV2.0.0.13","1.1.2.0","PSt7-10","000000-000","6/10/2026 14:47:13","0000-00","0","no battery","V"
"07/09/2026","00:50:11","3","default","198787511","O3","711.505","min","176.511","µmol/L","Humid","21.344","deg","134599","µV","22.915","°C","1009.000","hPa","34.2","pmil","0","52.118","deg","21.808","°C","226.700","µmol/L","21.407","deg","20.891","°C","1012.000","hPa","0.861","-0.02056","0.00035","-0.00011","0","14.7","Humid","27.30","0","43.40","195635.45","SABD0002000012","AAV2.0.0.13","1.1.2.0","PSt7-10","000000-000","6/10/2026 14:47:13","0000-00","0","no battery","V"
"07/09/2026","00:50:41","3","default","198787511","O3","712.004","min","176.529","µmol/L","Humid","21.341","deg","134590","µV","22.922","°C","1009.000","hPa","34.2","pmil","0","52.118","deg","21.808","°C","226.700","µmol/L","21.407","deg","20.891","°C","1012.000","hPa","0.861","-0.02056","0.00035","-0.00011","0","14.7","Humid","27.30","0","43.40","195643.24","SABD0002000012","AAV2.0.0.13","1.1.2.0","PSt7-10","000000-000","6/10/2026 14:47:13","0000-00","0","no battery","V"
"07/09/2026","00:51:11","3","default","198787511","O3","712.505","min","176.463","µmol/L","Humid","21.347","deg","134608","µV","22.915","°C","1009.000","hPa","34.2","pmil","0","52.118","deg","21.808","°C","226.700","µmol/L","21.407","deg","20.891","°C","1012.000","hPa","0.861","-0.02056","0.00035","-0.00011","0","14.7","Humid","27.30","0","43.40","195659.80","SABD0002000012","AAV2.0.0.13","1.1.2.0","PSt7-10","000000-000","6/10/2026 14:47:13","0000-00","0","no battery","V"
"07/09/2026","00:51:41","3","default","198787511","O3","713.005","min","176.495","µmol/L","Humid","21.345","deg","134612","µV","22.915","°C","1009.000","hPa","34.2","pmil","0","52.118","deg","21.808","°C","226.700","µmol/L","21.407","deg","20.891","°C","1012.000","hPa","0.861","-0.02056","0.00035","-0.00011","0","14.7","Humid","27.30","0","43.40","195640.06","SABD0002000012","AAV2.0.0.13","1.1.2.0","PSt7-10","000000-000","6/10/2026 14:47:13","0000-00","0","no battery","V"
"07/09/2026","00:52:11","3","default","198787511","O3","713.504","min","176.448","µmol/L","Humid","21.346","deg","134620","µV","22.922","°C","1009.000","hPa","34.2","pmil","0","52.118","deg","21.808","°C","226.700","µmol/L","21.407","deg","20.891","°C","1012.000","hPa","0.861","-0.02056","0.00035","-0.00011","0","14.7","Humid","27.30","0","43.40","195644.70","SABD0002000012","AAV2.0.0.13","1.1.2.0","PSt7-10","000000-000","6/10/2026 14:47:13","0000-00","0","no battery","V"
"07/09/2026","00:52:41","3","default","198787511","O3","714.005","min","176.384","µmol/L","Humid","21.350","deg","134611","µV","22.922","°C","1009.000","hPa","34.2","pmil","0","52.118","deg","21.808","°C","226.700","µmol/L","21.407","deg","20.891","°C","1012.000","hPa","0.861","-0.02056","0.00035","-0.00011","0","14.7","Humid","27.30","0","43.40","195638.48","SABD0002000012","AAV2.0.0.13","1.1.2.0","PSt7-10","000000-000","6/10/2026 14:47:13","0000-00","0","no battery","V"
"07/09/2026","00:53:11","3","default","198787511","O3","714.504","min","176.432","µmol/L","Humid","21.347","deg","134631","µV","22.922","°C","1009.000","hPa","34.2","pmil","0","52.118","deg","21.808","°C","226.700","µmol/L","21.407","deg","20.891","°C","1012.000","hPa","0.861","-0.02056","0.00035","-0.00011","0","14.7","Humid","27.30","0","43.40","195641.52","SABD0002000012","AAV2.0.0.13","1.1.2.0","PSt7-10","000000-000","6/10/2026 14:47:13","0000-00","0","no battery","V"
"07/09/2026","00:53:41","3","default","198787511","O3","715.004","min","176.414","µmol/L","Humid","21.350","deg","134625","µV","22.915","°C","1009.000","hPa","34.2","pmil","0","52.118","deg","21.808","°C","226.700","µmol/L","21.407","deg","20.891","°C","1012.000","hPa","0.861","-0.02056","0.00035","-0.00011","0","14.7","Humid","27.30","0","43.40","195637.23","SABD0002000012","AAV2.0.0.13","1.1.2.0","PSt7-10","000000-000","6/10/2026 14:47:13","0000-00","0","no battery","V"
"07/09/2026","00:54:11","3","default","198787511","O3","715.505","min","176.351","µmol/L","Humid","21.352","deg","134634","µV","22.922","°C","1009.000","hPa","34.2","pmil","0","52.118","deg","21.808","°C","226.700","µmol/L","21.407","deg","20.891","°C","1012.000","hPa","0.861","-0.02056","0.00035","-0.00011","0","14.7","Humid","27.30","0","43.40","195628.70","SABD0002000012","AAV2.0.0.13","1.1.2.0","PSt7-10","000000-000","6/10/2026 14:47:13","0000-00","0","no battery","V"
"07/09/2026","00:54:41","3","default","198787511","O3","716.004","min","176.384","µmol/L","Humid","21.350","deg","134627","µV","22.922","°C","1009.000","hPa","34.2","pmil","0","52.118","deg","21.808","°C","226.700","µmol/L","21.407","deg","20.891","°C","1012.000","hPa","0.861","-0.02056","0.00035","-0.00011","0","14.7","Humid","27.30","0","43.40","195636.14","SABD0002000012","AAV2.0.0.13","1.1.2.0","PSt7-10","000000-000","6/10/2026 14:47:13","0000-00","0","no battery","V"
"07/09/2026","00:55:11","3","default","198787511","O3","716.504","min","176.448","µmol/L","Humid","21.346","deg","134633","µV","22.922","°C","1009.000","hPa","34.2","pmil","0","52.118","deg","21.808","°C","226.700","µmol/L","21.407","deg","20.891","°C","1012.000","hPa","0.861","-0.02056","0.00035","-0.00011","0","14.7","Humid","27.30","0","43.40","195644.87","SABD0002000012","AAV2.0.0.13","1.1.2.0","PSt7-10","000000-000","6/10/2026 14:47:13","0000-00","0","no battery","V"
"07/09/2026","00:55:41","3","default","198787511","O3","717.005","min","176.339","µmol/L","Humid","21.349","deg","134630","µV","22.934","°C","1009.000","hPa","34.2","pmil","0","52.118","deg","21.808","°C","226.700","µmol/L","21.407","deg","20.891","°C","1012.000","hPa","0.861","-0.02056","0.00035","-0.00011","0","14.7","Humid","27.30","0","43.40","195636.76","SABD0002000012","AAV2.0.0.13","1.1.2.0","PSt7-10","000000-000","6/10/2026 14:47:13","0000-00","0","no battery","V"
"07/09/2026","00:56:11","3","default","198787511","O3","717.505","min","176.289","µmol/L","Humid","21.354","deg","134665","µV","22.928","°C","1009.000","hPa","34.2","pmil","0","52.118","deg","21.808","°C","226.700","µmol/L","21.407","deg","20.891","°C","1012.000","hPa","0.861","-0.02056","0.00035","-0.00011","0","14.7","Humid","27.30","0","43.40","195640.37","SABD0002000012","AAV2.0.0.13","1.1.2.0","PSt7-10","000000-000","6/10/2026 14:47:13","0000-00","0","no battery","V"
"07/09/2026","00:56:41","3","default","198787511","O3","718.004","min","176.254","µmol/L","Humid","21.358","deg","134687","µV","22.922","°C","1009.000","hPa","34.2","pmil","0","52.118","deg","21.808","°C","226.700","µmol/L","21.407","deg","20.891","°C","1012.000","hPa","0.861","-0.02056","0.00035","-0.00011","0","14.7","Humid","27.30","0","43.40","195639.85","SABD0002000012","AAV2.0.0.13","1.1.2.0","PSt7-10","000000-000","6/10/2026 14:47:13","0000-00","0","no battery","V"
"07/09/2026","00:57:11","3","default","198787511","O3","718.505","min","176.143","µmol/L","Humid","21.363","deg","134735","µV","22.928","°C","1009.000","hPa","34.2","pmil","0","52.118","deg","21.808","°C","226.700","µmol/L","21.407","deg","20.891","°C","1012.000","hPa","0.861","-0.02056","0.00035","-0.00011","0","14.7","Humid","27.30","0","43.40","195633.83","SABD0002000012","AAV2.0.0.13","1.1.2.0","PSt7-10","000000-000","6/10/2026 14:47:13","0000-00","0","no battery","V"
"07/09/2026","00:57:41","3","default","198787511","O3","719.004","min","176.062","µmol/L","Humid","21.368","deg","134757","µV","22.928","°C","1009.000","hPa","34.2","pmil","0","52.118","deg","21.808","°C","226.700","µmol/L","21.407","deg","20.891","°C","1012.000","hPa","0.861","-0.02056","0.00035","-0.00011","0","14.7","Humid","27.30","0","43.40","195627.75","SABD0002000012","AAV2.0.0.13","1.1.2.0","PSt7-10","000000-000","6/10/2026 14:47:13","0000-00","0","no battery","V"
"07/09/2026","00:58:11","3","default","198787511","O3","719.505","min","176.012","µmol/L","Humid","21.373","deg","134778","µV","22.922","°C","1009.000","hPa","34.2","pmil","0","52.118","deg","21.808","°C","226.700","µmol/L","21.407","deg","20.891","°C","1012.000","hPa","0.861","-0.02056","0.00035","-0.00011","0","14.7","Humid","27.30","0","43.40","195626.25","SABD0002000012","AAV2.0.0.13","1.1.2.0","PSt7-10","000000-000","6/10/2026 14:47:13","0000-00","0","no battery","V"
"07/09/2026","00:58:41","3","default","198787511","O3","720.005","min","175.915","µmol/L","Humid","21.379","deg","134810","µV","22.922","°C","1009.000","hPa","34.2","pmil","0","52.118","deg","21.808","°C","226.700","µmol/L","21.407","deg","20.891","°C","1012.000","hPa","0.861","-0.02056","0.00035","-0.00011","0","14.7","Humid","27.30","0","43.40","195637.68","SABD0002000012","AAV2.0.0.13","1.1.2.0","PSt7-10","000000-000","6/10/2026 14:47:13","0000-00","0","no battery","V"
"07/09/2026","00:59:11","3","default","198787511","O3","720.504","min","176.184","µmol/L","Humid","21.368","deg","134792","µV","22.903","°C","1009.000","hPa","34.2","pmil","0","52.118","deg","21.808","°C","226.700","µmol/L","21.407","deg","20.891","°C","1012.000","hPa","0.861","-0.02056","0.00035","-0.00011","0","14.7","Humid","27.30","0","43.40","195629.03","SABD0002000012","AAV2.0.0.13","1.1.2.0","PSt7-10","000000-000","6/10/2026 14:47:13","0000-00","0","no battery","V"
"07/09/2026","00:59:41","3","default","198787511","O3","721.005","min","176.101","µmol/L","Humid","21.375","deg","134803","µV","22.897","°C","1009.000","hPa","34.2","pmil","0","52.118","deg","21.808","°C","226.700","µmol/L","21.407","deg","20.891","°C","1012.000","hPa","0.861","-0.02056","0.00035","-0.00011","0","14.7","Humid","27.30","0","43.40","195627.33","SABD0002000012","AAV2.0.0.13","1.1.2.0","PSt7-10","000000-000","6/10/2026 14:47:13","0000-00","0","no battery","V"
"07/09/2026","01:00:11","3","default","198787511","O3","721.505","min","176.166","µmol/L","Humid","21.371","deg","134752","µV","22.897","°C","1009.000","hPa","34.2","pmil","0","52.118","deg","21.808","°C","226.700","µmol/L","21.407","deg","20.891","°C","1012.000","hPa","0.861","-0.02056","0.00035","-0.00011","0","14.7","Humid","27.30","0","43.40","195636.85","SABD0002000012","AAV2.0.0.13","1.1.2.0","PSt7-10","000000-000","6/10/2026 14:47:13","0000-00","0","no battery","V"
"07/09/2026","01:00:41","3","default","198787511","O3","722.004","min","176.261","µmol/L","Humid","21.367","deg","134703","µV","22.891","°C","1009.000","hPa","34.2","pmil","0","52.118","deg","21.808","°C","226.700","µmol/L","21.407","deg","20.891","°C","1012.000","hPa","0.861","-0.02056","0.00035","-0.00011","0","14.7","Humid","27.30","0","43.40","195628.88","SABD0002000012","AAV2.0.0.13","1.1.2.0","PSt7-10","000000-000","6/10/2026 14:47:13","0000-00","0","no battery","V"
"07/09/2026","01:01:11","3","default","198787511","O3","722.505","min","176.281","µmol/L","Humid","21.362","deg","134672","µV","22.903","°C","1009.000","hPa","34.2","pmil","0","52.118","deg","21.808","°C","226.700","µmol/L","21.407","deg","20.891","°C","1012.000","hPa","0.861","-0.02056","0.00035","-0.00011","0","14.7","Humid","27.30","0","43.40","195631.50","SABD0002000012","AAV2.0.0.13","1.1.2.0","PSt7-10","000000-000","6/10/2026 14:47:13","0000-00","0","no battery","V"
"07/09/2026","01:01:41","3","default","198787511","O3","723.004","min","176.362","µmol/L","Humid","21.357","deg","134636","µV","22.903","°C","1009.000","hPa","34.2","pmil","0","52.118","deg","21.808","°C","226.700","µmol/L","21.407","deg","20.891","°C","1012.000","hPa","0.861","-0.02056","0.00035","-0.00011","0","14.7","Humid","27.30","0","43.40","195633.05","SABD0002000012","AAV2.0.0.13","1.1.2.0","PSt7-10","000000-000","6/10/2026 14:47:13","0000-00","0","no battery","V"
"07/09/2026","01:02:11","3","default","198787511","O3","723.504","min","176.392","µmol/L","Humid","21.357","deg","134622","µV","22.897","°C","1009.000","hPa","34.2","pmil","0","52.118","deg","21.808","°C","226.700","µmol/L","21.407","deg","20.891","°C","1012.000","hPa","0.861","-0.02056","0.00035","-0.00011","0","14.7","Humid","27.30","0","43.40","195631.07","SABD0002000012","AAV2.0.0.13","1.1.2.0","PSt7-10","000000-000","6/10/2026 14:47:13","0000-00","0","no battery","V"
"07/09/2026","01:02:41","3","default","198787511","O3","724.005","min","176.459","µmol/L","Humid","21.351","deg","134599","µV","22.903","°C","1009.000","hPa","34.2","pmil","0","52.118","deg","21.808","°C","226.700","µmol/L","21.407","deg","20.891","°C","1012.000","hPa","0.861","-0.02056","0.00035","-0.00011","0","14.7","Humid","27.30","0","43.40","195618.48","SABD0002000012","AAV2.0.0.13","1.1.2.0","PSt7-10","000000-000","6/10/2026 14:47:13","0000-00","0","no battery","V"
"07/09/2026","01:03:11","3","default","198787511","O3","724.505","min","176.538","µmol/L","Humid","21.348","deg","134584","µV","22.897","°C","1009.000","hPa","34.2","pmil","0","52.118","deg","21.808","°C","226.700","µmol/L","21.407","deg","20.891","°C","1012.000","hPa","0.861","-0.02056","0.00035","-0.00011","0","14.7","Humid","27.30","0","43.40","195621.43","SABD0002000012","AAV2.0.0.13","1.1.2.0","PSt7-10","000000-000","6/10/2026 14:47:13","0000-00","0","no battery","V"
"07/09/2026","01:03:41","3","default","198787511","O3","725.004","min","176.410","µmol/L","Humid","21.354","deg","134577","µV","22.903","°C","1009.000","hPa","34.2","pmil","0","52.118","deg","21.808","°C","226.700","µmol/L","21.407","deg","20.891","°C","1012.000","hPa","0.861","-0.02056","0.00035","-0.00011","0","14.7","Humid","27.30","0","43.40","195619.16","SABD0002000012","AAV2.0.0.13","1.1.2.0","PSt7-10","000000-000","6/10/2026 14:47:13","0000-00","0","no battery","V"
"07/09/2026","01:04:11","3","default","198787511","O3","725.505","min","176.429","µmol/L","Humid","21.351","deg","134557","µV","22.909","°C","1009.000","hPa","34.2","pmil","0","52.118","deg","21.808","°C","226.700","µmol/L","21.407","deg","20.891","°C","1012.000","hPa","0.861","-0.02056","0.00035","-0.00011","0","14.7","Humid","27.30","0","43.40","195630.82","SABD0002000012","AAV2.0.0.13","1.1.2.0","PSt7-10","000000-000","6/10/2026 14:47:13","0000-00","0","no battery","V"
"07/09/2026","01:04:41","3","default","198787511","O3","726.005","min","176.475","µmol/L","Humid","21.350","deg","134555","µV","22.903","°C","1009.000","hPa","34.2","pmil","0","52.118","deg","21.808","°C","226.700","µmol/L","21.407","deg","20.891","°C","1012.000","hPa","0.861","-0.02056","0.00035","-0.00011","0","14.7","Humid","27.30","0","43.40","195617.80","SABD0002000012","AAV2.0.0.13","1.1.2.0","PSt7-10","000000-000","6/10/2026 14:47:13","0000-00","0","no battery","V"
"07/09/2026","01:05:11","3","default","198787511","O3","726.505","min","176.461","µmol/L","Humid","21.349","deg","134549","µV","22.909","°C","1009.000","hPa","34.2","pmil","0","52.118","deg","21.808","°C","226.700","µmol/L","21.407","deg","20.891","°C","1012.000","hPa","0.861","-0.02056","0.00035","-0.00011","0","14.7","Humid","27.30","0","43.40","195621.15","SABD0002000012","AAV2.0.0.13","1.1.2.0","PSt7-10","000000-000","6/10/2026 14:47:13","0000-00","0","no battery","V"
"07/09/2026","01:05:41","3","default","198787511","O3","727.005","min","176.508","µmol/L","Humid","21.348","deg","134545","µV","22.903","°C","1009.000","hPa","34.2","pmil","0","52.118","deg","21.808","°C","226.700","µmol/L","21.407","deg","20.891","°C","1012.000","hPa","0.861","-0.02056","0.00035","-0.00011","0","14.7","Humid","27.30","0","43.40","195616.33","SABD0002000012","AAV2.0.0.13","1.1.2.0","PSt7-10","000000-000","6/10/2026 14:47:13","0000-00","0","no battery","V"
"07/09/2026","01:06:11","3","default","198787511","O3","727.504","min","176.506","µmol/L","Humid","21.350","deg","134555","µV","22.897","°C","1009.000","hPa","34.2","pmil","0","52.118","deg","21.808","°C","226.700","µmol/L","21.407","deg","20.891","°C","1012.000","hPa","0.861","-0.02056","0.00035","-0.00011","0","14.7","Humid","27.30","0","43.40","195617.79","SABD0002000012","AAV2.0.0.13","1.1.2.0","PSt7-10","000000-000","6/10/2026 14:47:13","0000-00","0","no battery","V"
"07/09/2026","01:06:41","3","default","198787511","O3","728.004","min","176.427","µmol/L","Humid","21.353","deg","134547","µV","22.903","°C","1009.000","hPa","34.2","pmil","0","52.118","deg","21.808","°C","226.700","µmol/L","21.407","deg","20.891","°C","1012.000","hPa","0.861","-0.02056","0.00035","-0.00011","0","14.7","Humid","27.30","0","43.40","195622.08","SABD0002000012","AAV2.0.0.13","1.1.2.0","PSt7-10","000000-000","6/10/2026 14:47:13","0000-00","0","no battery","V"
"07/09/2026","01:07:11","3","default","198787511","O3","728.505","min","176.554","µmol/L","Humid","21.347","deg","134530","µV","22.897","°C","1009.000","hPa","34.2","pmil","0","52.118","deg","21.808","°C","226.700","µmol/L","21.407","deg","20.891","°C","1012.000","hPa","0.861","-0.02056","0.00035","-0.00011","0","14.7","Humid","27.30","0","43.40","195611.49","SABD0002000012","AAV2.0.0.13","1.1.2.0","PSt7-10","000000-000","6/10/2026 14:47:13","0000-00","0","no battery","V"
"07/09/2026","01:07:41","3","default","198787511","O3","729.004","min","176.508","µmol/L","Humid","21.348","deg","134547","µV","22.903","°C","1009.000","hPa","34.2","pmil","0","52.118","deg","21.808","°C","226.700","µmol/L","21.407","deg","20.891","°C","1012.000","hPa","0.861","-0.02056","0.00035","-0.00011","0","14.7","Humid","27.30","0","43.40","195624.33","SABD0002000012","AAV2.0.0.13","1.1.2.0","PSt7-10","000000-000","6/10/2026 14:47:13","0000-00","0","no battery","V"
"07/09/2026","01:08:11","3","default","198787511","O3","729.505","min","176.430","µmol/L","Humid","21.349","deg","134545","µV","22.915","°C","1009.000","hPa","34.2","pmil","0","52.118","deg","21.808","°C","226.700","µmol/L","21.407","deg","20.891","°C","1012.000","hPa","0.861","-0.02056","0.00035","-0.00011","0","14.7","Humid","27.30","0","43.40","195619.46","SABD0002000012","AAV2.0.0.13","1.1.2.0","PSt7-10","000000-000","6/10/2026 14:47:13","0000-00","0","no battery","V"
"07/09/2026","01:08:41","3","default","198787511","O3","730.004","min","176.475","µmol/L","Humid","21.350","deg","134539","µV","22.903","°C","1009.000","hPa","34.2","pmil","0","52.118","deg","21.808","°C","226.700","µmol/L","21.407","deg","20.891","°C","1012.000","hPa","0.861","-0.02056","0.00035","-0.00011","0","14.7","Humid","27.30","0","43.40","195622.33","SABD0002000012","AAV2.0.0.13","1.1.2.0","PSt7-10","000000-000","6/10/2026 14:47:13","0000-00","0","no battery","V"
"07/09/2026","01:09:11","3","default","198787511","O3","730.505","min","176.490","µmol/L","Humid","21.351","deg","134550","µV","22.897","°C","1009.000","hPa","34.2","pmil","0","52.118","deg","21.808","°C","226.700","µmol/L","21.407","deg","20.891","°C","1012.000","hPa","0.861","-0.02056","0.00035","-0.00011","0","14.7","Humid","27.30","0","43.40","195619.47","SABD0002000012","AAV2.0.0.13","1.1.2.0","PSt7-10","000000-000","6/10/2026 14:47:13","0000-00","0","no battery","V"
"07/09/2026","01:09:41","3","default","198787511","O3","731.004","min","176.490","µmol/L","Humid","21.351","deg","134540","µV","22.897","°C","1009.000","hPa","34.2","pmil","0","52.118","deg","21.808","°C","226.700","µmol/L","21.407","deg","20.891","°C","1012.000","hPa","0.861","-0.02056","0.00035","-0.00011","0","14.7","Humid","27.30","0","43.40","195617.47","SABD0002000012","AAV2.0.0.13","1.1.2.0","PSt7-10","000000-000","6/10/2026 14:47:13","0000-00","0","no battery","V"
"07/09/2026","01:10:11","3","default","198787511","O3","731.505","min","176.542","µmol/L","Humid","21.344","deg","134527","µV","22.909","°C","1009.000","hPa","34.2","pmil","0","52.118","deg","21.808","°C","226.700","µmol/L","21.407","deg","20.891","°C","1012.000","hPa","0.861","-0.02056","0.00035","-0.00011","0","14.7","Humid","27.30","0","43.40","195625.90","SABD0002000012","AAV2.0.0.13","1.1.2.0","PSt7-10","000000-000","6/10/2026 14:47:13","0000-00","0","no battery","V"
"07/09/2026","01:10:41","3","default","198787511","O3","732.004","min","176.477","µmol/L","Humid","21.348","deg","134511","µV","22.909","°C","1009.000","hPa","34.2","pmil","0","52.118","deg","21.808","°C","226.700","µmol/L","21.407","deg","20.891","°C","1012.000","hPa","0.861","-0.02056","0.00035","-0.00011","0","14.7","Humid","27.30","0","43.40","195619.69","SABD0002000012","AAV2.0.0.13","1.1.2.0","PSt7-10","000000-000","6/10/2026 14:47:13","0000-00","0","no battery","V"
"07/09/2026","01:11:11","3","default","198787511","O3","732.504","min","176.526","µmol/L","Humid","21.345","deg","134527","µV","22.909","°C","1009.000","hPa","34.2","pmil","0","52.118","deg","21.808","°C","226.700","µmol/L","21.407","deg","20.891","°C","1012.000","hPa","0.861","-0.02056","0.00035","-0.00011","0","14.7","Humid","27.30","0","43.40","195613.87","SABD0002000012","AAV2.0.0.13","1.1.2.0","PSt7-10","000000-000","6/10/2026 14:47:13","0000-00","0","no battery","V"
"07/09/2026","01:11:41","3","default","198787511","O3","733.005","min","176.463","µmol/L","Humid","21.347","deg","134519","µV","22.915","°C","1009.000","hPa","34.2","pmil","0","52.118","deg","21.808","°C","226.700","µmol/L","21.407","deg","20.891","°C","1012.000","hPa","0.861","-0.02056","0.00035","-0.00011","0","14.7","Humid","27.30","0","43.40","195620.98","SABD0002000012","AAV2.0.0.13","1.1.2.0","PSt7-10","000000-000","6/10/2026 14:47:13","0000-00","0","no battery","V"
"07/09/2026","01:12:11","3","default","198787511","O3","733.505","min","176.459","µmol/L","Humid","21.351","deg","134524","µV","22.903","°C","1009.000","hPa","34.2","pmil","0","52.118","deg","21.808","°C","226.700","µmol/L","21.407","deg","20.891","°C","1012.000","hPa","0.861","-0.02056","0.00035","-0.00011","0","14.7","Humid","27.30","0","43.40","195627.22","SABD0002000012","AAV2.0.0.13","1.1.2.0","PSt7-10","000000-000","6/10/2026 14:47:13","0000-00","0","no battery","V"
"07/09/2026","01:12:41","3","default","198787511","O3","734.004","min","176.495","µmol/L","Humid","21.345","deg","134519","µV","22.915","°C","1009.000","hPa","34.2","pmil","0","52.118","deg","21.808","°C","226.700","µmol/L","21.407","deg","20.891","°C","1012.000","hPa","0.861","-0.02056","0.00035","-0.00011","0","14.7","Humid","27.30","0","43.40","195630.54","SABD0002000012","AAV2.0.0.13","1.1.2.0","PSt7-10","000000-000","6/10/2026 14:47:13","0000-00","0","no battery","V"
"07/09/2026","01:13:11","3","default","198787511","O3","734.505","min","176.461","µmol/L","Humid","21.349","deg","134527","µV","22.909","°C","1009.000","hPa","34.2","pmil","0","52.118","deg","21.808","°C","226.700","µmol/L","21.407","deg","20.891","°C","1012.000","hPa","0.861","-0.02056","0.00035","-0.00011","0","14.7","Humid","27.30","0","43.40","195622.93","SABD0002000012","AAV2.0.0.13","1.1.2.0","PSt7-10","000000-000","6/10/2026 14:47:13","0000-00","0","no battery","V"
"07/09/2026","01:13:41","3","default","198787511","O3","735.004","min","176.522","µmol/L","Humid","21.349","deg","134533","µV","22.897","°C","1009.000","hPa","34.2","pmil","0","52.118","deg","21.808","°C","226.700","µmol/L","21.407","deg","20.891","°C","1012.000","hPa","0.861","-0.02056","0.00035","-0.00011","0","14.7","Humid","27.30","0","43.40","195629.33","SABD0002000012","AAV2.0.0.13","1.1.2.0","PSt7-10","000000-000","6/10/2026 14:47:13","0000-00","0","no battery","V"
"07/09/2026","01:14:11","3","default","198787511","O3","735.505","min","176.477","µmol/L","Humid","21.348","deg","134535","µV","22.909","°C","1009.000","hPa","34.2","pmil","0","52.118","deg","21.808","°C","226.700","µmol/L","21.407","deg","20.891","°C","1012.000","hPa","0.861","-0.02056","0.00035","-0.00011","0","14.7","Humid","27.30","0","43.40","195618.43","SABD0002000012","AAV2.0.0.13","1.1.2.0","PSt7-10","000000-000","6/10/2026 14:47:13","0000-00","0","no battery","V"
"07/09/2026","01:14:41","3","default","198787511","O3","736.005","min","176.510","µmol/L","Humid","21.346","deg","134526","µV","22.909","°C","1009.000","hPa","34.2","pmil","0","52.118","deg","21.808","°C","226.700","µmol/L","21.407","deg","20.891","°C","1012.000","hPa","0.861","-0.02056","0.00035","-0.00011","0","14.7","Humid","27.30","0","43.40","195616.08","SABD0002000012","AAV2.0.0.13","1.1.2.0","PSt7-10","000000-000","6/10/2026 14:47:13","0000-00","0","no battery","V"
"07/09/2026","01:15:11","3","default","198787511","O3","736.504","min","176.414","µmol/L","Humid","21.350","deg","134527","µV","22.915","°C","1009.000","hPa","34.2","pmil","0","52.118","deg","21.808","°C","226.700","µmol/L","21.407","deg","20.891","°C","1012.000","hPa","0.861","-0.02056","0.00035","-0.00011","0","14.7","Humid","27.30","0","43.40","195615.47","SABD0002000012","AAV2.0.0.13","1.1.2.0","PSt7-10","000000-000","6/10/2026 14:47:13","0000-00","0","no battery","V"
"07/09/2026","01:15:41","3","default","198787511","O3","737.005","min","176.479","µmol/L","Humid","21.346","deg","134519","µV","22.915","°C","1009.000","hPa","34.2","pmil","0","52.118","deg","21.808","°C","226.700","µmol/L","21.407","deg","20.891","°C","1012.000","hPa","0.861","-0.02056","0.00035","-0.00011","0","14.7","Humid","27.30","0","43.40","195619.72","SABD0002000012","AAV2.0.0.13","1.1.2.0","PSt7-10","000000-000","6/10/2026 14:47:13","0000-00","0","no battery","V"
"07/09/2026","01:16:11","3","default","198787511","O3","737.505","min","176.366","µmol/L","Humid","21.353","deg","134522","µV","22.915","°C","1009.000","hPa","34.2","pmil","0","52.118","deg","21.808","°C","226.700","µmol/L","21.407","deg","20.891","°C","1012.000","hPa","0.861","-0.02056","0.00035","-0.00011","0","14.7","Humid","27.30","0","43.40","195633.21","SABD0002000012","AAV2.0.0.13","1.1.2.0","PSt7-10","000000-000","6/10/2026 14:47:13","0000-00","0","no battery","V"
"07/09/2026","01:16:41","3","default","198787511","O3","738.004","min","176.493","µmol/L","Humid","21.347","deg","134524","µV","22.909","°C","1009.000","hPa","34.2","pmil","0","52.118","deg","21.808","°C","226.700","µmol/L","21.407","deg","20.891","°C","1012.000","hPa","0.861","-0.02056","0.00035","-0.00011","0","14.7","Humid","27.30","0","43.40","195624.01","SABD0002000012","AAV2.0.0.13","1.1.2.0","PSt7-10","000000-000","6/10/2026 14:47:13","0000-00","0","no battery","V"
"07/09/2026","01:17:11","3","default","198787511","O3","738.505","min","176.463","µmol/L","Humid","21.347","deg","134525","µV","22.915","°C","1009.000","hPa","34.2","pmil","0","52.118","deg","21.808","°C","226.700","µmol/L","21.407","deg","20.891","°C","1012.000","hPa","0.861","-0.02056","0.00035","-0.00011","0","14.7","Humid","27.30","0","43.40","195618.82","SABD0002000012","AAV2.0.0.13","1.1.2.0","PSt7-10","000000-000","6/10/2026 14:47:13","0000-00","0","no battery","V"
"07/09/2026","01:17:41","3","default","198787511","O3","739.004","min","176.463","µmol/L","Humid","21.347","deg","134529","µV","22.915","°C","1009.000","hPa","34.2","pmil","0","52.118","deg","21.808","°C","226.700","µmol/L","21.407","deg","20.891","°C","1012.000","hPa","0.861","-0.02056","0.00035","-0.00011","0","14.7","Humid","27.30","0","43.40","195623.25","SABD0002000012","AAV2.0.0.13","1.1.2.0","PSt7-10","000000-000","6/10/2026 14:47:13","0000-00","0","no battery","V"
"07/09/2026","01:18:11","3","default","198787511","O3","739.505","min","176.461","µmol/L","Humid","21.349","deg","134521","µV","22.909","°C","1009.000","hPa","34.2","pmil","0","52.118","deg","21.808","°C","226.700","µmol/L","21.407","deg","20.891","°C","1012.000","hPa","0.861","-0.02056","0.00035","-0.00011","0","14.7","Humid","27.30","0","43.40","195625.15","SABD0002000012","AAV2.0.0.13","1.1.2.0","PSt7-10","000000-000","6/10/2026 14:47:13","0000-00","0","no battery","V"
"07/09/2026","01:18:41","3","default","198787511","O3","740.005","min","176.479","µmol/L","Humid","21.346","deg","134515","µV","22.915","°C","1009.000","hPa","34.2","pmil","0","52.118","deg","21.808","°C","226.700","µmol/L","21.407","deg","20.891","°C","1012.000","hPa","0.861","-0.02056","0.00035","-0.00011","0","14.7","Humid","27.30","0","43.40","195624.11","SABD0002000012","AAV2.0.0.13","1.1.2.0","PSt7-10","000000-000","6/10/2026 14:47:13","0000-00","0","no battery","V"
"07/09/2026","01:19:11","3","default","198787511","O3","740.504","min","176.430","µmol/L","Humid","21.349","deg","134532","µV","22.915","°C","1009.000","hPa","34.2","pmil","0","52.118","deg","21.808","°C","226.700","µmol/L","21.407","deg","20.891","°C","1012.000","hPa","0.861","-0.02056","0.00035","-0.00011","0","14.7","Humid","27.30","0","43.40","195621.38","SABD0002000012","AAV2.0.0.13","1.1.2.0","PSt7-10","000000-000","6/10/2026 14:47:13","0000-00","0","no battery","V"
"07/09/2026","01:19:41","3","default","198787511","O3","741.005","min","176.465","µmol/L","Humid","21.345","deg","134516","µV","22.922","°C","1009.000","hPa","34.2","pmil","0","52.118","deg","21.808","°C","226.700","µmol/L","21.407","deg","20.891","°C","1012.000","hPa","0.861","-0.02056","0.00035","-0.00011","0","14.7","Humid","27.30","0","43.40","195629.93","SABD0002000012","AAV2.0.0.13","1.1.2.0","PSt7-10","000000-000","6/10/2026 14:47:13","0000-00","0","no battery","V"
"07/09/2026","01:20:11","3","default","198787511","O3","741.505","min","176.510","µmol/L","Humid","21.346","deg","134524","µV","22.909","°C","1009.000","hPa","34.2","pmil","0","52.118","deg","21.808","°C","226.700","µmol/L","21.407","deg","20.891","°C","1012.000","hPa","0.861","-0.02056","0.00035","-0.00011","0","14.7","Humid","27.30","0","43.40","195632.81","SABD0002000012","AAV2.0.0.13","1.1.2.0","PSt7-10","000000-000","6/10/2026 14:47:13","0000-00","0","no battery","V"
"07/09/2026","01:20:41","3","default","198787511","O3","742.004","min","176.447","µmol/L","Humid","21.348","deg","134528","µV","22.915","°C","1009.000","hPa","34.2","pmil","0","52.118","deg","21.808","°C","226.700","µmol/L","21.407","deg","20.891","°C","1012.000","hPa","0.861","-0.02056","0.00035","-0.00011","0","14.7","Humid","27.30","0","43.40","195625.87","SABD0002000012","AAV2.0.0.13","1.1.2.0","PSt7-10","000000-000","6/10/2026 14:47:13","0000-00","0","no battery","V"
"07/09/2026","01:21:11","3","default","198787511","O3","742.504","min","176.465","µmol/L","Humid","21.345","deg","134528","µV","22.922","°C","1009.000","hPa","34.2","pmil","0","52.118","deg","21.808","°C","226.700","µmol/L","21.407","deg","20.891","°C","1012.000","hPa","0.861","-0.02056","0.00035","-0.00011","0","14.7","Humid","27.30","0","43.40","195621.89","SABD0002000012","AAV2.0.0.13","1.1.2.0","PSt7-10","000000-000","6/10/2026 14:47:13","0000-00","0","no battery","V"
"07/09/2026","01:21:41","3","default","198787511","O3","743.005","min","176.416","µmol/L","Humid","21.348","deg","134535","µV","22.922","°C","1009.000","hPa","34.2","pmil","0","52.118","deg","21.808","°C","226.700","µmol/L","21.407","deg","20.891","°C","1012.000","hPa","0.861","-0.02056","0.00035","-0.00011","0","14.7","Humid","27.30","0","43.40","195635.94","SABD0002000012","AAV2.0.0.13","1.1.2.0","PSt7-10","000000-000","6/10/2026 14:47:13","0000-00","0","no battery","V"
"07/09/2026","01:22:11","3","default","198787511","O3","743.505","min","176.384","µmol/L","Humid","21.350","deg","134526","µV","22.922","°C","1009.000","hPa","34.2","pmil","0","52.118","deg","21.808","°C","226.700","µmol/L","21.407","deg","20.891","°C","1012.000","hPa","0.861","-0.02056","0.00035","-0.00011","0","14.7","Humid","27.30","0","43.40","195621.93","SABD0002000012","AAV2.0.0.13","1.1.2.0","PSt7-10","000000-000","6/10/2026 14:47:13","0000-00","0","no battery","V"
"07/09/2026","01:22:41","3","default","198787511","O3","744.004","min","176.371","µmol/L","Humid","21.347","deg","134531","µV","22.934","°C","1009.000","hPa","34.2","pmil","0","52.118","deg","21.808","°C","226.700","µmol/L","21.407","deg","20.891","°C","1012.000","hPa","0.861","-0.02056","0.00035","-0.00011","0","14.7","Humid","27.30","0","43.40","195629.49","SABD0002000012","AAV2.0.0.13","1.1.2.0","PSt7-10","000000-000","6/10/2026 14:47:13","0000-00","0","no battery","V"
"07/09/2026","01:23:11","3","default","198787511","O3","744.505","min","176.432","µmol/L","Humid","21.347","deg","134523","µV","22.922","°C","1009.000","hPa","34.2","pmil","0","52.118","deg","21.808","°C","226.700","µmol/L","21.407","deg","20.891","°C","1012.000","hPa","0.861","-0.02056","0.00035","-0.00011","0","14.7","Humid","27.30","0","43.40","195622.92","SABD0002000012","AAV2.0.0.13","1.1.2.0","PSt7-10","000000-000","6/10/2026 14:47:13","0000-00","0","no battery","V"
"07/09/2026","01:23:41","3","default","198787511","O3","745.005","min","176.416","µmol/L","Humid","21.348","deg","134542","µV","22.922","°C","1009.000","hPa","34.2","pmil","0","52.118","deg","21.808","°C","226.700","µmol/L","21.407","deg","20.891","°C","1012.000","hPa","0.861","-0.02056","0.00035","-0.00011","0","14.7","Humid","27.30","0","43.40","195632.52","SABD0002000012","AAV2.0.0.13","1.1.2.0","PSt7-10","000000-000","6/10/2026 14:47:13","0000-00","0","no battery","V"
"07/09/2026","01:24:11","3","default","198787511","O3","745.504","min","176.384","µmol/L","Humid","21.350","deg","134538","µV","22.922","°C","1009.000","hPa","34.2","pmil","0","52.118","deg","21.808","°C","226.700","µmol/L","21.407","deg","20.891","°C","1012.000","hPa","0.861","-0.02056","0.00035","-0.00011","0","14.7","Humid","27.30","0","43.40","195623.37","SABD0002000012","AAV2.0.0.13","1.1.2.0","PSt7-10","000000-000","6/10/2026 14:47:13","0000-00","0","no battery","V"
"07/09/2026","01:24:41","3","default","198787511","O3","746.004","min","176.416","µmol/L","Humid","21.348","deg","134541","µV","22.922","°C","1009.000","hPa","34.2","pmil","0","52.118","deg","21.808","°C","226.700","µmol/L","21.407","deg","20.891","°C","1012.000","hPa","0.861","-0.02056","0.00035","-0.00011","0","14.7","Humid","27.30","0","43.40","195626.08","SABD0002000012","AAV2.0.0.13","1.1.2.0","PSt7-10","000000-000","6/10/2026 14:47:13","0000-00","0","no battery","V"
"07/09/2026","01:25:11","3","default","198787511","O3","746.505","min","176.432","µmol/L","Humid","21.347","deg","134534","µV","22.922","°C","1009.000","hPa","34.2","pmil","0","52.118","deg","21.808","°C","226.700","µmol/L","21.407","deg","20.891","°C","1012.000","hPa","0.861","-0.02056","0.00035","-0.00011","0","14.7","Humid","27.30","0","43.40","195630.53","SABD0002000012","AAV2.0.0.13","1.1.2.0","PSt7-10","000000-000","6/10/2026 14:47:13","0000-00","0","no battery","V"
"07/09/2026","01:25:41","3","default","198787511","O3","747.005","min","176.386","µmol/L","Humid","21.348","deg","134538","µV","22.928","°C","1009.000","hPa","34.2","pmil","0","52.118","deg","21.808","°C","226.700","µmol/L","21.407","deg","20.891","°C","1012.000","hPa","0.861","-0.02056","0.00035","-0.00011","0","14.7","Humid","27.30","0","43.40","195625.56","SABD0002000012","AAV2.0.0.13","1.1.2.0","PSt7-10","000000-000","6/10/2026 14:47:13","0000-00","0","no battery","V"
"07/09/2026","01:26:11","3","default","198787511","O3","747.504","min","176.432","µmol/L","Humid","21.347","deg","134535","µV","22.922","°C","1009.000","hPa","34.2","pmil","0","52.118","deg","21.808","°C","226.700","µmol/L","21.407","deg","20.891","°C","1012.000","hPa","0.861","-0.02056","0.00035","-0.00011","0","14.7","Humid","27.30","0","43.40","195624.17","SABD0002000012","AAV2.0.0.13","1.1.2.0","PSt7-10","000000-000","6/10/2026 14:47:13","0000-00","0","no battery","V"
"07/09/2026","01:26:41","3","default","198787511","O3","748.005","min","176.386","µmol/L","Humid","21.348","deg","134537","µV","22.928","°C","1009.000","hPa","34.2","pmil","0","52.118","deg","21.808","°C","226.700","µmol/L","21.407","deg","20.891","°C","1012.000","hPa","0.861","-0.02056","0.00035","-0.00011","0","14.7","Humid","27.30","0","43.40","195633.88","SABD0002000012","AAV2.0.0.13","1.1.2.0","PSt7-10","000000-000","6/10/2026 14:47:13","0000-00","0","no battery","V"
"07/09/2026","01:27:11","3","default","198787511","O3","748.504","min","176.418","µmol/L","Humid","21.346","deg","134535","µV","22.928","°C","1009.000","hPa","34.2","pmil","0","52.118","deg","21.808","°C","226.700","µmol/L","21.407","deg","20.891","°C","1012.000","hPa","0.861","-0.02056","0.00035","-0.00011","0","14.7","Humid","27.30","0","43.40","195618.88","SABD0002000012","AAV2.0.0.13","1.1.2.0","PSt7-10","000000-000","6/10/2026 14:47:13","0000-00","0","no battery","V"
"07/09/2026","01:27:41","3","default","198787511","O3","749.004","min","176.355","µmol/L","Humid","21.348","deg","134547","µV","22.934","°C","1009.000","hPa","34.2","pmil","0","52.118","deg","21.808","°C","226.700","µmol/L","21.407","deg","20.891","°C","1012.000","hPa","0.861","-0.02056","0.00035","-0.00011","0","14.7","Humid","27.30","0","43.40","195630.49","SABD0002000012","AAV2.0.0.13","1.1.2.0","PSt7-10","000000-000","6/10/2026 14:47:13","0000-00","0","no battery","V"
"07/09/2026","01:28:11","3","default","198787511","O3","749.505","min","176.371","µmol/L","Humid","21.347","deg","134534","µV","22.934","°C","1009.000","hPa","34.2","pmil","0","52.118","deg","21.808","°C","226.700","µmol/L","21.407","deg","20.891","°C","1012.000","hPa","0.861","-0.02056","0.00035","-0.00011","0","14.7","Humid","27.30","0","43.40","195610.36","SABD0002000012","AAV2.0.0.13","1.1.2.0","PSt7-10","000000-000","6/10/2026 14:47:13","0000-00","0","no battery","V"
"07/09/2026","01:28:41","3","default","198787511","O3","750.004","min","176.432","µmol/L","Humid","21.347","deg","134538","µV","22.922","°C","1009.000","hPa","34.2","pmil","0","52.118","deg","21.808","°C","226.700","µmol/L","21.407","deg","20.891","°C","1012.000","hPa","0.861","-0.02056","0.00035","-0.00011","0","14.7","Humid","27.30","0","43.40","195625.65","SABD0002000012","AAV2.0.0.13","1.1.2.0","PSt7-10","000000-000","6/10/2026 14:47:13","0000-00","0","no battery","V"
"07/09/2026","01:29:11","3","default","198787511","O3","750.505","min","176.384","µmol/L","Humid","21.350","deg","134536","µV","22.922","°C","1009.000","hPa","34.2","pmil","0","52.118","deg","21.808","°C","226.700","µmol/L","21.407","deg","20.891","°C","1012.000","hPa","0.861","-0.02056","0.00035","-0.00011","0","14.7","Humid","27.30","0","43.40","195613.33","SABD0002000012","AAV2.0.0.13","1.1.2.0","PSt7-10","000000-000","6/10/2026 14:47:13","0000-00","0","no battery","V"
"07/09/2026","01:29:41","3","default","198787511","O3","751.005","min","176.402","µmol/L","Humid","21.347","deg","134551","µV","22.928","°C","1009.000","hPa","34.2","pmil","0","52.118","deg","21.808","°C","226.700","µmol/L","21.407","deg","20.891","°C","1012.000","hPa","0.861","-0.02056","0.00035","-0.00011","0","14.7","Humid","27.30","0","43.40","195619.47","SABD0002000012","AAV2.0.0.13","1.1.2.0","PSt7-10","000000-000","6/10/2026 14:47:13","0000-00","0","no battery","V"
"07/09/2026","01:30:11","3","default","198787511","O3","751.504","min","176.371","µmol/L","Humid","21.347","deg","134533","µV","22.934","°C","1009.000","hPa","34.2","pmil","0","52.118","deg","21.808","°C","226.700","µmol/L","21.407","deg","20.891","°C","1012.000","hPa","0.861","-0.02056","0.00035","-0.00011","0","14.7","Humid","27.30","0","43.40","195616.72","SABD0002000012","AAV2.0.0.13","1.1.2.0","PSt7-10","000000-000","6/10/2026 14:47:13","0000-00","0","no battery","V"
"07/09/2026","01:30:41","3","default","198787511","O3","752.004","min","176.402","µmol/L","Humid","21.347","deg","134538","µV","22.928","°C","1009.000","hPa","34.2","pmil","0","52.118","deg","21.808","°C","226.700","µmol/L","21.407","deg","20.891","°C","1012.000","hPa","0.861","-0.02056","0.00035","-0.00011","0","14.7","Humid","27.30","0","43.40","195620.55","SABD0002000012","AAV2.0.0.13","1.1.2.0","PSt7-10","000000-000","6/10/2026 14:47:13","0000-00","0","no battery","V"
"07/09/2026","01:31:11","3","default","198787511","O3","752.505","min","176.432","µmol/L","Humid","21.347","deg","134544","µV","22.922","°C","1009.000","hPa","34.2","pmil","0","52.118","deg","21.808","°C","226.700","µmol/L","21.407","deg","20.891","°C","1012.000","hPa","0.861","-0.02056","0.00035","-0.00011","0","14.7","Humid","27.30","0","43.40","195608.73","SABD0002000012","AAV2.0.0.13","1.1.2.0","PSt7-10","000000-000","6/10/2026 14:47:13","0000-00","0","no battery","V"
"07/09/2026","01:31:41","3","default","198787511","O3","753.005","min","176.432","µmol/L","Humid","21.347","deg","134549","µV","22.922","°C","1009.000","hPa","34.2","pmil","0","52.118","deg","21.808","°C","226.700","µmol/L","21.407","deg","20.891","°C","1012.000","hPa","0.861","-0.02056","0.00035","-0.00011","0","14.7","Humid","27.30","0","43.40","195622.56","SABD0002000012","AAV2.0.0.13","1.1.2.0","PSt7-10","000000-000","6/10/2026 14:47:13","0000-00","0","no battery","V"
"07/09/2026","01:32:11","3","default","198787511","O3","753.504","min","176.371","µmol/L","Humid","21.347","deg","134530","µV","22.934","°C","1009.000","hPa","34.2","pmil","0","52.118","deg","21.808","°C","226.700","µmol/L","21.407","deg","20.891","°C","1012.000","hPa","0.861","-0.02056","0.00035","-0.00011","0","14.7","Humid","27.30","0","43.40","195630.33","SABD0002000012","AAV2.0.0.13","1.1.2.0","PSt7-10","000000-000","6/10/2026 14:47:13","0000-00","0","no battery","V"
"07/09/2026","01:32:41","3","default","198787511","O3","754.004","min","176.371","µmol/L","Humid","21.347","deg","134552","µV","22.934","°C","1009.000","hPa","34.2","pmil","0","52.118","deg","21.808","°C","226.700","µmol/L","21.407","deg","20.891","°C","1012.000","hPa","0.861","-0.02056","0.00035","-0.00011","0","14.7","Humid","27.30","0","43.40","195625.19","SABD0002000012","AAV2.0.0.13","1.1.2.0","PSt7-10","000000-000","6/10/2026 14:47:13","0000-00","0","no battery","V"
"07/09/2026","01:33:11","3","default","198787511","O3","754.505","min","176.337","µmol/L","Humid","21.351","deg","134553","µV","22.928","°C","1009.000","hPa","34.2","pmil","0","52.118","deg","21.808","°C","226.700","µmol/L","21.407","deg","20.891","°C","1012.000","hPa","0.861","-0.02056","0.00035","-0.00011","0","14.7","Humid","27.30","0","43.40","195642.54","SABD0002000012","AAV2.0.0.13","1.1.2.0","PSt7-10","000000-000","6/10/2026 14:47:13","0000-00","0","no battery","V"
"07/09/2026","01:33:41","3","default","198787511","O3","755.004","min","176.353","µmol/L","Humid","21.350","deg","134562","µV","22.928","°C","1009.000","hPa","34.2","pmil","0","52.118","deg","21.808","°C","226.700","µmol/L","21.407","deg","20.891","°C","1012.000","hPa","0.861","-0.02056","0.00035","-0.00011","0","14.7","Humid","27.30","0","43.40","195628.88","SABD0002000012","AAV2.0.0.13","1.1.2.0","PSt7-10","000000-000","6/10/2026 14:47:13","0000-00","0","no battery","V"
"07/09/2026","01:34:11","3","default","198787511","O3","755.505","min","176.307","µmol/L","Humid","21.351","deg","134551","µV","22.934","°C","1009.000","hPa","34.2","pmil","0","52.118","deg","21.808","°C","226.700","µmol/L","21.407","deg","20.891","°C","1012.000","hPa","0.861","-0.02056","0.00035","-0.00011","0","14.7","Humid","27.30","0","43.40","195620.32","SABD0002000012","AAV2.0.0.13","1.1.2.0","PSt7-10","000000-000","6/10/2026 14:47:13","0000-00","0","no battery","V"
"07/09/2026","01:34:41","3","default","198787511","O3","756.005","min","176.323","µmol/L","Humid","21.350","deg","134552","µV","22.934","°C","1009.000","hPa","34.2","pmil","0","52.118","deg","21.808","°C","226.700","µmol/L","21.407","deg","20.891","°C","1012.000","hPa","0.861","-0.02056","0.00035","-0.00011","0","14.7","Humid","27.30","0","43.40","195629.29","SABD0002000012","AAV2.0.0.13","1.1.2.0","PSt7-10","000000-000","6/10/2026 14:47:13","0000-00","0","no battery","V"
"07/09/2026","01:35:11","3","default","198787511","O3","756.504","min","176.325","µmol/L","Humid","21.348","deg","134556","µV","22.940","°C","1009.000","hPa","34.2","pmil","0","52.118","deg","21.808","°C","226.700","µmol/L","21.407","deg","20.891","°C","1012.000","hPa","0.861","-0.02056","0.00035","-0.00011","0","14.7","Humid","27.30","0","43.40","195620.94","SABD0002000012","AAV2.0.0.13","1.1.2.0","PSt7-10","000000-000","6/10/2026 14:47:13","0000-00","0","no battery","V"
"07/09/2026","01:35:41","3","default","198787511","O3","757.005","min","176.276","µmol/L","Humid","21.351","deg","134562","µV","22.940","°C","1009.000","hPa","34.2","pmil","0","52.118","deg","21.808","°C","226.700","µmol/L","21.407","deg","20.891","°C","1012.000","hPa","0.861","-0.02056","0.00035","-0.00011","0","14.7","Humid","27.30","0","43.40","195619.06","SABD0002000012","AAV2.0.0.13","1.1.2.0","PSt7-10","000000-000","6/10/2026 14:47:13","0000-00","0","no battery","V"
"07/09/2026","01:36:11","3","default","198787511","O3","757.504","min","176.353","µmol/L","Humid","21.350","deg","134556","µV","22.928","°C","1009.000","hPa","34.2","pmil","0","52.118","deg","21.808","°C","226.700","µmol/L","21.407","deg","20.891","°C","1012.000","hPa","0.861","-0.02056","0.00035","-0.00011","0","14.7","Humid","27.30","0","43.40","195622.56","SABD0002000012","AAV2.0.0.13","1.1.2.0","PSt7-10","000000-000","6/10/2026 14:47:13","0000-00","0","no battery","V"
"07/09/2026","01:36:41","3","default","198787511","O3","758.004","min","176.325","µmol/L","Humid","21.348","deg","134556","µV","22.940","°C","1009.000","hPa","34.2","pmil","0","52.118","deg","21.808","°C","226.700","µmol/L","21.407","deg","20.891","°C","1012.000","hPa","0.861","-0.02056","0.00035","-0.00011","0","14.7","Humid","27.30","0","43.40","195625.08","SABD0002000012","AAV2.0.0.13","1.1.2.0","PSt7-10","000000-000","6/10/2026 14:47:13","0000-00","0","no battery","V"
"07/09/2026","01:37:11","3","default","198787511","O3","758.505","min","176.290","µmol/L","Humid","21.352","deg","134561","µV","22.934","°C","1009.000","hPa","34.2","pmil","0","52.118","deg","21.808","°C","226.700","µmol/L","21.407","deg","20.891","°C","1012.000","hPa","0.861","-0.02056","0.00035","-0.00011","0","14.7","Humid","27.30","0","43.40","195617.32","SABD0002000012","AAV2.0.0.13","1.1.2.0","PSt7-10","000000-000","6/10/2026 14:47:13","0000-00","0","no battery","V"
"07/09/2026","01:37:41","3","default","198787511","O3","759.005","min","176.369","µmol/L","Humid","21.349","deg","134553","µV","22.928","°C","1009.000","hPa","34.2","pmil","0","52.118","deg","21.808","°C","226.700","µmol/L","21.407","deg","20.891","°C","1012.000","hPa","0.861","-0.02056","0.00035","-0.00011","0","14.7","Humid","27.30","0","43.40","195618.20","SABD0002000012","AAV2.0.0.13","1.1.2.0","PSt7-10","000000-000","6/10/2026 14:47:13","0000-00","0","no battery","V"
"07/09/2026","01:38:11","3","default","198787511","O3","759.504","min","176.244","µmol/L","Humid","21.353","deg","134565","µV","22.940","°C","1009.000","hPa","34.2","pmil","0","52.118","deg","21.808","°C","226.700","µmol/L","21.407","deg","20.891","°C","1012.000","hPa","0.861","-0.02056","0.00035","-0.00011","0","14.7","Humid","27.30","0","43.40","195619.12","SABD0002000012","AAV2.0.0.13","1.1.2.0","PSt7-10","000000-000","6/10/2026 14:47:13","0000-00","0","no battery","V"
"07/09/2026","01:38:41","3","default","198787511","O3","760.005","min","176.244","µmol/L","Humid","21.353","deg","134576","µV","22.940","°C","1009.000","hPa","34.2","pmil","0","52.118","deg","21.808","°C","226.700","µmol/L","21.407","deg","20.891","°C","1012.000","hPa","0.861","-0.02056","0.00035","-0.00011","0","14.7","Humid","27.30","0","43.40","195624.71","SABD0002000012","AAV2.0.0.13","1.1.2.0","PSt7-10","000000-000","6/10/2026 14:47:13","0000-00","0","no battery","V"
"07/09/2026","01:39:11","3","default","198787511","O3","760.504","min","176.274","µmol/L","Humid","21.353","deg","134563","µV","22.934","°C","1009.000","hPa","34.2","pmil","0","52.118","deg","21.808","°C","226.700","µmol/L","21.407","deg","20.891","°C","1012.000","hPa","0.861","-0.02056","0.00035","-0.00011","0","14.7","Humid","27.30","0","43.40","195631.80","SABD0002000012","AAV2.0.0.13","1.1.2.0","PSt7-10","000000-000","6/10/2026 14:47:13","0000-00","0","no battery","V"
"07/09/2026","01:39:41","3","default","198787511","O3","761.005","min","176.242","µmol/L","Humid","21.355","deg","134577","µV","22.934","°C","1009.000","hPa","34.2","pmil","0","52.118","deg","21.808","°C","226.700","µmol/L","21.407","deg","20.891","°C","1012.000","hPa","0.861","-0.02056","0.00035","-0.00011","0","14.7","Humid","27.30","0","43.40","195631.34","SABD0002000012","AAV2.0.0.13","1.1.2.0","PSt7-10","000000-000","6/10/2026 14:47:13","0000-00","0","no battery","V"
"07/09/2026","01:40:11","3","default","198787511","O3","761.505","min","176.228","µmol/L","Humid","21.354","deg","134573","µV","22.940","°C","1009.000","hPa","34.2","pmil","0","52.118","deg","21.808","°C","226.700","µmol/L","21.407","deg","20.891","°C","1012.000","hPa","0.861","-0.02056","0.00035","-0.00011","0","14.7","Humid","27.30","0","43.40","195634.34","SABD0002000012","AAV2.0.0.13","1.1.2.0","PSt7-10","000000-000","6/10/2026 14:47:13","0000-00","0","no battery","V"
"07/09/2026","01:40:41","3","default","198787511","O3","762.004","min","176.258","µmol/L","Humid","21.354","deg","134577","µV","22.934","°C","1009.000","hPa","34.2","pmil","0","52.118","deg","21.808","°C","226.700","µmol/L","21.407","deg","20.891","°C","1012.000","hPa","0.861","-0.02056","0.00035","-0.00011","0","14.7","Humid","27.30","0","43.40","195640.47","SABD0002000012","AAV2.0.0.13","1.1.2.0","PSt7-10","000000-000","6/10/2026 14:47:13","0000-00","0","no battery","V"
"07/09/2026","01:41:11","3","default","198787511","O3","762.505","min","176.228","µmol/L","Humid","21.354","deg","134588","µV","22.940","°C","1009.000","hPa","34.2","pmil","0","52.118","deg","21.808","°C","226.700","µmol/L","21.407","deg","20.891","°C","1012.000","hPa","0.861","-0.02056","0.00035","-0.00011","0","14.7","Humid","27.30","0","43.40","195633.38","SABD0002000012","AAV2.0.0.13","1.1.2.0","PSt7-10","000000-000","6/10/2026 14:47:13","0000-00","0","no battery","V"
"07/09/2026","01:41:41","3","default","198787511","O3","763.005","min","176.242","µmol/L","Humid","21.355","deg","134596","µV","22.934","°C","1009.000","hPa","34.2","pmil","0","52.118","deg","21.808","°C","226.700","µmol/L","21.407","deg","20.891","°C","1012.000","hPa","0.861","-0.02056","0.00035","-0.00011","0","14.7","Humid","27.30","0","43.40","195641.33","SABD0002000012","AAV2.0.0.13","1.1.2.0","PSt7-10","000000-000","6/10/2026 14:47:13","0000-00","0","no battery","V"
"07/09/2026","01:42:11","3","default","198787511","O3","763.504","min","176.307","µmol/L","Humid","21.351","deg","134588","µV","22.934","°C","1009.000","hPa","34.2","pmil","0","52.118","deg","21.808","°C","226.700","µmol/L","21.407","deg","20.891","°C","1012.000","hPa","0.861","-0.02056","0.00035","-0.00011","0","14.7","Humid","27.30","0","43.40","195641.90","SABD0002000012","AAV2.0.0.13","1.1.2.0","PSt7-10","000000-000","6/10/2026 14:47:13","0000-00","0","no battery","V"
"07/09/2026","01:42:41","3","default","198787511","O3","764.004","min","176.246","µmol/L","Humid","21.351","deg","134586","µV","22.946","°C","1009.000","hPa","34.2","pmil","0","52.118","deg","21.808","°C","226.700","µmol/L","21.407","deg","20.891","°C","1012.000","hPa","0.861","-0.02056","0.00035","-0.00011","0","14.7","Humid","27.30","0","43.40","195637.58","SABD0002000012","AAV2.0.0.13","1.1.2.0","PSt7-10","000000-000","6/10/2026 14:47:13","0000-00","0","no battery","V"
"07/09/2026","01:43:11","3","default","198787511","O3","764.505","min","176.278","µmol/L","Humid","21.349","deg","134589","µV","22.946","°C","1009.000","hPa","34.2","pmil","0","52.118","deg","21.808","°C","226.700","µmol/L","21.407","deg","20.891","°C","1012.000","hPa","0.861","-0.02056","0.00035","-0.00011","0","14.7","Humid","27.30","0","43.40","195640.16","SABD0002000012","AAV2.0.0.13","1.1.2.0","PSt7-10","000000-000","6/10/2026 14:47:13","0000-00","0","no battery","V"
"07/09/2026","01:43:41","3","default","198787511","O3","765.004","min","176.211","µmol/L","Humid","21.355","deg","134592","µV","22.940","°C","1009.000","hPa","34.2","pmil","0","52.118","deg","21.808","°C","226.700","µmol/L","21.407","deg","20.891","°C","1012.000","hPa","0.861","-0.02056","0.00035","-0.00011","0","14.7","Humid","27.30","0","43.40","195636.26","SABD0002000012","AAV2.0.0.13","1.1.2.0","PSt7-10","000000-000","6/10/2026 14:47:13","0000-00","0","no battery","V"
"07/09/2026","01:44:11","3","default","198787511","O3","765.505","min","176.244","µmol/L","Humid","21.353","deg","134594","µV","22.940","°C","1009.000","hPa","34.2","pmil","0","52.118","deg","21.808","°C","226.700","µmol/L","21.407","deg","20.891","°C","1012.000","hPa","0.861","-0.02056","0.00035","-0.00011","0","14.7","Humid","27.30","0","43.40","195637.59","SABD0002000012","AAV2.0.0.13","1.1.2.0","PSt7-10","000000-000","6/10/2026 14:47:13","0000-00","0","no battery","V"
"07/09/2026","01:44:41","3","default","198787511","O3","766.005","min","176.244","µmol/L","Humid","21.353","deg","134598","µV","22.940","°C","1009.000","hPa","34.2","pmil","0","52.118","deg","21.808","°C","226.700","µmol/L","21.407","deg","20.891","°C","1012.000","hPa","0.861","-0.02056","0.00035","-0.00011","0","14.7","Humid","27.30","0","43.40","195636.62","SABD0002000012","AAV2.0.0.13","1.1.2.0","PSt7-10","000000-000","6/10/2026 14:47:13","0000-00","0","no battery","V"
"07/09/2026","01:45:11","3","default","198787511","O3","766.505","min","176.197","µmol/L","Humid","21.354","deg","134598","µV","22.946","°C","1009.000","hPa","34.2","pmil","0","52.118","deg","21.808","°C","226.700","µmol/L","21.407","deg","20.891","°C","1012.000","hPa","0.861","-0.02056","0.00035","-0.00011","0","14.7","Humid","27.30","0","43.40","195636.41","SABD0002000012","AAV2.0.0.13","1.1.2.0","PSt7-10","000000-000","6/10/2026 14:47:13","0000-00","0","no battery","V"
"07/09/2026","01:45:41","3","default","198787511","O3","767.004","min","176.179","µmol/L","Humid","21.357","deg","134595","µV","22.940","°C","1009.000","hPa","34.2","pmil","0","52.118","deg","21.808","°C","226.700","µmol/L","21.407","deg","20.891","°C","1012.000","hPa","0.861","-0.02056","0.00035","-0.00011","0","14.7","Humid","27.30","0","43.40","195625.54","SABD0002000012","AAV2.0.0.13","1.1.2.0","PSt7-10","000000-000","6/10/2026 14:47:13","0000-00","0","no battery","V"
"07/09/2026","01:46:11","3","default","198787511","O3","767.505","min","176.260","µmol/L","Humid","21.352","deg","134606","µV","22.940","°C","1009.000","hPa","34.2","pmil","0","52.118","deg","21.808","°C","226.700","µmol/L","21.407","deg","20.891","°C","1012.000","hPa","0.861","-0.02056","0.00035","-0.00011","0","14.7","Humid","27.30","0","43.40","195637.85","SABD0002000012","AAV2.0.0.13","1.1.2.0","PSt7-10","000000-000","6/10/2026 14:47:13","0000-00","0","no battery","V"
"07/09/2026","01:46:41","3","default","198787511","O3","768.004","min","176.195","µmol/L","Humid","21.356","deg","134603","µV","22.940","°C","1009.000","hPa","34.2","pmil","0","52.118","deg","21.808","°C","226.700","µmol/L","21.407","deg","20.891","°C","1012.000","hPa","0.861","-0.02056","0.00035","-0.00011","0","14.7","Humid","27.30","0","43.40","195636.33","SABD0002000012","AAV2.0.0.13","1.1.2.0","PSt7-10","000000-000","6/10/2026 14:47:13","0000-00","0","no battery","V"
"07/09/2026","01:47:11","3","default","198787511","O3","768.504","min","176.179","µmol/L","Humid","21.357","deg","134620","µV","22.940","°C","1009.000","hPa","34.2","pmil","0","52.118","deg","21.808","°C","226.700","µmol/L","21.407","deg","20.891","°C","1012.000","hPa","0.861","-0.02056","0.00035","-0.00011","0","14.7","Humid","27.30","0","43.40","195638.53","SABD0002000012","AAV2.0.0.13","1.1.2.0","PSt7-10","000000-000","6/10/2026 14:47:13","0000-00","0","no battery","V"
"07/09/2026","01:47:41","3","default","198787511","O3","769.005","min","176.244","µmol/L","Humid","21.353","deg","134615","µV","22.940","°C","1009.000","hPa","34.2","pmil","0","52.118","deg","21.808","°C","226.700","µmol/L","21.407","deg","20.891","°C","1012.000","hPa","0.861","-0.02056","0.00035","-0.00011","0","14.7","Humid","27.30","0","43.40","195636.14","SABD0002000012","AAV2.0.0.13","1.1.2.0","PSt7-10","000000-000","6/10/2026 14:47:13","0000-00","0","no battery","V"
"07/09/2026","01:48:11","3","default","198787511","O3","769.504","min","176.211","µmol/L","Humid","21.355","deg","134609","µV","22.940","°C","1009.000","hPa","34.2","pmil","0","52.118","deg","21.808","°C","226.700","µmol/L","21.407","deg","20.891","°C","1012.000","hPa","0.861","-0.02056","0.00035","-0.00011","0","14.7","Humid","27.30","0","43.40","195647.23","SABD0002000012","AAV2.0.0.13","1.1.2.0","PSt7-10","000000-000","6/10/2026 14:47:13","0000-00","0","no battery","V"
"07/09/2026","01:48:41","3","default","198787511","O3","770.005","min","176.179","µmol/L","Humid","21.357","deg","134616","µV","22.940","°C","1009.000","hPa","34.2","pmil","0","52.118","deg","21.808","°C","226.700","µmol/L","21.407","deg","20.891","°C","1012.000","hPa","0.861","-0.02056","0.00035","-0.00011","0","14.7","Humid","27.30","0","43.40","195637.96","SABD0002000012","AAV2.0.0.13","1.1.2.0","PSt7-10","000000-000","6/10/2026 14:47:13","0000-00","0","no battery","V"
"07/09/2026","01:49:11","3","default","198787511","O3","770.504","min","176.149","µmol/L","Humid","21.357","deg","134613","µV","22.946","°C","1009.000","hPa","34.2","pmil","0","52.118","deg","21.808","°C","226.700","µmol/L","21.407","deg","20.891","°C","1012.000","hPa","0.861","-0.02056","0.00035","-0.00011","0","14.7","Humid","27.30","0","43.40","195639.14","SABD0002000012","AAV2.0.0.13","1.1.2.0","PSt7-10","000000-000","6/10/2026 14:47:13","0000-00","0","no battery","V"
"07/09/2026","01:49:41","3","default","198787511","O3","771.005","min","176.274","µmol/L","Humid","21.353","deg","134624","µV","22.934","°C","1009.000","hPa","34.2","pmil","0","52.118","deg","21.808","°C","226.700","µmol/L","21.407","deg","20.891","°C","1012.000","hPa","0.861","-0.02056","0.00035","-0.00011","0","14.7","Humid","27.30","0","43.40","195637.01","SABD0002000012","AAV2.0.0.13","1.1.2.0","PSt7-10","000000-000","6/10/2026 14:47:13","0000-00","0","no battery","V"
"07/09/2026","01:50:11","3","default","198787511","O3","771.505","min","176.210","µmol/L","Humid","21.357","deg","134621","µV","22.934","°C","1009.000","hPa","34.2","pmil","0","52.118","deg","21.808","°C","226.700","µmol/L","21.407","deg","20.891","°C","1012.000","hPa","0.861","-0.02056","0.00035","-0.00011","0","14.7","Humid","27.30","0","43.40","195644.73","SABD0002000012","AAV2.0.0.13","1.1.2.0","PSt7-10","000000-000","6/10/2026 14:47:13","0000-00","0","no battery","V"
"07/09/2026","01:50:41","3","default","198787511","O3","772.004","min","176.210","µmol/L","Humid","21.357","deg","134628","µV","22.934","°C","1009.000","hPa","34.2","pmil","0","52.118","deg","21.808","°C","226.700","µmol/L","21.407","deg","20.891","°C","1012.000","hPa","0.861","-0.02056","0.00035","-0.00011","0","14.7","Humid","27.30","0","43.40","195627.98","SABD0002000012","AAV2.0.0.13","1.1.2.0","PSt7-10","000000-000","6/10/2026 14:47:13","0000-00","0","no battery","V"
"07/09/2026","01:51:11","3","default","198787511","O3","772.505","min","176.177","µmol/L","Humid","21.359","deg","134625","µV","22.934","°C","1009.000","hPa","34.2","pmil","0","52.118","deg","21.808","°C","226.700","µmol/L","21.407","deg","20.891","°C","1012.000","hPa","0.861","-0.02056","0.00035","-0.00011","0","14.7","Humid","27.30","0","43.40","195629.35","SABD0002000012","AAV2.0.0.13","1.1.2.0","PSt7-10","000000-000","6/10/2026 14:47:13","0000-00","0","no battery","V"
"07/09/2026","01:51:41","3","default","198787511","O3","773.005","min","176.147","µmol/L","Humid","21.359","deg","134639","µV","22.940","°C","1009.000","hPa","34.2","pmil","0","52.118","deg","21.808","°C","226.700","µmol/L","21.407","deg","20.891","°C","1012.000","hPa","0.861","-0.02056","0.00035","-0.00011","0","14.7","Humid","27.30","0","43.40","195639.27","SABD0002000012","AAV2.0.0.13","1.1.2.0","PSt7-10","000000-000","6/10/2026 14:47:13","0000-00","0","no battery","V"
"07/09/2026","01:52:11","3","default","198787511","O3","773.505","min","176.177","µmol/L","Humid","21.359","deg","134633","µV","22.934","°C","1009.000","hPa","34.2","pmil","0","52.118","deg","21.808","°C","226.700","µmol/L","21.407","deg","20.891","°C","1012.000","hPa","0.861","-0.02056","0.00035","-0.00011","0","14.7","Humid","27.30","0","43.40","195620.94","SABD0002000012","AAV2.0.0.13","1.1.2.0","PSt7-10","000000-000","6/10/2026 14:47:13","0000-00","0","no battery","V"
"07/09/2026","01:52:41","3","default","198787511","O3","774.004","min","176.114","µmol/L","Humid","21.361","deg","134637","µV","22.940","°C","1009.000","hPa","34.2","pmil","0","52.118","deg","21.808","°C","226.700","µmol/L","21.407","deg","20.891","°C","1012.000","hPa","0.861","-0.02056","0.00035","-0.00011","0","14.7","Humid","27.30","0","43.40","195621.55","SABD0002000012","AAV2.0.0.13","1.1.2.0","PSt7-10","000000-000","6/10/2026 14:47:13","0000-00","0","no battery","V"
"07/09/2026","01:53:11","3","default","198787511","O3","774.505","min","176.193","µmol/L","Humid","21.358","deg","134637","µV","22.934","°C","1009.000","hPa","34.2","pmil","0","52.118","deg","21.808","°C","226.700","µmol/L","21.407","deg","20.891","°C","1012.000","hPa","0.861","-0.02056","0.00035","-0.00011","0","14.7","Humid","27.30","0","43.40","195624.54","SABD0002000012","AAV2.0.0.13","1.1.2.0","PSt7-10","000000-000","6/10/2026 14:47:13","0000-00","0","no battery","V"
"07/09/2026","01:53:41","3","default","198787511","O3","775.005","min","176.116","µmol/L","Humid","21.359","deg","134620","µV","22.946","°C","1009.000","hPa","34.2","pmil","0","52.118","deg","21.808","°C","226.700","µmol/L","21.407","deg","20.891","°C","1012.000","hPa","0.861","-0.02056","0.00035","-0.00011","0","14.7","Humid","27.30","0","43.40","195618.84","SABD0002000012","AAV2.0.0.13","1.1.2.0","PSt7-10","000000-000","6/10/2026 14:47:13","0000-00","0","no battery","V"
"07/09/2026","01:54:11","3","default","198787511","O3","775.504","min","176.163","µmol/L","Humid","21.358","deg","134626","µV","22.940","°C","1009.000","hPa","34.2","pmil","0","52.118","deg","21.808","°C","226.700","µmol/L","21.407","deg","20.891","°C","1012.000","hPa","0.861","-0.02056","0.00035","-0.00011","0","14.7","Humid","27.30","0","43.40","195614.42","SABD0002000012","AAV2.0.0.13","1.1.2.0","PSt7-10","000000-000","6/10/2026 14:47:13","0000-00","0","no battery","V"
"07/09/2026","01:54:41","3","default","198787511","O3","776.005","min","176.054","µmol/L","Humid","21.361","deg","134638","µV","22.952","°C","1009.000","hPa","34.2","pmil","0","52.118","deg","21.808","°C","226.700","µmol/L","21.407","deg","20.891","°C","1012.000","hPa","0.861","-0.02056","0.00035","-0.00011","0","14.7","Humid","27.30","0","43.40","195625.50","SABD0002000012","AAV2.0.0.13","1.1.2.0","PSt7-10","000000-000","6/10/2026 14:47:13","0000-00","0","no battery","V"
"07/09/2026","01:55:11","3","default","198787511","O3","776.505","min","176.147","µmol/L","Humid","21.359","deg","134643","µV","22.940","°C","1009.000","hPa","34.2","pmil","0","52.118","deg","21.808","°C","226.700","µmol/L","21.407","deg","20.891","°C","1012.000","hPa","0.861","-0.02056","0.00035","-0.00011","0","14.7","Humid","27.30","0","43.40","195620.41","SABD0002000012","AAV2.0.0.13","1.1.2.0","PSt7-10","000000-000","6/10/2026 14:47:13","0000-00","0","no battery","V"
"07/09/2026","01:55:41","3","default","198787511","O3","777.005","min","176.131","µmol/L","Humid","21.360","deg","134635","µV","22.940","°C","1009.000","hPa","34.2","pmil","0","52.118","deg","21.808","°C","226.700","µmol/L","21.407","deg","20.891","°C","1012.000","hPa","0.861","-0.02056","0.00035","-0.00011","0","14.7","Humid","27.30","0","43.40","195619.37","SABD0002000012","AAV2.0.0.13","1.1.2.0","PSt7-10","000000-000","6/10/2026 14:47:13","0000-00","0","no battery","V"
"07/09/2026","01:56:11","3","default","198787511","O3","777.504","min","176.114","µmol/L","Humid","21.361","deg","134635","µV","22.940","°C","1009.000","hPa","34.2","pmil","0","52.118","deg","21.808","°C","226.700","µmol/L","21.407","deg","20.891","°C","1012.000","hPa","0.861","-0.02056","0.00035","-0.00011","0","14.7","Humid","27.30","0","43.40","195613.02","SABD0002000012","AAV2.0.0.13","1.1.2.0","PSt7-10","000000-000","6/10/2026 14:47:13","0000-00","0","no battery","V"
"07/09/2026","01:56:41","3","default","198787511","O3","778.005","min","176.068","µmol/L","Humid","21.362","deg","134626","µV","22.946","°C","1009.000","hPa","34.2","pmil","0","52.118","deg","21.808","°C","226.700","µmol/L","21.407","deg","20.891","°C","1012.000","hPa","0.861","-0.02056","0.00035","-0.00011","0","14.7","Humid","27.30","0","43.40","195625.04","SABD0002000012","AAV2.0.0.13","1.1.2.0","PSt7-10","000000-000","6/10/2026 14:47:13","0000-00","0","no battery","V"
"07/09/2026","01:57:11","3","default","198787511","O3","778.505","min","176.070","µmol/L","Humid","21.360","deg","134628","µV","22.952","°C","1009.000","hPa","34.2","pmil","0","52.118","deg","21.808","°C","226.700","µmol/L","21.407","deg","20.891","°C","1012.000","hPa","0.861","-0.02056","0.00035","-0.00011","0","14.7","Humid","27.30","0","43.40","195623.25","SABD0002000012","AAV2.0.0.13","1.1.2.0","PSt7-10","000000-000","6/10/2026 14:47:13","0000-00","0","no battery","V"
"07/09/2026","01:57:41","3","default","198787511","O3","779.005","min","176.068","µmol/L","Humid","21.362","deg","134633","µV","22.946","°C","1009.000","hPa","34.2","pmil","0","52.118","deg","21.808","°C","226.700","µmol/L","21.407","deg","20.891","°C","1012.000","hPa","0.861","-0.02056","0.00035","-0.00011","0","14.7","Humid","27.30","0","43.40","195610.18","SABD0002000012","AAV2.0.0.13","1.1.2.0","PSt7-10","000000-000","6/10/2026 14:47:13","0000-00","0","no battery","V"
"07/09/2026","01:58:11","3","default","198787511","O3","779.505","min","176.068","µmol/L","Humid","21.362","deg","134646","µV","22.946","°C","1009.000","hPa","34.2","pmil","0","52.118","deg","21.808","°C","226.700","µmol/L","21.407","deg","20.891","°C","1012.000","hPa","0.861","-0.02056","0.00035","-0.00011","0","14.7","Humid","27.30","0","43.40","195617.73","SABD0002000012","AAV2.0.0.13","1.1.2.0","PSt7-10","000000-000","6/10/2026 14:47:13","0000-00","0","no battery","V"
"07/09/2026","01:58:41","3","default","198787511","O3","780.004","min","176.116","µmol/L","Humid","21.359","deg","134647","µV","22.946","°C","1009.000","hPa","34.2","pmil","0","52.118","deg","21.808","°C","226.700","µmol/L","21.407","deg","20.891","°C","1012.000","hPa","0.861","-0.02056","0.00035","-0.00011","0","14.7","Humid","27.30","0","43.40","195620.53","SABD0002000012","AAV2.0.0.13","1.1.2.0","PSt7-10","000000-000","6/10/2026 14:47:13","0000-00","0","no battery","V"
"07/09/2026","01:59:11","3","default","198787511","O3","780.505","min","176.311","µmol/L","Humid","21.362","deg","134633","µV","22.897","°C","1009.000","hPa","34.2","pmil","0","52.118","deg","21.808","°C","226.700","µmol/L","21.407","deg","20.891","°C","1012.000","hPa","0.861","-0.02056","0.00035","-0.00011","0","14.7","Humid","27.30","0","43.40","195618.19","SABD0002000012","AAV2.0.0.13","1.1.2.0","PSt7-10","000000-000","6/10/2026 14:47:13","0000-00","0","no battery","V"
"07/09/2026","01:59:41","3","default","198787511","O3","781.005","min","176.791","µmol/L","Humid","21.355","deg","134621","µV","22.824","°C","1009.000","hPa","34.2","pmil","0","52.118","deg","21.808","°C","226.700","µmol/L","21.407","deg","20.891","°C","1012.000","hPa","0.861","-0.02056","0.00035","-0.00011","0","14.7","Humid","27.30","0","43.40","195621.80","SABD0002000012","AAV2.0.0.13","1.1.2.0","PSt7-10","000000-000","6/10/2026 14:47:13","0000-00","0","no battery","V"
"07/09/2026","02:00:11","3","default","198787511","O3","781.505","min","176.960","µmol/L","Humid","21.354","deg","134613","µV","22.793","°C","1009.000","hPa","34.2","pmil","0","52.118","deg","21.808","°C","226.700","µmol/L","21.407","deg","20.891","°C","1012.000","hPa","0.861","-0.02056","0.00035","-0.00011","0","14.7","Humid","27.30","0","43.40","195613.80","SABD0002000012","AAV2.0.0.13","1.1.2.0","PSt7-10","000000-000","6/10/2026 14:47:13","0000-00","0","no battery","V"
"07/09/2026","02:00:41","3","default","198787511","O3","782.005","min","177.021","µmol/L","Humid","21.354","deg","134603","µV","22.781","°C","1009.000","hPa","34.2","pmil","0","52.118","deg","21.808","°C","226.700","µmol/L","21.407","deg","20.891","°C","1012.000","hPa","0.861","-0.02056","0.00035","-0.00011","0","14.7","Humid","27.30","0","43.40","195613.01","SABD0002000012","AAV2.0.0.13","1.1.2.0","PSt7-10","000000-000","6/10/2026 14:47:13","0000-00","0","no battery","V"
"07/09/2026","02:01:11","3","default","198787511","O3","782.504","min","177.097","µmol/L","Humid","21.355","deg","134617","µV","22.763","°C","1009.000","hPa","34.2","pmil","0","52.118","deg","21.808","°C","226.700","µmol/L","21.407","deg","20.891","°C","1012.000","hPa","0.861","-0.02056","0.00035","-0.00011","0","14.7","Humid","27.30","0","43.40","195612.96","SABD0002000012","AAV2.0.0.13","1.1.2.0","PSt7-10","000000-000","6/10/2026 14:47:13","0000-00","0","no battery","V"
"07/09/2026","02:01:41","3","default","198787511","O3","783.005","min","177.113","µmol/L","Humid","21.354","deg","134618","µV","22.763","°C","1009.000","hPa","34.2","pmil","0","52.118","deg","21.808","°C","226.700","µmol/L","21.407","deg","20.891","°C","1012.000","hPa","0.861","-0.02056","0.00035","-0.00011","0","14.7","Humid","27.30","0","43.40","195617.51","SABD0002000012","AAV2.0.0.13","1.1.2.0","PSt7-10","000000-000","6/10/2026 14:47:13","0000-00","0","no battery","V"
"07/09/2026","02:02:11","3","default","198787511","O3","783.505","min","177.018","µmol/L","Humid","21.358","deg","134617","µV","22.769","°C","1009.000","hPa","34.2","pmil","0","52.118","deg","21.808","°C","226.700","µmol/L","21.407","deg","20.891","°C","1012.000","hPa","0.861","-0.02056","0.00035","-0.00011","0","14.7","Humid","27.30","0","43.40","195619.08","SABD0002000012","AAV2.0.0.13","1.1.2.0","PSt7-10","000000-000","6/10/2026 14:47:13","0000-00","0","no battery","V"
"07/09/2026","02:02:41","3","default","198787511","O3","784.004","min","177.129","µmol/L","Humid","21.353","deg","134614","µV","22.763","°C","1009.000","hPa","34.2","pmil","0","52.118","deg","21.808","°C","226.700","µmol/L","21.407","deg","20.891","°C","1012.000","hPa","0.861","-0.02056","0.00035","-0.00011","0","14.7","Humid","27.30","0","43.40","195618.03","SABD0002000012","AAV2.0.0.13","1.1.2.0","PSt7-10","000000-000","6/10/2026 14:47:13","0000-00","0","no battery","V"
"07/09/2026","02:03:11","3","default","198787511","O3","784.505","min","177.081","µmol/L","Humid","21.356","deg","134621","µV","22.763","°C","1009.000","hPa","34.2","pmil","0","52.118","deg","21.808","°C","226.700","µmol/L","21.407","deg","20.891","°C","1012.000","hPa","0.861","-0.02056","0.00035","-0.00011","0","14.7","Humid","27.30","0","43.40","195612.33","SABD0002000012","AAV2.0.0.13","1.1.2.0","PSt7-10","000000-000","6/10/2026 14:47:13","0000-00","0","no battery","V"
"07/09/2026","02:03:41","3","default","198787511","O3","785.005","min","177.048","µmol/L","Humid","21.358","deg","134625","µV","22.763","°C","1009.000","hPa","34.2","pmil","0","52.118","deg","21.808","°C","226.700","µmol/L","21.407","deg","20.891","°C","1012.000","hPa","0.861","-0.02056","0.00035","-0.00011","0","14.7","Humid","27.30","0","43.40","195628.92","SABD0002000012","AAV2.0.0.13","1.1.2.0","PSt7-10","000000-000","6/10/2026 14:47:13","0000-00","0","no battery","V"
"07/09/2026","02:04:11","3","default","198787511","O3","785.505","min","177.095","µmol/L","Humid","21.357","deg","134627","µV","22.756","°C","1009.000","hPa","34.2","pmil","0","52.118","deg","21.808","°C","226.700","µmol/L","21.407","deg","20.891","°C","1012.000","hPa","0.861","-0.02056","0.00035","-0.00011","0","14.7","Humid","27.30","0","43.40","195619.40","SABD0002000012","AAV2.0.0.13","1.1.2.0","PSt7-10","000000-000","6/10/2026 14:47:13","0000-00","0","no battery","V"
"07/09/2026","02:04:41","3","default","198787511","O3","786.004","min","176.999","µmol/L","Humid","21.361","deg","134625","µV","22.763","°C","1009.000","hPa","34.2","pmil","0","52.118","deg","21.808","°C","226.700","µmol/L","21.407","deg","20.891","°C","1012.000","hPa","0.861","-0.02056","0.00035","-0.00011","0","14.7","Humid","27.30","0","43.40","195625.35","SABD0002000012","AAV2.0.0.13","1.1.2.0","PSt7-10","000000-000","6/10/2026 14:47:13","0000-00","0","no battery","V"
"07/09/2026","02:05:11","3","default","198787511","O3","786.504","min","177.126","µmol/L","Humid","21.357","deg","134630","µV","22.750","°C","1009.000","hPa","34.2","pmil","0","52.118","deg","21.808","°C","226.700","µmol/L","21.407","deg","20.891","°C","1012.000","hPa","0.861","-0.02056","0.00035","-0.00011","0","14.7","Humid","27.30","0","43.40","195619.72","SABD0002000012","AAV2.0.0.13","1.1.2.0","PSt7-10","000000-000","6/10/2026 14:47:13","0000-00","0","no battery","V"
"07/09/2026","02:05:41","3","default","198787511","O3","787.005","min","177.156","µmol/L","Humid","21.357","deg","134637","µV","22.744","°C","1009.000","hPa","34.2","pmil","0","52.118","deg","21.808","°C","226.700","µmol/L","21.407","deg","20.891","°C","1012.000","hPa","0.861","-0.02056","0.00035","-0.00011","0","14.7","Humid","27.30","0","43.40","195630.46","SABD0002000012","AAV2.0.0.13","1.1.2.0","PSt7-10","000000-000","6/10/2026 14:47:13","0000-00","0","no battery","V"
"07/09/2026","02:06:11","3","default","198787511","O3","787.504","min","177.030","µmol/L","Humid","21.361","deg","134641","µV","22.756","°C","1009.000","hPa","34.2","pmil","0","52.118","deg","21.808","°C","226.700","µmol/L","21.407","deg","20.891","°C","1012.000","hPa","0.861","-0.02056","0.00035","-0.00011","0","14.7","Humid","27.30","0","43.40","195619.44","SABD0002000012","AAV2.0.0.13","1.1.2.0","PSt7-10","000000-000","6/10/2026 14:47:13","0000-00","0","no battery","V"
"07/09/2026","02:06:41","3","default","198787511","O3","788.005","min","177.061","µmol/L","Humid","21.361","deg","134632","µV","22.750","°C","1009.000","hPa","34.2","pmil","0","52.118","deg","21.808","°C","226.700","µmol/L","21.407","deg","20.891","°C","1012.000","hPa","0.861","-0.02056","0.00035","-0.00011","0","14.7","Humid","27.30","0","43.40","195619.73","SABD0002000012","AAV2.0.0.13","1.1.2.0","PSt7-10","000000-000","6/10/2026 14:47:13","0000-00","0","no battery","V"
"07/09/2026","02:07:11","3","default","198787511","O3","788.505","min","177.079","µmol/L","Humid","21.358","deg","134630","µV","22.756","°C","1009.000","hPa","34.2","pmil","0","52.118","deg","21.808","°C","226.700","µmol/L","21.407","deg","20.891","°C","1012.000","hPa","0.861","-0.02056","0.00035","-0.00011","0","14.7","Humid","27.30","0","43.40","195618.51","SABD0002000012","AAV2.0.0.13","1.1.2.0","PSt7-10","000000-000","6/10/2026 14:47:13","0000-00","0","no battery","V"
"07/09/2026","02:07:41","3","default","198787511","O3","789.005","min","177.062","µmol/L","Humid","21.359","deg","134636","µV","22.756","°C","1009.000","hPa","34.2","pmil","0","52.118","deg","21.808","°C","226.700","µmol/L","21.407","deg","20.891","°C","1012.000","hPa","0.861","-0.02056","0.00035","-0.00011","0","14.7","Humid","27.30","0","43.40","195627.47","SABD0002000012","AAV2.0.0.13","1.1.2.0","PSt7-10","000000-000","6/10/2026 14:47:13","0000-00","0","no battery","V"
"07/09/2026","02:08:11","3","default","198787511","O3","789.504","min","177.124","µmol/L","Humid","21.359","deg","134631","µV","22.744","°C","1009.000","hPa","34.2","pmil","0","52.118","deg","21.808","°C","226.700","µmol/L","21.407","deg","20.891","°C","1012.000","hPa","0.861","-0.02056","0.00035","-0.00011","0","14.7","Humid","27.30","0","43.40","195617.80","SABD0002000012","AAV2.0.0.13","1.1.2.0","PSt7-10","000000-000","6/10/2026 14:47:13","0000-00","0","no battery","V"
"07/09/2026","02:08:41","3","default","198787511","O3","790.005","min","177.154","µmol/L","Humid","21.359","deg","134643","µV","22.738","°C","1009.000","hPa","34.2","pmil","0","52.118","deg","21.808","°C","226.700","µmol/L","21.407","deg","20.891","°C","1012.000","hPa","0.861","-0.02056","0.00035","-0.00011","0","14.7","Humid","27.30","0","43.40","195622.40","SABD0002000012","AAV2.0.0.13","1.1.2.0","PSt7-10","000000-000","6/10/2026 14:47:13","0000-00","0","no battery","V"
"07/09/2026","02:09:11","3","default","198787511","O3","790.505","min","177.093","µmol/L","Humid","21.359","deg","134641","µV","22.750","°C","1009.000","hPa","34.2","pmil","0","52.118","deg","21.808","°C","226.700","µmol/L","21.407","deg","20.891","°C","1012.000","hPa","0.861","-0.02056","0.00035","-0.00011","0","14.7","Humid","27.30","0","43.40","195623.32","SABD0002000012","AAV2.0.0.13","1.1.2.0","PSt7-10","000000-000","6/10/2026 14:47:13","0000-00","0","no battery","V"
"07/09/2026","02:09:41","3","default","198787511","O3","791.004","min","177.171","µmol/L","Humid","21.358","deg","134645","µV","22.738","°C","1009.000","hPa","34.2","pmil","0","52.118","deg","21.808","°C","226.700","µmol/L","21.407","deg","20.891","°C","1012.000","hPa","0.861","-0.02056","0.00035","-0.00011","0","14.7","Humid","27.30","0","43.40","195620.04","SABD0002000012","AAV2.0.0.13","1.1.2.0","PSt7-10","000000-000","6/10/2026 14:47:13","0000-00","0","no battery","V"
"07/09/2026","02:10:11","3","default","198787511","O3","791.505","min","177.124","µmol/L","Humid","21.359","deg","134644","µV","22.744","°C","1009.000","hPa","34.2","pmil","0","52.118","deg","21.808","°C","226.700","µmol/L","21.407","deg","20.891","°C","1012.000","hPa","0.861","-0.02056","0.00035","-0.00011","0","14.7","Humid","27.30","0","43.40","195617.90","SABD0002000012","AAV2.0.0.13","1.1.2.0","PSt7-10","000000-000","6/10/2026 14:47:13","0000-00","0","no battery","V"
"07/09/2026","02:10:41","3","default","198787511","O3","792.005","min","177.089","µmol/L","Humid","21.363","deg","134655","µV","22.738","°C","1009.000","hPa","34.2","pmil","0","52.118","deg","21.808","°C","226.700","µmol/L","21.407","deg","20.891","°C","1012.000","hPa","0.861","-0.02056","0.00035","-0.00011","0","14.7","Humid","27.30","0","43.40","195616.37","SABD0002000012","AAV2.0.0.13","1.1.2.0","PSt7-10","000000-000","6/10/2026 14:47:13","0000-00","0","no battery","V"
"07/09/2026","02:11:11","3","default","198787511","O3","792.504","min","177.106","µmol/L","Humid","21.362","deg","134654","µV","22.738","°C","1009.000","hPa","34.2","pmil","0","52.118","deg","21.808","°C","226.700","µmol/L","21.407","deg","20.891","°C","1012.000","hPa","0.861","-0.02056","0.00035","-0.00011","0","14.7","Humid","27.30","0","43.40","195619.60","SABD0002000012","AAV2.0.0.13","1.1.2.0","PSt7-10","000000-000","6/10/2026 14:47:13","0000-00","0","no battery","V"
"07/09/2026","02:11:41","3","default","198787511","O3","793.005","min","177.057","µmol/L","Humid","21.365","deg","134664","µV","22.738","°C","1009.000","hPa","34.2","pmil","0","52.118","deg","21.808","°C","226.700","µmol/L","21.407","deg","20.891","°C","1012.000","hPa","0.861","-0.02056","0.00035","-0.00011","0","14.7","Humid","27.30","0","43.40","195634.75","SABD0002000012","AAV2.0.0.13","1.1.2.0","PSt7-10","000000-000","6/10/2026 14:47:13","0000-00","0","no battery","V"
"07/09/2026","02:12:11","3","default","198787511","O3","793.504","min","177.087","µmol/L","Humid","21.365","deg","134663","µV","22.732","°C","1009.000","hPa","34.2","pmil","0","52.118","deg","21.808","°C","226.700","µmol/L","21.407","deg","20.891","°C","1012.000","hPa","0.861","-0.02056","0.00035","-0.00011","0","14.7","Humid","27.30","0","43.40","195620.77","SABD0002000012","AAV2.0.0.13","1.1.2.0","PSt7-10","000000-000","6/10/2026 14:47:13","0000-00","0","no battery","V"
"07/09/2026","02:12:41","3","default","198787511","O3","794.005","min","177.215","µmol/L","Humid","21.359","deg","134668","µV","22.726","°C","1009.000","hPa","34.2","pmil","0","52.118","deg","21.808","°C","226.700","µmol/L","21.407","deg","20.891","°C","1012.000","hPa","0.861","-0.02056","0.00035","-0.00011","0","14.7","Humid","27.30","0","43.40","195621.95","SABD0002000012","AAV2.0.0.13","1.1.2.0","PSt7-10","000000-000","6/10/2026 14:47:13","0000-00","0","no battery","V"
"07/09/2026","02:13:11","3","default","198787511","O3","794.504","min","177.169","µmol/L","Humid","21.360","deg","134668","µV","22.732","°C","1009.000","hPa","34.2","pmil","0","52.118","deg","21.808","°C","226.700","µmol/L","21.407","deg","20.891","°C","1012.000","hPa","0.861","-0.02056","0.00035","-0.00011","0","14.7","Humid","27.30","0","43.40","195620.38","SABD0002000012","AAV2.0.0.13","1.1.2.0","PSt7-10","000000-000","6/10/2026 14:47:13","0000-00","0","no battery","V"
"07/09/2026","02:13:41","3","default","198787511","O3","795.005","min","177.150","µmol/L","Humid","21.363","deg","134672","µV","22.726","°C","1009.000","hPa","34.2","pmil","0","52.118","deg","21.808","°C","226.700","µmol/L","21.407","deg","20.891","°C","1012.000","hPa","0.861","-0.02056","0.00035","-0.00011","0","14.7","Humid","27.30","0","43.40","195626.07","SABD0002000012","AAV2.0.0.13","1.1.2.0","PSt7-10","000000-000","6/10/2026 14:47:13","0000-00","0","no battery","V"
"07/09/2026","02:14:11","3","default","198787511","O3","795.505","min","177.169","µmol/L","Humid","21.360","deg","134660","µV","22.732","°C","1009.000","hPa","34.2","pmil","0","52.118","deg","21.808","°C","226.700","µmol/L","21.407","deg","20.891","°C","1012.000","hPa","0.861","-0.02056","0.00035","-0.00011","0","14.7","Humid","27.30","0","43.40","195618.50","SABD0002000012","AAV2.0.0.13","1.1.2.0","PSt7-10","000000-000","6/10/2026 14:47:13","0000-00","0","no battery","V"
"07/09/2026","02:14:41","3","default","198787511","O3","796.005","min","177.167","µmol/L","Humid","21.362","deg","134668","µV","22.726","°C","1009.000","hPa","34.2","pmil","0","52.118","deg","21.808","°C","226.700","µmol/L","21.407","deg","20.891","°C","1012.000","hPa","0.861","-0.02056","0.00035","-0.00011","0","14.7","Humid","27.30","0","43.40","195626.83","SABD0002000012","AAV2.0.0.13","1.1.2.0","PSt7-10","000000-000","6/10/2026 14:47:13","0000-00","0","no battery","V"
"07/09/2026","02:15:11","3","default","198787511","O3","796.504","min","177.214","µmol/L","Humid","21.361","deg","134669","µV","22.720","°C","1009.000","hPa","34.2","pmil","0","52.118","deg","21.808","°C","226.700","µmol/L","21.407","deg","20.891","°C","1012.000","hPa","0.861","-0.02056","0.00035","-0.00011","0","14.7","Humid","27.30","0","43.40","195623.96","SABD0002000012","AAV2.0.0.13","1.1.2.0","PSt7-10","000000-000","6/10/2026 14:47:13","0000-00","0","no battery","V"
"07/09/2026","02:15:41","3","default","198787511","O3","797.005","min","177.136","µmol/L","Humid","21.362","deg","134669","µV","22.732","°C","1009.000","hPa","34.2","pmil","0","52.118","deg","21.808","°C","226.700","µmol/L","21.407","deg","20.891","°C","1012.000","hPa","0.861","-0.02056","0.00035","-0.00011","0","14.7","Humid","27.30","0","43.40","195631.23","SABD0002000012","AAV2.0.0.13","1.1.2.0","PSt7-10","000000-000","6/10/2026 14:47:13","0000-00","0","no battery","V"
"07/09/2026","02:16:11","3","default","198787511","O3","797.504","min","177.104","µmol/L","Humid","21.364","deg","134679","µV","22.732","°C","1009.000","hPa","34.2","pmil","0","52.118","deg","21.808","°C","226.700","µmol/L","21.407","deg","20.891","°C","1012.000","hPa","0.861","-0.02056","0.00035","-0.00011","0","14.7","Humid","27.30","0","43.40","195618.36","SABD0002000012","AAV2.0.0.13","1.1.2.0","PSt7-10","000000-000","6/10/2026 14:47:13","0000-00","0","no battery","V"
"07/09/2026","02:16:41","3","default","198787511","O3","798.005","min","177.136","µmol/L","Humid","21.362","deg","134677","µV","22.732","°C","1009.000","hPa","34.2","pmil","0","52.118","deg","21.808","°C","226.700","µmol/L","21.407","deg","20.891","°C","1012.000","hPa","0.861","-0.02056","0.00035","-0.00011","0","14.7","Humid","27.30","0","43.40","195617.09","SABD0002000012","AAV2.0.0.13","1.1.2.0","PSt7-10","000000-000","6/10/2026 14:47:13","0000-00","0","no battery","V"
"07/09/2026","02:17:11","3","default","198787511","O3","798.504","min","177.134","µmol/L","Humid","21.364","deg","134676","µV","22.726","°C","1009.000","hPa","34.2","pmil","0","52.118","deg","21.808","°C","226.700","µmol/L","21.407","deg","20.891","°C","1012.000","hPa","0.861","-0.02056","0.00035","-0.00011","0","14.7","Humid","27.30","0","43.40","195626.56","SABD0002000012","AAV2.0.0.13","1.1.2.0","PSt7-10","000000-000","6/10/2026 14:47:13","0000-00","0","no battery","V"
"07/09/2026","02:17:41","3","default","198787511","O3","799.004","min","177.230","µmol/L","Humid","21.360","deg","134666","µV","22.720","°C","1009.000","hPa","34.2","pmil","0","52.118","deg","21.808","°C","226.700","µmol/L","21.407","deg","20.891","°C","1012.000","hPa","0.861","-0.02056","0.00035","-0.00011","0","14.7","Humid","27.30","0","43.40","195626.63","SABD0002000012","AAV2.0.0.13","1.1.2.0","PSt7-10","000000-000","6/10/2026 14:47:13","0000-00","0","no battery","V"
"07/09/2026","02:18:11","3","default","198787511","O3","799.505","min","177.149","µmol/L","Humid","21.365","deg","134664","µV","22.720","°C","1009.000","hPa","34.2","pmil","0","52.118","deg","21.808","°C","226.700","µmol/L","21.407","deg","20.891","°C","1012.000","hPa","0.861","-0.02056","0.00035","-0.00011","0","14.7","Humid","27.30","0","43.40","195616.83","SABD0002000012","AAV2.0.0.13","1.1.2.0","PSt7-10","000000-000","6/10/2026 14:47:13","0000-00","0","no battery","V"
"07/09/2026","02:18:41","3","default","198787511","O3","800.004","min","177.120","µmol/L","Humid","21.363","deg","134664","µV","22.732","°C","1009.000","hPa","34.2","pmil","0","52.118","deg","21.808","°C","226.700","µmol/L","21.407","deg","20.891","°C","1012.000","hPa","0.861","-0.02056","0.00035","-0.00011","0","14.7","Humid","27.30","0","43.40","195625.09","SABD0002000012","AAV2.0.0.13","1.1.2.0","PSt7-10","000000-000","6/10/2026 14:47:13","0000-00","0","no battery","V"
"07/09/2026","02:19:11","3","default","198787511","O3","800.504","min","177.167","µmol/L","Humid","21.362","deg","134666","µV","22.726","°C","1009.000","hPa","34.2","pmil","0","52.118","deg","21.808","°C","226.700","µmol/L","21.407","deg","20.891","°C","1012.000","hPa","0.861","-0.02056","0.00035","-0.00011","0","14.7","Humid","27.30","0","43.40","195618.60","SABD0002000012","AAV2.0.0.13","1.1.2.0","PSt7-10","000000-000","6/10/2026 14:47:13","0000-00","0","no battery","V"
"07/09/2026","02:19:41","3","default","198787511","O3","801.005","min","177.152","µmol/L","Humid","21.361","deg","134666","µV","22.732","°C","1009.000","hPa","34.2","pmil","0","52.118","deg","21.808","°C","226.700","µmol/L","21.407","deg","20.891","°C","1012.000","hPa","0.861","-0.02056","0.00035","-0.00011","0","14.7","Humid","27.30","0","43.40","195614.33","SABD0002000012","AAV2.0.0.13","1.1.2.0","PSt7-10","000000-000","6/10/2026 14:47:13","0000-00","0","no battery","V"
"07/09/2026","02:20:11","3","default","198787511","O3","801.504","min","177.041","µmol/L","Humid","21.366","deg","134681","µV","22.738","°C","1009.000","hPa","34.2","pmil","0","52.118","deg","21.808","°C","226.700","µmol/L","21.407","deg","20.891","°C","1012.000","hPa","0.861","-0.02056","0.00035","-0.00011","0","14.7","Humid","27.30","0","43.40","195618.87","SABD0002000012","AAV2.0.0.13","1.1.2.0","PSt7-10","000000-000","6/10/2026 14:47:13","0000-00","0","no battery","V"
"07/09/2026","02:20:41","3","default","198787511","O3","802.005","min","177.120","µmol/L","Humid","21.363","deg","134675","µV","22.732","°C","1009.000","hPa","34.2","pmil","0","52.118","deg","21.808","°C","226.700","µmol/L","21.407","deg","20.891","°C","1012.000","hPa","0.861","-0.02056","0.00035","-0.00011","0","14.7","Humid","27.30","0","43.40","195609.79","SABD0002000012","AAV2.0.0.13","1.1.2.0","PSt7-10","000000-000","6/10/2026 14:47:13","0000-00","0","no battery","V"
"07/09/2026","02:21:11","3","default","198787511","O3","802.505","min","177.118","µmol/L","Humid","21.365","deg","134671","µV","22.726","°C","1009.000","hPa","34.2","pmil","0","52.118","deg","21.808","°C","226.700","µmol/L","21.407","deg","20.891","°C","1012.000","hPa","0.861","-0.02056","0.00035","-0.00011","0","14.7","Humid","27.30","0","43.40","195621.73","SABD0002000012","AAV2.0.0.13","1.1.2.0","PSt7-10","000000-000","6/10/2026 14:47:13","0000-00","0","no battery","V"
"07/09/2026","02:21:41","3","default","198787511","O3","803.004","min","177.057","µmol/L","Humid","21.365","deg","134657","µV","22.738","°C","1009.000","hPa","34.2","pmil","0","52.118","deg","21.808","°C","226.700","µmol/L","21.407","deg","20.891","°C","1012.000","hPa","0.861","-0.02056","0.00035","-0.00011","0","14.7","Humid","27.30","0","43.40","195621.16","SABD0002000012","AAV2.0.0.13","1.1.2.0","PSt7-10","000000-000","6/10/2026 14:47:13","0000-00","0","no battery","V"
"07/09/2026","02:22:11","3","default","198787511","O3","803.504","min","177.165","µmol/L","Humid","21.364","deg","134666","µV","22.720","°C","1009.000","hPa","34.2","pmil","0","52.118","deg","21.808","°C","226.700","µmol/L","21.407","deg","20.891","°C","1012.000","hPa","0.861","-0.02056","0.00035","-0.00011","0","14.7","Humid","27.30","0","43.40","195615.22","SABD0002000012","AAV2.0.0.13","1.1.2.0","PSt7-10","000000-000","6/10/2026 14:47:13","0000-00","0","no battery","V"
"07/09/2026","02:22:41","3","default","198787511","O3","804.004","min","177.134","µmol/L","Humid","21.364","deg","134669","µV","22.726","°C","1009.000","hPa","34.2","pmil","0","52.118","deg","21.808","°C","226.700","µmol/L","21.407","deg","20.891","°C","1012.000","hPa","0.861","-0.02056","0.00035","-0.00011","0","14.7","Humid","27.30","0","43.40","195622.96","SABD0002000012","AAV2.0.0.13","1.1.2.0","PSt7-10","000000-000","6/10/2026 14:47:13","0000-00","0","no battery","V"
"07/09/2026","02:23:11","3","default","198787511","O3","804.505","min","177.134","µmol/L","Humid","21.364","deg","134669","µV","22.726","°C","1009.000","hPa","34.2","pmil","0","52.118","deg","21.808","°C","226.700","µmol/L","21.407","deg","20.891","°C","1012.000","hPa","0.861","-0.02056","0.00035","-0.00011","0","14.7","Humid","27.30","0","43.40","195608.95","SABD0002000012","AAV2.0.0.13","1.1.2.0","PSt7-10","000000-000","6/10/2026 14:47:13","0000-00","0","no battery","V"
"07/09/2026","02:23:41","3","default","198787511","O3","805.005","min","177.134","µmol/L","Humid","21.364","deg","134664","µV","22.726","°C","1009.000","hPa","34.2","pmil","0","52.118","deg","21.808","°C","226.700","µmol/L","21.407","deg","20.891","°C","1012.000","hPa","0.861","-0.02056","0.00035","-0.00011","0","14.7","Humid","27.30","0","43.40","195604.85","SABD0002000012","AAV2.0.0.13","1.1.2.0","PSt7-10","000000-000","6/10/2026 14:47:13","0000-00","0","no battery","V"
"07/09/2026","02:24:11","3","default","198787511","O3","805.505","min","177.116","µmol/L","Humid","21.367","deg","134665","µV","22.720","°C","1009.000","hPa","34.2","pmil","0","52.118","deg","21.808","°C","226.700","µmol/L","21.407","deg","20.891","°C","1012.000","hPa","0.861","-0.02056","0.00035","-0.00011","0","14.7","Humid","27.30","0","43.40","195608.41","SABD0002000012","AAV2.0.0.13","1.1.2.0","PSt7-10","000000-000","6/10/2026 14:47:13","0000-00","0","no battery","V"
"07/09/2026","02:24:41","3","default","198787511","O3","806.005","min","177.116","µmol/L","Humid","21.367","deg","134665","µV","22.720","°C","1009.000","hPa","34.2","pmil","0","52.118","deg","21.808","°C","226.700","µmol/L","21.407","deg","20.891","°C","1012.000","hPa","0.861","-0.02056","0.00035","-0.00011","0","14.7","Humid","27.30","0","43.40","195608.41","SABD0002000012","AAV2.0.0.13","1.1.2.0","PSt7-10","000000-000","6/10/2026 14:47:13","0000-00","0","no battery","V"
"07/09/2026","02:25:11","3","default","198787511","O3","806.504","min","177.244","µmol/L","Humid","21.361","deg","134675","µV","22.714","°C","1009.000","hPa","34.2","pmil","0","52.118","deg","21.808","°C","226.700","µmol/L","21.407","deg","20.891","°C","1012.000","hPa","0.861","-0.02056","0.00035","-0.00011","0","14.7","Humid","27.30","0","43.40","195605.97","SABD0002000012","AAV2.0.0.13","1.1.2.0","PSt7-10","000000-000","6/10/2026 14:47:13","0000-00","0","no battery","V"
"07/09/2026","02:25:41","3","default","198787511","O3","807.005","min","177.150","µmol/L","Humid","21.363","deg","134668","µV","22.726","°C","1009.000","hPa","34.2","pmil","0","52.118","deg","21.808","°C","226.700","µmol/L","21.407","deg","20.891","°C","1012.000","hPa","0.861","-0.02056","0.00035","-0.00011","0","14.7","Humid","27.30","0","43.40","195605.42","SABD0002000012","AAV2.0.0.13","1.1.2.0","PSt7-10","000000-000","6/10/2026 14:47:13","0000-00","0","no battery","V"
"07/09/2026","02:26:11","3","default","198787511","O3","807.505","min","177.230","µmol/L","Humid","21.360","deg","134669","µV","22.720","°C","1009.000","hPa","34.2","pmil","0","52.118","deg","21.808","°C","226.700","µmol/L","21.407","deg","20.891","°C","1012.000","hPa","0.861","-0.02056","0.00035","-0.00011","0","14.7","Humid","27.30","0","43.40","195609.97","SABD0002000012","AAV2.0.0.13","1.1.2.0","PSt7-10","000000-000","6/10/2026 14:47:13","0000-00","0","no battery","V"
"07/09/2026","02:26:41","3","default","198787511","O3","808.004","min","177.102","µmol/L","Humid","21.366","deg","134673","µV","22.726","°C","1009.000","hPa","34.2","pmil","0","52.118","deg","21.808","°C","226.700","µmol/L","21.407","deg","20.891","°C","1012.000","hPa","0.861","-0.02056","0.00035","-0.00011","0","14.7","Humid","27.30","0","43.40","195611.61","SABD0002000012","AAV2.0.0.13","1.1.2.0","PSt7-10","000000-000","6/10/2026 14:47:13","0000-00","0","no battery","V"
"07/09/2026","02:27:11","3","default","198787511","O3","808.504","min","177.147","µmol/L","Humid","21.367","deg","134677","µV","22.714","°C","1009.000","hPa","34.2","pmil","0","52.118","deg","21.808","°C","226.700","µmol/L","21.407","deg","20.891","°C","1012.000","hPa","0.861","-0.02056","0.00035","-0.00011","0","14.7","Humid","27.30","0","43.40","195604.25","SABD0002000012","AAV2.0.0.13","1.1.2.0","PSt7-10","000000-000","6/10/2026 14:47:13","0000-00","0","no battery","V"
"07/09/2026","02:27:41","3","default","198787511","O3","809.004","min","177.212","µmol/L","Humid","21.363","deg","134673","µV","22.714","°C","1009.000","hPa","34.2","pmil","0","52.118","deg","21.808","°C","226.700","µmol/L","21.407","deg","20.891","°C","1012.000","hPa","0.861","-0.02056","0.00035","-0.00011","0","14.7","Humid","27.30","0","43.40","195612.96","SABD0002000012","AAV2.0.0.13","1.1.2.0","PSt7-10","000000-000","6/10/2026 14:47:13","0000-00","0","no battery","V"
"07/09/2026","02:28:11","3","default","198787511","O3","809.505","min","177.149","µmol/L","Humid","21.365","deg","134657","µV","22.720","°C","1009.000","hPa","34.2","pmil","0","52.118","deg","21.808","°C","226.700","µmol/L","21.407","deg","20.891","°C","1012.000","hPa","0.861","-0.02056","0.00035","-0.00011","0","14.7","Humid","27.30","0","43.40","195608.25","SABD0002000012","AAV2.0.0.13","1.1.2.0","PSt7-10","000000-000","6/10/2026 14:47:13","0000-00","0","no battery","V"
"07/09/2026","02:28:41","3","default","198787511","O3","810.004","min","177.226","µmol/L","Humid","21.364","deg","134666","µV","22.707","°C","1009.000","hPa","34.2","pmil","0","52.118","deg","21.808","°C","226.700","µmol/L","21.407","deg","20.891","°C","1012.000","hPa","0.861","-0.02056","0.00035","-0.00011","0","14.7","Humid","27.30","0","43.40","195605.67","SABD0002000012","AAV2.0.0.13","1.1.2.0","PSt7-10","000000-000","6/10/2026 14:47:13","0000-00","0","no battery","V"
"07/09/2026","02:29:11","3","default","198787511","O3","810.504","min","177.149","µmol/L","Humid","21.365","deg","134666","µV","22.720","°C","1009.000","hPa","34.2","pmil","0","52.118","deg","21.808","°C","226.700","µmol/L","21.407","deg","20.891","°C","1012.000","hPa","0.861","-0.02056","0.00035","-0.00011","0","14.7","Humid","27.30","0","43.40","195622.09","SABD0002000012","AAV2.0.0.13","1.1.2.0","PSt7-10","000000-000","6/10/2026 14:47:13","0000-00","0","no battery","V"
"07/09/2026","02:29:41","3","default","198787511","O3","811.005","min","177.100","µmol/L","Humid","21.368","deg","134656","µV","22.720","°C","1009.000","hPa","34.2","pmil","0","52.118","deg","21.808","°C","226.700","µmol/L","21.407","deg","20.891","°C","1012.000","hPa","0.861","-0.02056","0.00035","-0.00011","0","14.7","Humid","27.30","0","43.40","195611.38","SABD0002000012","AAV2.0.0.13","1.1.2.0","PSt7-10","000000-000","6/10/2026 14:47:13","0000-00","0","no battery","V"
"07/09/2026","02:30:11","3","default","198787511","O3","811.505","min","177.259","µmol/L","Humid","21.362","deg","134661","µV","22.707","°C","1009.000","hPa","34.2","pmil","0","52.118","deg","21.808","°C","226.700","µmol/L","21.407","deg","20.891","°C","1012.000","hPa","0.861","-0.02056","0.00035","-0.00011","0","14.7","Humid","27.30","0","43.40","195605.91","SABD0002000012","AAV2.0.0.13","1.1.2.0","PSt7-10","000000-000","6/10/2026 14:47:13","0000-00","0","no battery","V"
"07/09/2026","02:30:41","3","default","198787511","O3","812.004","min","177.195","µmol/L","Humid","21.364","deg","134660","µV","22.714","°C","1009.000","hPa","34.2","pmil","0","52.118","deg","21.808","°C","226.700","µmol/L","21.407","deg","20.891","°C","1012.000","hPa","0.861","-0.02056","0.00035","-0.00011","0","14.7","Humid","27.30","0","43.40","195606.50","SABD0002000012","AAV2.0.0.13","1.1.2.0","PSt7-10","000000-000","6/10/2026 14:47:13","0000-00","0","no battery","V"
"07/09/2026","02:31:11","3","default","198787511","O3","812.504","min","177.179","µmol/L","Humid","21.365","deg","134661","µV","22.714","°C","1009.000","hPa","34.2","pmil","0","52.118","deg","21.808","°C","226.700","µmol/L","21.407","deg","20.891","°C","1012.000","hPa","0.861","-0.02056","0.00035","-0.00011","0","14.7","Humid","27.30","0","43.40","195597.04","SABD0002000012","AAV2.0.0.13","1.1.2.0","PSt7-10","000000-000","6/10/2026 14:47:13","0000-00","0","no battery","V"
"07/09/2026","02:31:41","3","default","198787511","O3","813.005","min","177.179","µmol/L","Humid","21.365","deg","134653","µV","22.714","°C","1009.000","hPa","34.2","pmil","0","52.118","deg","21.808","°C","226.700","µmol/L","21.407","deg","20.891","°C","1012.000","hPa","0.861","-0.02056","0.00035","-0.00011","0","14.7","Humid","27.30","0","43.40","195602.94","SABD0002000012","AAV2.0.0.13","1.1.2.0","PSt7-10","000000-000","6/10/2026 14:47:13","0000-00","0","no battery","V"
"07/09/2026","02:32:11","3","default","198787511","O3","813.505","min","177.118","µmol/L","Humid","21.365","deg","134658","µV","22.726","°C","1009.000","hPa","34.2","pmil","0","52.118","deg","21.808","°C","226.700","µmol/L","21.407","deg","20.891","°C","1012.000","hPa","0.861","-0.02056","0.00035","-0.00011","0","14.7","Humid","27.30","0","43.40","195612.30","SABD0002000012","AAV2.0.0.13","1.1.2.0","PSt7-10","000000-000","6/10/2026 14:47:13","0000-00","0","no battery","V"
"07/09/2026","02:32:41","3","default","198787511","O3","814.005","min","177.147","µmol/L","Humid","21.367","deg","134656","µV","22.714","°C","1009.000","hPa","34.2","pmil","0","52.118","deg","21.808","°C","226.700","µmol/L","21.407","deg","20.891","°C","1012.000","hPa","0.861","-0.02056","0.00035","-0.00011","0","14.7","Humid","27.30","0","43.40","195598.42","SABD0002000012","AAV2.0.0.13","1.1.2.0","PSt7-10","000000-000","6/10/2026 14:47:13","0000-00","0","no battery","V"
"07/09/2026","02:33:11","3","default","198787511","O3","814.504","min","177.116","µmol/L","Humid","21.367","deg","134654","µV","22.720","°C","1009.000","hPa","34.2","pmil","0","52.118","deg","21.808","°C","226.700","µmol/L","21.407","deg","20.891","°C","1012.000","hPa","0.861","-0.02056","0.00035","-0.00011","0","14.7","Humid","27.30","0","43.40","195594.77","SABD0002000012","AAV2.0.0.13","1.1.2.0","PSt7-10","000000-000","6/10/2026 14:47:13","0000-00","0","no battery","V"
"07/09/2026","02:33:41","3","default","198787511","O3","815.005","min","177.149","µmol/L","Humid","21.365","deg","134659","µV","22.720","°C","1009.000","hPa","34.2","pmil","0","52.118","deg","21.808","°C","226.700","µmol/L","21.407","deg","20.891","°C","1012.000","hPa","0.861","-0.02056","0.00035","-0.00011","0","14.7","Humid","27.30","0","43.40","195600.56","SABD0002000012","AAV2.0.0.13","1.1.2.0","PSt7-10","000000-000","6/10/2026 14:47:13","0000-00","0","no battery","V"
"07/09/2026","02:34:11","3","default","198787511","O3","815.504","min","177.147","µmol/L","Humid","21.367","deg","134667","µV","22.714","°C","1009.000","hPa","34.2","pmil","0","52.118","deg","21.808","°C","226.700","µmol/L","21.407","deg","20.891","°C","1012.000","hPa","0.861","-0.02056","0.00035","-0.00011","0","14.7","Humid","27.30","0","43.40","195597.48","SABD0002000012","AAV2.0.0.13","1.1.2.0","PSt7-10","000000-000","6/10/2026 14:47:13","0000-00","0","no battery","V"
"07/09/2026","02:34:41","3","default","198787511","O3","816.005","min","177.132","µmol/L","Humid","21.366","deg","134652","µV","22.720","°C","1009.000","hPa","34.2","pmil","0","52.118","deg","21.808","°C","226.700","µmol/L","21.407","deg","20.891","°C","1012.000","hPa","0.861","-0.02056","0.00035","-0.00011","0","14.7","Humid","27.30","0","43.40","195597.33","SABD0002000012","AAV2.0.0.13","1.1.2.0","PSt7-10","000000-000","6/10/2026 14:47:13","0000-00","0","no battery","V"
"07/09/2026","02:35:11","3","default","198787511","O3","816.505","min","177.118","µmol/L","Humid","21.365","deg","134656","µV","22.726","°C","1009.000","hPa","34.2","pmil","0","52.118","deg","21.808","°C","226.700","µmol/L","21.407","deg","20.891","°C","1012.000","hPa","0.861","-0.02056","0.00035","-0.00011","0","14.7","Humid","27.30","0","43.40","195592.53","SABD0002000012","AAV2.0.0.13","1.1.2.0","PSt7-10","000000-000","6/10/2026 14:47:13","0000-00","0","no battery","V"
"07/09/2026","02:35:41","3","default","198787511","O3","817.005","min","177.132","µmol/L","Humid","21.366","deg","134652","µV","22.720","°C","1009.000","hPa","34.2","pmil","0","52.118","deg","21.808","°C","226.700","µmol/L","21.407","deg","20.891","°C","1012.000","hPa","0.861","-0.02056","0.00035","-0.00011","0","14.7","Humid","27.30","0","43.40","195595.33","SABD0002000012","AAV2.0.0.13","1.1.2.0","PSt7-10","000000-000","6/10/2026 14:47:13","0000-00","0","no battery","V"
"07/09/2026","02:36:11","3","default","198787511","O3","817.505","min","177.149","µmol/L","Humid","21.365","deg","134656","µV","22.720","°C","1009.000","hPa","34.2","pmil","0","52.118","deg","21.808","°C","226.700","µmol/L","21.407","deg","20.891","°C","1012.000","hPa","0.861","-0.02056","0.00035","-0.00011","0","14.7","Humid","27.30","0","43.40","195598.33","SABD0002000012","AAV2.0.0.13","1.1.2.0","PSt7-10","000000-000","6/10/2026 14:47:13","0000-00","0","no battery","V"
"07/09/2026","02:36:41","3","default","198787511","O3","818.005","min","177.163","µmol/L","Humid","21.366","deg","134664","µV","22.714","°C","1009.000","hPa","34.2","pmil","0","52.118","deg","21.808","°C","226.700","µmol/L","21.407","deg","20.891","°C","1012.000","hPa","0.861","-0.02056","0.00035","-0.00011","0","14.7","Humid","27.30","0","43.40","195598.65","SABD0002000012","AAV2.0.0.13","1.1.2.0","PSt7-10","000000-000","6/10/2026 14:47:13","0000-00","0","no battery","V"
"07/09/2026","02:37:11","3","default","198787511","O3","818.504","min","177.226","µmol/L","Humid","21.364","deg","134670","µV","22.707","°C","1009.000","hPa","34.2","pmil","0","52.118","deg","21.808","°C","226.700","µmol/L","21.407","deg","20.891","°C","1012.000","hPa","0.861","-0.02056","0.00035","-0.00011","0","14.7","Humid","27.30","0","43.40","195605.12","SABD0002000012","AAV2.0.0.13","1.1.2.0","PSt7-10","000000-000","6/10/2026 14:47:13","0000-00","0","no battery","V"
"07/09/2026","02:37:41","3","default","198787511","O3","819.005","min","177.163","µmol/L","Humid","21.366","deg","134664","µV","22.714","°C","1009.000","hPa","34.2","pmil","0","52.118","deg","21.808","°C","226.700","µmol/L","21.407","deg","20.891","°C","1012.000","hPa","0.861","-0.02056","0.00035","-0.00011","0","14.7","Humid","27.30","0","43.40","195603.56","SABD0002000012","AAV2.0.0.13","1.1.2.0","PSt7-10","000000-000","6/10/2026 14:47:13","0000-00","0","no battery","V"
"07/09/2026","02:38:11","3","default","198787511","O3","819.504","min","177.130","µmol/L","Humid","21.368","deg","134667","µV","22.714","°C","1009.000","hPa","34.2","pmil","0","52.118","deg","21.808","°C","226.700","µmol/L","21.407","deg","20.891","°C","1012.000","hPa","0.861","-0.02056","0.00035","-0.00011","0","14.7","Humid","27.30","0","43.40","195602.42","SABD0002000012","AAV2.0.0.13","1.1.2.0","PSt7-10","000000-000","6/10/2026 14:47:13","0000-00","0","no battery","V"
"07/09/2026","02:38:41","3","default","198787511","O3","820.005","min","177.118","µmol/L","Humid","21.365","deg","134654","µV","22.726","°C","1009.000","hPa","34.2","pmil","0","52.118","deg","21.808","°C","226.700","µmol/L","21.407","deg","20.891","°C","1012.000","hPa","0.861","-0.02056","0.00035","-0.00011","0","14.7","Humid","27.30","0","43.40","195590.12","SABD0002000012","AAV2.0.0.13","1.1.2.0","PSt7-10","000000-000","6/10/2026 14:47:13","0000-00","0","no battery","V"
"07/09/2026","02:39:11","3","default","198787511","O3","820.505","min","177.130","µmol/L","Humid","21.368","deg","134667","µV","22.714","°C","1009.000","hPa","34.2","pmil","0","52.118","deg","21.808","°C","226.700","µmol/L","21.407","deg","20.891","°C","1012.000","hPa","0.861","-0.02056","0.00035","-0.00011","0","14.7","Humid","27.30","0","43.40","195599.81","SABD0002000012","AAV2.0.0.13","1.1.2.0","PSt7-10","000000-000","6/10/2026 14:47:13","0000-00","0","no battery","V"
"07/09/2026","02:39:41","3","default","198787511","O3","821.005","min","177.149","µmol/L","Humid","21.365","deg","134665","µV","22.720","°C","1009.000","hPa","34.2","pmil","0","52.118","deg","21.808","°C","226.700","µmol/L","21.407","deg","20.891","°C","1012.000","hPa","0.861","-0.02056","0.00035","-0.00011","0","14.7","Humid","27.30","0","43.40","195601.70","SABD0002000012","AAV2.0.0.13","1.1.2.0","PSt7-10","000000-000","6/10/2026 14:47:13","0000-00","0","no battery","V"
"07/09/2026","02:40:11","3","default","198787511","O3","821.504","min","177.177","µmol/L","Humid","21.367","deg","134667","µV","22.707","°C","1009.000","hPa","34.2","pmil","0","52.118","deg","21.808","°C","226.700","µmol/L","21.407","deg","20.891","°C","1012.000","hPa","0.861","-0.02056","0.00035","-0.00011","0","14.7","Humid","27.30","0","43.40","195611.09","SABD0002000012","AAV2.0.0.13","1.1.2.0","PSt7-10","000000-000","6/10/2026 14:47:13","0000-00","0","no battery","V"
"07/09/2026","02:40:41","3","default","198787511","O3","822.005","min","177.147","µmol/L","Humid","21.367","deg","134665","µV","22.714","°C","1009.000","hPa","34.2","pmil","0","52.118","deg","21.808","°C","226.700","µmol/L","21.407","deg","20.891","°C","1012.000","hPa","0.861","-0.02056","0.00035","-0.00011","0","14.7","Humid","27.30","0","43.40","195599.80","SABD0002000012","AAV2.0.0.13","1.1.2.0","PSt7-10","000000-000","6/10/2026 14:47:13","0000-00","0","no battery","V"
"07/09/2026","02:41:11","3","default","198787511","O3","822.504","min","177.163","µmol/L","Humid","21.366","deg","134664","µV","22.714","°C","1009.000","hPa","34.2","pmil","0","52.118","deg","21.808","°C","226.700","µmol/L","21.407","deg","20.891","°C","1012.000","hPa","0.861","-0.02056","0.00035","-0.00011","0","14.7","Humid","27.30","0","43.40","195610.53","SABD0002000012","AAV2.0.0.13","1.1.2.0","PSt7-10","000000-000","6/10/2026 14:47:13","0000-00","0","no battery","V"
"07/09/2026","02:41:41","3","default","198787511","O3","823.005","min","177.181","µmol/L","Humid","21.363","deg","134672","µV","22.720","°C","1009.000","hPa","34.2","pmil","0","52.118","deg","21.808","°C","226.700","µmol/L","21.407","deg","20.891","°C","1012.000","hPa","0.861","-0.02056","0.00035","-0.00011","0","14.7","Humid","27.30","0","43.40","195610.40","SABD0002000012","AAV2.0.0.13","1.1.2.0","PSt7-10","000000-000","6/10/2026 14:47:13","0000-00","0","no battery","V"
"07/09/2026","02:42:11","3","default","198787511","O3","823.505","min","177.102","µmol/L","Humid","21.366","deg","134674","µV","22.726","°C","1009.000","hPa","34.2","pmil","0","52.118","deg","21.808","°C","226.700","µmol/L","21.407","deg","20.891","°C","1012.000","hPa","0.861","-0.02056","0.00035","-0.00011","0","14.7","Humid","27.30","0","43.40","195608.48","SABD0002000012","AAV2.0.0.13","1.1.2.0","PSt7-10","000000-000","6/10/2026 14:47:13","0000-00","0","no battery","V"
"07/09/2026","02:42:41","3","default","198787511","O3","824.004","min","177.067","µmol/L","Humid","21.370","deg","134686","µV","22.720","°C","1009.000","hPa","34.2","pmil","0","52.118","deg","21.808","°C","226.700","µmol/L","21.407","deg","20.891","°C","1012.000","hPa","0.861","-0.02056","0.00035","-0.00011","0","14.7","Humid","27.30","0","43.40","195606.73","SABD0002000012","AAV2.0.0.13","1.1.2.0","PSt7-10","000000-000","6/10/2026 14:47:13","0000-00","0","no battery","V"
"07/09/2026","02:43:11","3","default","198787511","O3","824.505","min","177.085","µmol/L","Humid","21.367","deg","134681","µV","22.726","°C","1009.000","hPa","34.2","pmil","0","52.118","deg","21.808","°C","226.700","µmol/L","21.407","deg","20.891","°C","1012.000","hPa","0.861","-0.02056","0.00035","-0.00011","0","14.7","Humid","27.30","0","43.40","195619.96","SABD0002000012","AAV2.0.0.13","1.1.2.0","PSt7-10","000000-000","6/10/2026 14:47:13","0000-00","0","no battery","V"
"07/09/2026","02:43:41","3","default","198787511","O3","825.005","min","177.100","µmol/L","Humid","21.368","deg","134703","µV","22.720","°C","1009.000","hPa","34.2","pmil","0","52.118","deg","21.808","°C","226.700","µmol/L","21.407","deg","20.891","°C","1012.000","hPa","0.861","-0.02056","0.00035","-0.00011","0","14.7","Humid","27.30","0","43.40","195616.07","SABD0002000012","AAV2.0.0.13","1.1.2.0","PSt7-10","000000-000","6/10/2026 14:47:13","0000-00","0","no battery","V"
"07/09/2026","02:44:11","3","default","198787511","O3","825.504","min","177.067","µmol/L","Humid","21.370","deg","134693","µV","22.720","°C","1009.000","hPa","34.2","pmil","0","52.118","deg","21.808","°C","226.700","µmol/L","21.407","deg","20.891","°C","1012.000","hPa","0.861","-0.02056","0.00035","-0.00011","0","14.7","Humid","27.30","0","43.40","195610.95","SABD0002000012","AAV2.0.0.13","1.1.2.0","PSt7-10","000000-000","6/10/2026 14:47:13","0000-00","0","no battery","V"
"07/09/2026","02:44:41","3","default","198787511","O3","826.005","min","177.084","µmol/L","Humid","21.369","deg","134700","µV","22.720","°C","1009.000","hPa","34.2","pmil","0","52.118","deg","21.808","°C","226.700","µmol/L","21.407","deg","20.891","°C","1012.000","hPa","0.861","-0.02056","0.00035","-0.00011","0","14.7","Humid","27.30","0","43.40","195608.64","SABD0002000012","AAV2.0.0.13","1.1.2.0","PSt7-10","000000-000","6/10/2026 14:47:13","0000-00","0","no battery","V"
"07/09/2026","02:45:11","3","default","198787511","O3","826.505","min","177.114","µmol/L","Humid","21.369","deg","134696","µV","22.714","°C","1009.000","hPa","34.2","pmil","0","52.118","deg","21.808","°C","226.700","µmol/L","21.407","deg","20.891","°C","1012.000","hPa","0.861","-0.02056","0.00035","-0.00011","0","14.7","Humid","27.30","0","43.40","195614.71","SABD0002000012","AAV2.0.0.13","1.1.2.0","PSt7-10","000000-000","6/10/2026 14:47:13","0000-00","0","no battery","V"
"07/09/2026","02:45:41","3","default","198787511","O3","827.005","min","177.114","µmol/L","Humid","21.369","deg","134684","µV","22.714","°C","1009.000","hPa","34.2","pmil","0","52.118","deg","21.808","°C","226.700","µmol/L","21.407","deg","20.891","°C","1012.000","hPa","0.861","-0.02056","0.00035","-0.00011","0","14.7","Humid","27.30","0","43.40","195605.99","SABD0002000012","AAV2.0.0.13","1.1.2.0","PSt7-10","000000-000","6/10/2026 14:47:13","0000-00","0","no battery","V"
"07/09/2026","02:46:11","3","default","198787511","O3","827.504","min","177.100","µmol/L","Humid","21.368","deg","134698","µV","22.720","°C","1009.000","hPa","34.2","pmil","0","52.118","deg","21.808","°C","226.700","µmol/L","21.407","deg","20.891","°C","1012.000","hPa","0.861","-0.02056","0.00035","-0.00011","0","14.7","Humid","27.30","0","43.40","195607.29","SABD0002000012","AAV2.0.0.13","1.1.2.0","PSt7-10","000000-000","6/10/2026 14:47:13","0000-00","0","no battery","V"
"07/09/2026","02:46:41","3","default","198787511","O3","828.005","min","177.114","µmol/L","Humid","21.369","deg","134692","µV","22.714","°C","1009.000","hPa","34.2","pmil","0","52.118","deg","21.808","°C","226.700","µmol/L","21.407","deg","20.891","°C","1012.000","hPa","0.861","-0.02056","0.00035","-0.00011","0","14.7","Humid","27.30","0","43.40","195606.88","SABD0002000012","AAV2.0.0.13","1.1.2.0","PSt7-10","000000-000","6/10/2026 14:47:13","0000-00","0","no battery","V"
"07/09/2026","02:47:11","3","default","198787511","O3","828.505","min","177.084","µmol/L","Humid","21.369","deg","134703","µV","22.720","°C","1009.000","hPa","34.2","pmil","0","52.118","deg","21.808","°C","226.700","µmol/L","21.407","deg","20.891","°C","1012.000","hPa","0.861","-0.02056","0.00035","-0.00011","0","14.7","Humid","27.30","0","43.40","195608.56","SABD0002000012","AAV2.0.0.13","1.1.2.0","PSt7-10","000000-000","6/10/2026 14:47:13","0000-00","0","no battery","V"
"07/09/2026","02:47:41","3","default","198787511","O3","829.005","min","177.114","µmol/L","Humid","21.369","deg","134698","µV","22.714","°C","1009.000","hPa","34.2","pmil","0","52.118","deg","21.808","°C","226.700","µmol/L","21.407","deg","20.891","°C","1012.000","hPa","0.861","-0.02056","0.00035","-0.00011","0","14.7","Humid","27.30","0","43.40","195611.85","SABD0002000012","AAV2.0.0.13","1.1.2.0","PSt7-10","000000-000","6/10/2026 14:47:13","0000-00","0","no battery","V"
"07/09/2026","02:48:11","3","default","198787511","O3","829.504","min","177.096","µmol/L","Humid","21.372","deg","134695","µV","22.707","°C","1009.000","hPa","34.2","pmil","0","52.118","deg","21.808","°C","226.700","µmol/L","21.407","deg","20.891","°C","1012.000","hPa","0.861","-0.02056","0.00035","-0.00011","0","14.7","Humid","27.30","0","43.40","195611.96","SABD0002000012","AAV2.0.0.13","1.1.2.0","PSt7-10","000000-000","6/10/2026 14:47:13","0000-00","0","no battery","V"
"07/09/2026","02:48:41","3","default","198787511","O3","830.005","min","177.080","µmol/L","Humid","21.373","deg","134693","µV","22.707","°C","1009.000","hPa","34.2","pmil","0","52.118","deg","21.808","°C","226.700","µmol/L","21.407","deg","20.891","°C","1012.000","hPa","0.861","-0.02056","0.00035","-0.00011","0","14.7","Humid","27.30","0","43.40","195619.11","SABD0002000012","AAV2.0.0.13","1.1.2.0","PSt7-10","000000-000","6/10/2026 14:47:13","0000-00","0","no battery","V"
"07/09/2026","02:49:11","3","default","198787511","O3","830.504","min","177.035","µmol/L","Humid","21.372","deg","134691","µV","22.720","°C","1009.000","hPa","34.2","pmil","0","52.118","deg","21.808","°C","226.700","µmol/L","21.407","deg","20.891","°C","1012.000","hPa","0.861","-0.02056","0.00035","-0.00011","0","14.7","Humid","27.30","0","43.40","195614.48","SABD0002000012","AAV2.0.0.13","1.1.2.0","PSt7-10","000000-000","6/10/2026 14:47:13","0000-00","0","no battery","V"
"07/09/2026","02:49:41","3","default","198787511","O3","831.004","min","177.085","µmol/L","Humid","21.367","deg","134674","µV","22.726","°C","1009.000","hPa","34.2","pmil","0","52.118","deg","21.808","°C","226.700","µmol/L","21.407","deg","20.891","°C","1012.000","hPa","0.861","-0.02056","0.00035","-0.00011","0","14.7","Humid","27.30","0","43.40","195610.35","SABD0002000012","AAV2.0.0.13","1.1.2.0","PSt7-10","000000-000","6/10/2026 14:47:13","0000-00","0","no battery","V"
"07/09/2026","02:50:11","3","default","198787511","O3","831.505","min","177.102","µmol/L","Humid","21.366","deg","134660","µV","22.726","°C","1009.000","hPa","34.2","pmil","0","52.118","deg","21.808","°C","226.700","µmol/L","21.407","deg","20.891","°C","1012.000","hPa","0.861","-0.02056","0.00035","-0.00011","0","14.7","Humid","27.30","0","43.40","195604.50","SABD0002000012","AAV2.0.0.13","1.1.2.0","PSt7-10","000000-000","6/10/2026 14:47:13","0000-00","0","no battery","V"
"07/09/2026","02:50:41","3","default","198787511","O3","832.005","min","177.114","µmol/L","Humid","21.369","deg","134668","µV","22.714","°C","1009.000","hPa","34.2","pmil","0","52.118","deg","21.808","°C","226.700","µmol/L","21.407","deg","20.891","°C","1012.000","hPa","0.861","-0.02056","0.00035","-0.00011","0","14.7","Humid","27.30","0","43.40","195616.90","SABD0002000012","AAV2.0.0.13","1.1.2.0","PSt7-10","000000-000","6/10/2026 14:47:13","0000-00","0","no battery","V"
"07/09/2026","02:51:11","3","default","198787511","O3","832.505","min","177.100","µmol/L","Humid","21.368","deg","134703","µV","22.720","°C","1009.000","hPa","34.2","pmil","0","52.118","deg","21.808","°C","226.700","µmol/L","21.407","deg","20.891","°C","1012.000","hPa","0.861","-0.02056","0.00035","-0.00011","0","14.7","Humid","27.30","0","43.40","195619.19","SABD0002000012","AAV2.0.0.13","1.1.2.0","PSt7-10","000000-000","6/10/2026 14:47:13","0000-00","0","no battery","V"
"07/09/2026","02:51:41","3","default","198787511","O3","833.005","min","177.049","µmol/L","Humid","21.373","deg","134701","µV","22.714","°C","1009.000","hPa","34.2","pmil","0","52.118","deg","21.808","°C","226.700","µmol/L","21.407","deg","20.891","°C","1012.000","hPa","0.861","-0.02056","0.00035","-0.00011","0","14.7","Humid","27.30","0","43.40","195608.61","SABD0002000012","AAV2.0.0.13","1.1.2.0","PSt7-10","000000-000","6/10/2026 14:47:13","0000-00","0","no battery","V"
"07/09/2026","02:52:11","3","default","198787511","O3","833.504","min","177.019","µmol/L","Humid","21.373","deg","134701","µV","22.720","°C","1009.000","hPa","34.2","pmil","0","52.118","deg","21.808","°C","226.700","µmol/L","21.407","deg","20.891","°C","1012.000","hPa","0.861","-0.02056","0.00035","-0.00011","0","14.7","Humid","27.30","0","43.40","195607.92","SABD0002000012","AAV2.0.0.13","1.1.2.0","PSt7-10","000000-000","6/10/2026 14:47:13","0000-00","0","no battery","V"
"07/09/2026","02:52:41","3","default","198787511","O3","834.004","min","177.035","µmol/L","Humid","21.372","deg","134703","µV","22.720","°C","1009.000","hPa","34.2","pmil","0","52.118","deg","21.808","°C","226.700","µmol/L","21.407","deg","20.891","°C","1012.000","hPa","0.861","-0.02056","0.00035","-0.00011","0","14.7","Humid","27.30","0","43.40","195601.44","SABD0002000012","AAV2.0.0.13","1.1.2.0","PSt7-10","000000-000","6/10/2026 14:47:13","0000-00","0","no battery","V"
"07/09/2026","02:53:11","3","default","198787511","O3","834.505","min","177.082","µmol/L","Humid","21.371","deg","134702","µV","22.714","°C","1009.000","hPa","34.2","pmil","0","52.118","deg","21.808","°C","226.700","µmol/L","21.407","deg","20.891","°C","1012.000","hPa","0.861","-0.02056","0.00035","-0.00011","0","14.7","Humid","27.30","0","43.40","195605.98","SABD0002000012","AAV2.0.0.13","1.1.2.0","PSt7-10","000000-000","6/10/2026 14:47:13","0000-00","0","no battery","V"
"07/09/2026","02:53:41","3","default","198787511","O3","835.005","min","177.100","µmol/L","Humid","21.368","deg","134697","µV","22.720","°C","1009.000","hPa","34.2","pmil","0","52.118","deg","21.808","°C","226.700","µmol/L","21.407","deg","20.891","°C","1012.000","hPa","0.861","-0.02056","0.00035","-0.00011","0","14.7","Humid","27.30","0","43.40","195601.57","SABD0002000012","AAV2.0.0.13","1.1.2.0","PSt7-10","000000-000","6/10/2026 14:47:13","0000-00","0","no battery","V"
"07/09/2026","02:54:11","3","default","198787511","O3","835.504","min","177.159","µmol/L","Humid","21.370","deg","134695","µV","22.701","°C","1009.000","hPa","34.2","pmil","0","52.118","deg","21.808","°C","226.700","µmol/L","21.407","deg","20.891","°C","1012.000","hPa","0.861","-0.02056","0.00035","-0.00011","0","14.7","Humid","27.30","0","43.40","195594.95","SABD0002000012","AAV2.0.0.13","1.1.2.0","PSt7-10","000000-000","6/10/2026 14:47:13","0000-00","0","no battery","V"
"07/09/2026","02:54:41","3","default","198787511","O3","836.004","min","177.033","µmol/L","Humid","21.374","deg","134706","µV","22.714","°C","1009.000","hPa","34.2","pmil","0","52.118","deg","21.808","°C","226.700","µmol/L","21.407","deg","20.891","°C","1012.000","hPa","0.861","-0.02056","0.00035","-0.00011","0","14.7","Humid","27.30","0","43.40","195586.58","SABD0002000012","AAV2.0.0.13","1.1.2.0","PSt7-10","000000-000","6/10/2026 14:47:13","0000-00","0","no battery","V"
"07/09/2026","02:55:11","3","default","198787511","O3","836.505","min","177.019","µmol/L","Humid","21.373","deg","134722","µV","22.720","°C","1009.000","hPa","34.2","pmil","0","52.118","deg","21.808","°C","226.700","µmol/L","21.407","deg","20.891","°C","1012.000","hPa","0.861","-0.02056","0.00035","-0.00011","0","14.7","Humid","27.30","0","43.40","195605.21","SABD0002000012","AAV2.0.0.13","1.1.2.0","PSt7-10","000000-000","6/10/2026 14:47:13","0000-00","0","no battery","V"
"07/09/2026","02:55:41","3","default","198787511","O3","837.005","min","176.982","µmol/L","Humid","21.379","deg","134724","µV","22.707","°C","1009.000","hPa","34.2","pmil","0","52.118","deg","21.808","°C","226.700","µmol/L","21.407","deg","20.891","°C","1012.000","hPa","0.861","-0.02056","0.00035","-0.00011","0","14.7","Humid","27.30","0","43.40","195610.38","SABD0002000012","AAV2.0.0.13","1.1.2.0","PSt7-10","000000-000","6/10/2026 14:47:13","0000-00","0","no battery","V"
"07/09/2026","02:56:11","3","default","198787511","O3","837.504","min","177.044","µmol/L","Humid","21.379","deg","134758","µV","22.695","°C","1009.000","hPa","34.2","pmil","0","52.118","deg","21.808","°C","226.700","µmol/L","21.407","deg","20.891","°C","1012.000","hPa","0.861","-0.02056","0.00035","-0.00011","0","14.7","Humid","27.30","0","43.40","195603.44","SABD0002000012","AAV2.0.0.13","1.1.2.0","PSt7-10","000000-000","6/10/2026 14:47:13","0000-00","0","no battery","V"
"07/09/2026","02:56:41","3","default","198787511","O3","838.005","min","176.948","µmol/L","Humid","21.383","deg","134755","µV","22.701","°C","1009.000","hPa","34.2","pmil","0","52.118","deg","21.808","°C","226.700","µmol/L","21.407","deg","20.891","°C","1012.000","hPa","0.861","-0.02056","0.00035","-0.00011","0","14.7","Humid","27.30","0","43.40","195587.07","SABD0002000012","AAV2.0.0.13","1.1.2.0","PSt7-10","000000-000","6/10/2026 14:47:13","0000-00","0","no battery","V"
"07/09/2026","02:57:11","3","default","198787511","O3","838.504","min","176.901","µmol/L","Humid","21.384","deg","134759","µV","22.707","°C","1009.000","hPa","34.2","pmil","0","52.118","deg","21.808","°C","226.700","µmol/L","21.407","deg","20.891","°C","1012.000","hPa","0.861","-0.02056","0.00035","-0.00011","0","14.7","Humid","27.30","0","43.40","195596.69","SABD0002000012","AAV2.0.0.13","1.1.2.0","PSt7-10","000000-000","6/10/2026 14:47:13","0000-00","0","no battery","V"
"07/09/2026","02:57:41","3","default","198787511","O3","839.005","min","176.946","µmol/L","Humid","21.385","deg","134780","µV","22.695","°C","1009.000","hPa","34.2","pmil","0","52.118","deg","21.808","°C","226.700","µmol/L","21.407","deg","20.891","°C","1012.000","hPa","0.861","-0.02056","0.00035","-0.00011","0","14.7","Humid","27.30","0","43.40","195601.30","SABD0002000012","AAV2.0.0.13","1.1.2.0","PSt7-10","000000-000","6/10/2026 14:47:13","0000-00","0","no battery","V"
"07/09/2026","02:58:11","3","default","198787511","O3","839.504","min","176.914","µmol/L","Humid","21.387","deg","134801","µV","22.695","°C","1009.000","hPa","34.2","pmil","0","52.118","deg","21.808","°C","226.700","µmol/L","21.407","deg","20.891","°C","1012.000","hPa","0.861","-0.02056","0.00035","-0.00011","0","14.7","Humid","27.30","0","43.40","195617.62","SABD0002000012","AAV2.0.0.13","1.1.2.0","PSt7-10","000000-000","6/10/2026 14:47:13","0000-00","0","no battery","V"
"07/09/2026","02:58:41","3","default","198787511","O3","840.005","min","176.879","µmol/L","Humid","21.391","deg","134814","µV","22.689","°C","1009.000","hPa","34.2","pmil","0","52.118","deg","21.808","°C","226.700","µmol/L","21.407","deg","20.891","°C","1012.000","hPa","0.861","-0.02056","0.00035","-0.00011","0","14.7","Humid","27.30","0","43.40","195611.13","SABD0002000012","AAV2.0.0.13","1.1.2.0","PSt7-10","000000-000","6/10/2026 14:47:13","0000-00","0","no battery","V"
"07/09/2026","02:59:11","3","default","198787511","O3","840.504","min","176.732","µmol/L","Humid","21.402","deg","134860","µV","22.683","°C","1009.000","hPa","34.2","pmil","0","52.118","deg","21.808","°C","226.700","µmol/L","21.407","deg","20.891","°C","1012.000","hPa","0.861","-0.02056","0.00035","-0.00011","0","14.7","Humid","27.30","0","43.40","195602.31","SABD0002000012","AAV2.0.0.13","1.1.2.0","PSt7-10","000000-000","6/10/2026 14:47:13","0000-00","0","no battery","V"
"07/09/2026","02:59:41","3","default","198787511","O3","841.005","min","176.785","µmol/L","Humid","21.410","deg","134903","µV","22.646","°C","1009.000","hPa","34.2","pmil","0","52.118","deg","21.808","°C","226.700","µmol/L","21.407","deg","20.891","°C","1012.000","hPa","0.861","-0.02056","0.00035","-0.00011","0","14.7","Humid","27.30","0","43.40","195604.86","SABD0002000012","AAV2.0.0.13","1.1.2.0","PSt7-10","000000-000","6/10/2026 14:47:13","0000-00","0","no battery","V"
"07/09/2026","03:00:11","3","default","198787511","O3","841.504","min","176.814","µmol/L","Humid","21.412","deg","134930","µV","22.634","°C","1009.000","hPa","34.2","pmil","0","52.118","deg","21.808","°C","226.700","µmol/L","21.407","deg","20.891","°C","1012.000","hPa","0.861","-0.02056","0.00035","-0.00011","0","14.7","Humid","27.30","0","43.40","195597.81","SABD0002000012","AAV2.0.0.13","1.1.2.0","PSt7-10","000000-000","6/10/2026 14:47:13","0000-00","0","no battery","V"
"07/09/2026","03:00:41","3","default","198787511","O3","842.005","min","176.810","µmol/L","Humid","21.416","deg","134948","µV","22.622","°C","1009.000","hPa","34.2","pmil","0","52.118","deg","21.808","°C","226.700","µmol/L","21.407","deg","20.891","°C","1012.000","hPa","0.861","-0.02056","0.00035","-0.00011","0","14.7","Humid","27.30","0","43.40","195609.17","SABD0002000012","AAV2.0.0.13","1.1.2.0","PSt7-10","000000-000","6/10/2026 14:47:13","0000-00","0","no battery","V"
"07/09/2026","03:01:11","3","default","198787511","O3","842.504","min","176.792","µmol/L","Humid","21.419","deg","134968","µV","22.616","°C","1009.000","hPa","34.2","pmil","0","52.118","deg","21.808","°C","226.700","µmol/L","21.407","deg","20.891","°C","1012.000","hPa","0.861","-0.02056","0.00035","-0.00011","0","14.7","Humid","27.30","0","43.40","195598.74","SABD0002000012","AAV2.0.0.13","1.1.2.0","PSt7-10","000000-000","6/10/2026 14:47:13","0000-00","0","no battery","V"
"07/09/2026","03:01:41","3","default","198787511","O3","843.005","min","176.837","µmol/L","Humid","21.420","deg","134964","µV","22.604","°C","1009.000","hPa","34.2","pmil","0","52.118","deg","21.808","°C","226.700","µmol/L","21.407","deg","20.891","°C","1012.000","hPa","0.861","-0.02056","0.00035","-0.00011","0","14.7","Humid","27.30","0","43.40","195600.81","SABD0002000012","AAV2.0.0.13","1.1.2.0","PSt7-10","000000-000","6/10/2026 14:47:13","0000-00","0","no battery","V"
"07/09/2026","03:02:11","3","default","198787511","O3","843.505","min","176.803","µmol/L","Humid","21.424","deg","134968","µV","22.597","°C","1009.000","hPa","34.2","pmil","0","52.118","deg","21.808","°C","226.700","µmol/L","21.407","deg","20.891","°C","1012.000","hPa","0.861","-0.02056","0.00035","-0.00011","0","14.7","Humid","27.30","0","43.40","195604.92","SABD0002000012","AAV2.0.0.13","1.1.2.0","PSt7-10","000000-000","6/10/2026 14:47:13","0000-00","0","no battery","V"
"07/09/2026","03:02:41","3","default","198787511","O3","844.005","min","176.898","µmol/L","Humid","21.420","deg","134983","µV","22.591","°C","1009.000","hPa","34.2","pmil","0","52.118","deg","21.808","°C","226.700","µmol/L","21.407","deg","20.891","°C","1012.000","hPa","0.861","-0.02056","0.00035","-0.00011","0","14.7","Humid","27.30","0","43.40","195616.71","SABD0002000012","AAV2.0.0.13","1.1.2.0","PSt7-10","000000-000","6/10/2026 14:47:13","0000-00","0","no battery","V"
"07/09/2026","03:03:11","3","default","198787511","O3","844.504","min","176.866","µmol/L","Humid","21.422","deg","134992","µV","22.591","°C","1009.000","hPa","34.2","pmil","0","52.118","deg","21.808","°C","226.700","µmol/L","21.407","deg","20.891","°C","1012.000","hPa","0.861","-0.02056","0.00035","-0.00011","0","14.7","Humid","27.30","0","43.40","195616.17","SABD0002000012","AAV2.0.0.13","1.1.2.0","PSt7-10","000000-000","6/10/2026 14:47:13","0000-00","0","no battery","V"
"07/09/2026","03:03:41","3","default","198787511","O3","845.005","min","176.866","µmol/L","Humid","21.422","deg","134995","µV","22.591","°C","1009.000","hPa","34.2","pmil","0","52.118","deg","21.808","°C","226.700","µmol/L","21.407","deg","20.891","°C","1012.000","hPa","0.861","-0.02056","0.00035","-0.00011","0","14.7","Humid","27.30","0","43.40","195614.06","SABD0002000012","AAV2.0.0.13","1.1.2.0","PSt7-10","000000-000","6/10/2026 14:47:13","0000-00","0","no battery","V"
"07/09/2026","03:04:11","3","default","198787511","O3","845.504","min","176.815","µmol/L","Humid","21.427","deg","135000","µV","22.585","°C","1009.000","hPa","34.2","pmil","0","52.118","deg","21.808","°C","226.700","µmol/L","21.407","deg","20.891","°C","1012.000","hPa","0.861","-0.02056","0.00035","-0.00011","0","14.7","Humid","27.30","0","43.40","195628.44","SABD0002000012","AAV2.0.0.13","1.1.2.0","PSt7-10","000000-000","6/10/2026 14:47:13","0000-00","0","no battery","V"
"07/09/2026","03:04:41","3","default","198787511","O3","846.005","min","176.801","µmol/L","Humid","21.426","deg","135008","µV","22.591","°C","1009.000","hPa","34.2","pmil","0","52.118","deg","21.808","°C","226.700","µmol/L","21.407","deg","20.891","°C","1012.000","hPa","0.861","-0.02056","0.00035","-0.00011","0","14.7","Humid","27.30","0","43.40","195625.15","SABD0002000012","AAV2.0.0.13","1.1.2.0","PSt7-10","000000-000","6/10/2026 14:47:13","0000-00","0","no battery","V"
"07/09/2026","03:05:11","3","default","198787511","O3","846.505","min","176.832","µmol/L","Humid","21.426","deg","135018","µV","22.585","°C","1009.000","hPa","34.2","pmil","0","52.118","deg","21.808","°C","226.700","µmol/L","21.407","deg","20.891","°C","1012.000","hPa","0.861","-0.02056","0.00035","-0.00011","0","14.7","Humid","27.30","0","43.40","195631.85","SABD0002000012","AAV2.0.0.13","1.1.2.0","PSt7-10","000000-000","6/10/2026 14:47:13","0000-00","0","no battery","V"
"07/09/2026","03:05:41","3","default","198787511","O3","847.004","min","176.895","µmol/L","Humid","21.424","deg","135026","µV","22.579","°C","1009.000","hPa","34.2","pmil","0","52.118","deg","21.808","°C","226.700","µmol/L","21.407","deg","20.891","°C","1012.000","hPa","0.861","-0.02056","0.00035","-0.00011","0","14.7","Humid","27.30","0","43.40","195629.11","SABD0002000012","AAV2.0.0.13","1.1.2.0","PSt7-10","000000-000","6/10/2026 14:47:13","0000-00","0","no battery","V"
"07/09/2026","03:06:11","3","default","198787511","O3","847.505","min","176.895","µmol/L","Humid","21.424","deg","135018","µV","22.579","°C","1009.000","hPa","34.2","pmil","0","52.118","deg","21.808","°C","226.700","µmol/L","21.407","deg","20.891","°C","1012.000","hPa","0.861","-0.02056","0.00035","-0.00011","0","14.7","Humid","27.30","0","43.40","195630.62","SABD0002000012","AAV2.0.0.13","1.1.2.0","PSt7-10","000000-000","6/10/2026 14:47:13","0000-00","0","no battery","V"
"07/09/2026","03:06:41","3","default","198787511","O3","848.005","min","176.909","µmol/L","Humid","21.425","deg","135042","µV","22.573","°C","1009.000","hPa","34.2","pmil","0","52.118","deg","21.808","°C","226.700","µmol/L","21.407","deg","20.891","°C","1012.000","hPa","0.861","-0.02056","0.00035","-0.00011","0","14.7","Humid","27.30","0","43.40","195632.95","SABD0002000012","AAV2.0.0.13","1.1.2.0","PSt7-10","000000-000","6/10/2026 14:47:13","0000-00","0","no battery","V"
"07/09/2026","03:07:11","3","default","198787511","O3","848.504","min","176.909","µmol/L","Humid","21.425","deg","135039","µV","22.573","°C","1009.000","hPa","34.2","pmil","0","52.118","deg","21.808","°C","226.700","µmol/L","21.407","deg","20.891","°C","1012.000","hPa","0.861","-0.02056","0.00035","-0.00011","0","14.7","Humid","27.30","0","43.40","195638.77","SABD0002000012","AAV2.0.0.13","1.1.2.0","PSt7-10","000000-000","6/10/2026 14:47:13","0000-00","0","no battery","V"
"07/09/2026","03:07:41","3","default","198787511","O3","849.004","min","176.864","µmol/L","Humid","21.424","deg","135051","µV","22.585","°C","1009.000","hPa","34.2","pmil","0","52.118","deg","21.808","°C","226.700","µmol/L","21.407","deg","20.891","°C","1012.000","hPa","0.861","-0.02056","0.00035","-0.00011","0","14.7","Humid","27.30","0","43.40","195642.68","SABD0002000012","AAV2.0.0.13","1.1.2.0","PSt7-10","000000-000","6/10/2026 14:47:13","0000-00","0","no battery","V"
"07/09/2026","03:08:11","3","default","198787511","O3","849.505","min","176.893","µmol/L","Humid","21.426","deg","135052","µV","22.573","°C","1009.000","hPa","34.2","pmil","0","52.118","deg","21.808","°C","226.700","µmol/L","21.407","deg","20.891","°C","1012.000","hPa","0.861","-0.02056","0.00035","-0.00011","0","14.7","Humid","27.30","0","43.40","195643.12","SABD0002000012","AAV2.0.0.13","1.1.2.0","PSt7-10","000000-000","6/10/2026 14:47:13","0000-00","0","no battery","V"
"07/09/2026","03:08:41","3","default","198787511","O3","850.004","min","176.893","µmol/L","Humid","21.426","deg","135046","µV","22.573","°C","1009.000","hPa","34.2","pmil","0","52.118","deg","21.808","°C","226.700","µmol/L","21.407","deg","20.891","°C","1012.000","hPa","0.861","-0.02056","0.00035","-0.00011","0","14.7","Humid","27.30","0","43.40","195650.88","SABD0002000012","AAV2.0.0.13","1.1.2.0","PSt7-10","000000-000","6/10/2026 14:47:13","0000-00","0","no battery","V"
"07/09/2026","03:09:11","3","default","198787511","O3","850.505","min","176.972","µmol/L","Humid","21.423","deg","135051","µV","22.567","°C","1009.000","hPa","34.2","pmil","0","52.118","deg","21.808","°C","226.700","µmol/L","21.407","deg","20.891","°C","1012.000","hPa","0.861","-0.02056","0.00035","-0.00011","0","14.7","Humid","27.30","0","43.40","195653.92","SABD0002000012","AAV2.0.0.13","1.1.2.0","PSt7-10","000000-000","6/10/2026 14:47:13","0000-00","0","no battery","V"
"07/09/2026","03:09:41","3","default","198787511","O3","851.005","min","176.911","µmol/L","Humid","21.423","deg","135054","µV","22.579","°C","1009.000","hPa","34.2","pmil","0","52.118","deg","21.808","°C","226.700","µmol/L","21.407","deg","20.891","°C","1012.000","hPa","0.861","-0.02056","0.00035","-0.00011","0","14.7","Humid","27.30","0","43.40","195659.09","SABD0002000012","AAV2.0.0.13","1.1.2.0","PSt7-10","000000-000","6/10/2026 14:47:13","0000-00","0","no battery","V"
"07/09/2026","03:10:11","3","default","198787511","O3","851.505","min","176.860","µmol/L","Humid","21.428","deg","135060","µV","22.573","°C","1009.000","hPa","34.2","pmil","0","52.118","deg","21.808","°C","226.700","µmol/L","21.407","deg","20.891","°C","1012.000","hPa","0.861","-0.02056","0.00035","-0.00011","0","14.7","Humid","27.30","0","43.40","195662.61","SABD0002000012","AAV2.0.0.13","1.1.2.0","PSt7-10","000000-000","6/10/2026 14:47:13","0000-00","0","no battery","V"
"07/09/2026","03:10:41","3","default","198787511","O3","852.005","min","176.893","µmol/L","Humid","21.426","deg","135058","µV","22.573","°C","1009.000","hPa","34.2","pmil","0","52.118","deg","21.808","°C","226.700","µmol/L","21.407","deg","20.891","°C","1012.000","hPa","0.861","-0.02056","0.00035","-0.00011","0","14.7","Humid","27.30","0","43.40","195660.61","SABD0002000012","AAV2.0.0.13","1.1.2.0","PSt7-10","000000-000","6/10/2026 14:47:13","0000-00","0","no battery","V"
"07/09/2026","03:11:11","3","default","198787511","O3","852.504","min","176.941","µmol/L","Humid","21.423","deg","135053","µV","22.573","°C","1009.000","hPa","34.2","pmil","0","52.118","deg","21.808","°C","226.700","µmol/L","21.407","deg","20.891","°C","1012.000","hPa","0.861","-0.02056","0.00035","-0.00011","0","14.7","Humid","27.30","0","43.40","195660.94","SABD0002000012","AAV2.0.0.13","1.1.2.0","PSt7-10","000000-000","6/10/2026 14:47:13","0000-00","0","no battery","V"
"07/09/2026","03:11:41","3","default","198787511","O3","853.004","min","176.925","µmol/L","Humid","21.424","deg","135066","µV","22.573","°C","1009.000","hPa","34.2","pmil","0","52.118","deg","21.808","°C","226.700","µmol/L","21.407","deg","20.891","°C","1012.000","hPa","0.861","-0.02056","0.00035","-0.00011","0","14.7","Humid","27.30","0","43.40","195663.81","SABD0002000012","AAV2.0.0.13","1.1.2.0","PSt7-10","000000-000","6/10/2026 14:47:13","0000-00","0","no battery","V"
"07/09/2026","03:12:11","3","default","198787511","O3","853.505","min","176.925","µmol/L","Humid","21.424","deg","135065","µV","22.573","°C","1009.000","hPa","34.2","pmil","0","52.118","deg","21.808","°C","226.700","µmol/L","21.407","deg","20.891","°C","1012.000","hPa","0.861","-0.02056","0.00035","-0.00011","0","14.7","Humid","27.30","0","43.40","195671.44","SABD0002000012","AAV2.0.0.13","1.1.2.0","PSt7-10","000000-000","6/10/2026 14:47:13","0000-00","0","no battery","V"
"07/09/2026","03:12:41","3","default","198787511","O3","854.004","min","176.923","µmol/L","Humid","21.426","deg","135076","µV","22.567","°C","1009.000","hPa","34.2","pmil","0","52.118","deg","21.808","°C","226.700","µmol/L","21.407","deg","20.891","°C","1012.000","hPa","0.861","-0.02056","0.00035","-0.00011","0","14.7","Humid","27.30","0","43.40","195674.76","SABD0002000012","AAV2.0.0.13","1.1.2.0","PSt7-10","000000-000","6/10/2026 14:47:13","0000-00","0","no battery","V"
"07/09/2026","03:13:11","3","default","198787511","O3","854.505","min","176.895","µmol/L","Humid","21.424","deg","135061","µV","22.579","°C","1009.000","hPa","34.2","pmil","0","52.118","deg","21.808","°C","226.700","µmol/L","21.407","deg","20.891","°C","1012.000","hPa","0.861","-0.02056","0.00035","-0.00011","0","14.7","Humid","27.30","0","43.40","195661.93","SABD0002000012","AAV2.0.0.13","1.1.2.0","PSt7-10","000000-000","6/10/2026 14:47:13","0000-00","0","no battery","V"
"07/09/2026","03:13:41","3","default","198787511","O3","855.005","min","176.941","µmol/L","Humid","21.423","deg","135080","µV","22.573","°C","1009.000","hPa","34.2","pmil","0","52.118","deg","21.808","°C","226.700","µmol/L","21.407","deg","20.891","°C","1012.000","hPa","0.861","-0.02056","0.00035","-0.00011","0","14.7","Humid","27.30","0","43.40","195677.65","SABD0002000012","AAV2.0.0.13","1.1.2.0","PSt7-10","000000-000","6/10/2026 14:47:13","0000-00","0","no battery","V"
"07/09/2026","03:14:11","3","default","198787511","O3","855.504","min","176.956","µmol/L","Humid","21.424","deg","135084","µV","22.567","°C","1009.000","hPa","34.2","pmil","0","52.118","deg","21.808","°C","226.700","µmol/L","21.407","deg","20.891","°C","1012.000","hPa","0.861","-0.02056","0.00035","-0.00011","0","14.7","Humid","27.30","0","43.40","195679.79","SABD0002000012","AAV2.0.0.13","1.1.2.0","PSt7-10","000000-000","6/10/2026 14:47:13","0000-00","0","no battery","V"
"07/09/2026","03:14:41","3","default","198787511","O3","856.004","min","176.988","µmol/L","Humid","21.422","deg","135086","µV","22.567","°C","1009.000","hPa","34.2","pmil","0","52.118","deg","21.808","°C","226.700","µmol/L","21.407","deg","20.891","°C","1012.000","hPa","0.861","-0.02056","0.00035","-0.00011","0","14.7","Humid","27.30","0","43.40","195684.01","SABD0002000012","AAV2.0.0.13","1.1.2.0","PSt7-10","000000-000","6/10/2026 14:47:13","0000-00","0","no battery","V"
"07/09/2026","03:15:11","3","default","198787511","O3","856.505","min","176.923","µmol/L","Humid","21.426","deg","135081","µV","22.567","°C","1009.000","hPa","34.2","pmil","0","52.118","deg","21.808","°C","226.700","µmol/L","21.407","deg","20.891","°C","1012.000","hPa","0.861","-0.02056","0.00035","-0.00011","0","14.7","Humid","27.30","0","43.40","195690.24","SABD0002000012","AAV2.0.0.13","1.1.2.0","PSt7-10","000000-000","6/10/2026 14:47:13","0000-00","0","no battery","V"
"07/09/2026","03:15:41","3","default","198787511","O3","857.005","min","177.004","µmol/L","Humid","21.421","deg","135095","µV","22.567","°C","1009.000","hPa","34.2","pmil","0","52.118","deg","21.808","°C","226.700","µmol/L","21.407","deg","20.891","°C","1012.000","hPa","0.861","-0.02056","0.00035","-0.00011","0","14.7","Humid","27.30","0","43.40","195678.42","SABD0002000012","AAV2.0.0.13","1.1.2.0","PSt7-10","000000-000","6/10/2026 14:47:13","0000-00","0","no battery","V"
"07/09/2026","03:16:11","3","default","198787511","O3","857.504","min","176.860","µmol/L","Humid","21.428","deg","135089","µV","22.573","°C","1009.000","hPa","34.2","pmil","0","52.118","deg","21.808","°C","226.700","µmol/L","21.407","deg","20.891","°C","1012.000","hPa","0.861","-0.02056","0.00035","-0.00011","0","14.7","Humid","27.30","0","43.40","195676.04","SABD0002000012","AAV2.0.0.13","1.1.2.0","PSt7-10","000000-000","6/10/2026 14:47:13","0000-00","0","no battery","V"
"07/09/2026","03:16:41","3","default","198787511","O3","858.005","min","176.974","µmol/L","Humid","21.421","deg","135085","µV","22.573","°C","1009.000","hPa","34.2","pmil","0","52.118","deg","21.808","°C","226.700","µmol/L","21.407","deg","20.891","°C","1012.000","hPa","0.861","-0.02056","0.00035","-0.00011","0","14.7","Humid","27.30","0","43.40","195674.63","SABD0002000012","AAV2.0.0.13","1.1.2.0","PSt7-10","000000-000","6/10/2026 14:47:13","0000-00","0","no battery","V"
"07/09/2026","03:17:11","3","default","198787511","O3","858.505","min","177.021","µmol/L","Humid","21.420","deg","135080","µV","22.567","°C","1009.000","hPa","34.2","pmil","0","52.118","deg","21.808","°C","226.700","µmol/L","21.407","deg","20.891","°C","1012.000","hPa","0.861","-0.02056","0.00035","-0.00011","0","14.7","Humid","27.30","0","43.40","195677.85","SABD0002000012","AAV2.0.0.13","1.1.2.0","PSt7-10","000000-000","6/10/2026 14:47:13","0000-00","0","no battery","V"
"07/09/2026","03:17:41","3","default","198787511","O3","859.004","min","176.940","µmol/L","Humid","21.425","deg","135093","µV","22.567","°C","1009.000","hPa","34.2","pmil","0","52.118","deg","21.808","°C","226.700","µmol/L","21.407","deg","20.891","°C","1012.000","hPa","0.861","-0.02056","0.00035","-0.00011","0","14.7","Humid","27.30","0","43.40","195684.93","SABD0002000012","AAV2.0.0.13","1.1.2.0","PSt7-10","000000-000","6/10/2026 14:47:13","0000-00","0","no battery","V"
"07/09/2026","03:18:11","3","default","198787511","O3","859.504","min","176.988","µmol/L","Humid","21.422","deg","135085","µV","22.567","°C","1009.000","hPa","34.2","pmil","0","52.118","deg","21.808","°C","226.700","µmol/L","21.407","deg","20.891","°C","1012.000","hPa","0.861","-0.02056","0.00035","-0.00011","0","14.7","Humid","27.30","0","43.40","195673.73","SABD0002000012","AAV2.0.0.13","1.1.2.0","PSt7-10","000000-000","6/10/2026 14:47:13","0000-00","0","no battery","V"
"07/09/2026","03:18:41","3","default","198787511","O3","860.005","min","176.940","µmol/L","Humid","21.425","deg","135093","µV","22.567","°C","1009.000","hPa","34.2","pmil","0","52.118","deg","21.808","°C","226.700","µmol/L","21.407","deg","20.891","°C","1012.000","hPa","0.861","-0.02056","0.00035","-0.00011","0","14.7","Humid","27.30","0","43.40","195676.55","SABD0002000012","AAV2.0.0.13","1.1.2.0","PSt7-10","000000-000","6/10/2026 14:47:13","0000-00","0","no battery","V"
"07/09/2026","03:19:11","3","default","198787511","O3","860.505","min","176.909","µmol/L","Humid","21.425","deg","135079","µV","22.573","°C","1009.000","hPa","34.2","pmil","0","52.118","deg","21.808","°C","226.700","µmol/L","21.407","deg","20.891","°C","1012.000","hPa","0.861","-0.02056","0.00035","-0.00011","0","14.7","Humid","27.30","0","43.40","195675.77","SABD0002000012","AAV2.0.0.13","1.1.2.0","PSt7-10","000000-000","6/10/2026 14:47:13","0000-00","0","no battery","V"
"07/09/2026","03:19:41","3","default","198787511","O3","861.004","min","176.956","µmol/L","Humid","21.424","deg","135073","µV","22.567","°C","1009.000","hPa","34.2","pmil","0","52.118","deg","21.808","°C","226.700","µmol/L","21.407","deg","20.891","°C","1012.000","hPa","0.861","-0.02056","0.00035","-0.00011","0","14.7","Humid","27.30","0","43.40","195678.90","SABD0002000012","AAV2.0.0.13","1.1.2.0","PSt7-10","000000-000","6/10/2026 14:47:13","0000-00","0","no battery","V"
"07/09/2026","03:20:11","3","default","198787511","O3","861.505","min","176.974","µmol/L","Humid","21.421","deg","135080","µV","22.573","°C","1009.000","hPa","34.2","pmil","0","52.118","deg","21.808","°C","226.700","µmol/L","21.407","deg","20.891","°C","1012.000","hPa","0.861","-0.02056","0.00035","-0.00011","0","14.7","Humid","27.30","0","43.40","195666.92","SABD0002000012","AAV2.0.0.13","1.1.2.0","PSt7-10","000000-000","6/10/2026 14:47:13","0000-00","0","no battery","V"
"07/09/2026","03:20:41","3","default","198787511","O3","862.005","min","176.956","µmol/L","Humid","21.424","deg","135073","µV","22.567","°C","1009.000","hPa","34.2","pmil","0","52.118","deg","21.808","°C","226.700","µmol/L","21.407","deg","20.891","°C","1012.000","hPa","0.861","-0.02056","0.00035","-0.00011","0","14.7","Humid","27.30","0","43.40","195671.80","SABD0002000012","AAV2.0.0.13","1.1.2.0","PSt7-10","000000-000","6/10/2026 14:47:13","0000-00","0","no battery","V"
"07/09/2026","03:21:11","3","default","198787511","O3","862.504","min","176.923","µmol/L","Humid","21.426","deg","135063","µV","22.567","°C","1009.000","hPa","34.2","pmil","0","52.118","deg","21.808","°C","226.700","µmol/L","21.407","deg","20.891","°C","1012.000","hPa","0.861","-0.02056","0.00035","-0.00011","0","14.7","Humid","27.30","0","43.40","195656.68","SABD0002000012","AAV2.0.0.13","1.1.2.0","PSt7-10","000000-000","6/10/2026 14:47:13","0000-00","0","no battery","V"
"07/09/2026","03:21:41","3","default","198787511","O3","863.005","min","176.927","µmol/L","Humid","21.422","deg","135062","µV","22.579","°C","1009.000","hPa","34.2","pmil","0","52.118","deg","21.808","°C","226.700","µmol/L","21.407","deg","20.891","°C","1012.000","hPa","0.861","-0.02056","0.00035","-0.00011","0","14.7","Humid","27.30","0","43.40","195663.86","SABD0002000012","AAV2.0.0.13","1.1.2.0","PSt7-10","000000-000","6/10/2026 14:47:13","0000-00","0","no battery","V"
"07/09/2026","03:22:11","3","default","198787511","O3","863.505","min","176.941","µmol/L","Humid","21.423","deg","135063","µV","22.573","°C","1009.000","hPa","34.2","pmil","0","52.118","deg","21.808","°C","226.700","µmol/L","21.407","deg","20.891","°C","1012.000","hPa","0.861","-0.02056","0.00035","-0.00011","0","14.7","Humid","27.30","0","43.40","195669.75","SABD0002000012","AAV2.0.0.13","1.1.2.0","PSt7-10","000000-000","6/10/2026 14:47:13","0000-00","0","no battery","V"
"07/09/2026","03:22:41","3","default","198787511","O3","864.004","min","177.006","µmol/L","Humid","21.419","deg","135059","µV","22.573","°C","1009.000","hPa","34.2","pmil","0","52.118","deg","21.808","°C","226.700","µmol/L","21.407","deg","20.891","°C","1012.000","hPa","0.861","-0.02056","0.00035","-0.00011","0","14.7","Humid","27.30","0","43.40","195666.92","SABD0002000012","AAV2.0.0.13","1.1.2.0","PSt7-10","000000-000","6/10/2026 14:47:13","0000-00","0","no battery","V"
"07/09/2026","03:23:11","3","default","198787511","O3","864.505","min","176.940","µmol/L","Humid","21.425","deg","135054","µV","22.567","°C","1009.000","hPa","34.2","pmil","0","52.118","deg","21.808","°C","226.700","µmol/L","21.407","deg","20.891","°C","1012.000","hPa","0.861","-0.02056","0.00035","-0.00011","0","14.7","Humid","27.30","0","43.40","195661.76","SABD0002000012","AAV2.0.0.13","1.1.2.0","PSt7-10","000000-000","6/10/2026 14:47:13","0000-00","0","no battery","V"
"07/09/2026","03:23:41","3","default","198787511","O3","865.005","min","176.927","µmol/L","Humid","21.422","deg","135053","µV","22.579","°C","1009.000","hPa","34.2","pmil","0","52.118","deg","21.808","°C","226.700","µmol/L","21.407","deg","20.891","°C","1012.000","hPa","0.861","-0.02056","0.00035","-0.00011","0","14.7","Humid","27.30","0","43.40","195666.12","SABD0002000012","AAV2.0.0.13","1.1.2.0","PSt7-10","000000-000","6/10/2026 14:47:13","0000-00","0","no battery","V"
"07/09/2026","03:24:11","3","default","198787511","O3","865.505","min","176.893","µmol/L","Humid","21.426","deg","135061","µV","22.573","°C","1009.000","hPa","34.2","pmil","0","52.118","deg","21.808","°C","226.700","µmol/L","21.407","deg","20.891","°C","1012.000","hPa","0.861","-0.02056","0.00035","-0.00011","0","14.7","Humid","27.30","0","43.40","195663.11","SABD0002000012","AAV2.0.0.13","1.1.2.0","PSt7-10","000000-000","6/10/2026 14:47:13","0000-00","0","no battery","V"
"07/09/2026","03:24:41","3","default","198787511","O3","866.005","min","176.956","µmol/L","Humid","21.424","deg","135057","µV","22.567","°C","1009.000","hPa","34.2","pmil","0","52.118","deg","21.808","°C","226.700","µmol/L","21.407","deg","20.891","°C","1012.000","hPa","0.861","-0.02056","0.00035","-0.00011","0","14.7","Humid","27.30","0","43.40","195656.53","SABD0002000012","AAV2.0.0.13","1.1.2.0","PSt7-10","000000-000","6/10/2026 14:47:13","0000-00","0","no battery","V"
"07/09/2026","03:25:11","3","default","198787511","O3","866.505","min","177.021","µmol/L","Humid","21.420","deg","135055","µV","22.567","°C","1009.000","hPa","34.2","pmil","0","52.118","deg","21.808","°C","226.700","µmol/L","21.407","deg","20.891","°C","1012.000","hPa","0.861","-0.02056","0.00035","-0.00011","0","14.7","Humid","27.30","0","43.40","195658.67","SABD0002000012","AAV2.0.0.13","1.1.2.0","PSt7-10","000000-000","6/10/2026 14:47:13","0000-00","0","no battery","V"
"07/09/2026","03:25:41","3","default","198787511","O3","867.004","min","176.988","µmol/L","Humid","21.422","deg","135055","µV","22.567","°C","1009.000","hPa","34.2","pmil","0","52.118","deg","21.808","°C","226.700","µmol/L","21.407","deg","20.891","°C","1012.000","hPa","0.861","-0.02056","0.00035","-0.00011","0","14.7","Humid","27.30","0","43.40","195649.18","SABD0002000012","AAV2.0.0.13","1.1.2.0","PSt7-10","000000-000","6/10/2026 14:47:13","0000-00","0","no battery","V"
"07/09/2026","03:26:11","3","default","198787511","O3","867.505","min","177.069","µmol/L","Humid","21.417","deg","135049","µV","22.567","°C","1009.000","hPa","34.2","pmil","0","52.118","deg","21.808","°C","226.700","µmol/L","21.407","deg","20.891","°C","1012.000","hPa","0.861","-0.02056","0.00035","-0.00011","0","14.7","Humid","27.30","0","43.40","195654.44","SABD0002000012","AAV2.0.0.13","1.1.2.0","PSt7-10","000000-000","6/10/2026 14:47:13","0000-00","0","no battery","V"
"07/09/2026","03:26:41","3","default","198787511","O3","868.005","min","176.988","µmol/L","Humid","21.422","deg","135047","µV","22.567","°C","1009.000","hPa","34.2","pmil","0","52.118","deg","21.808","°C","226.700","µmol/L","21.407","deg","20.891","°C","1012.000","hPa","0.861","-0.02056","0.00035","-0.00011","0","14.7","Humid","27.30","0","43.40","195648.85","SABD0002000012","AAV2.0.0.13","1.1.2.0","PSt7-10","000000-000","6/10/2026 14:47:13","0000-00","0","no battery","V"
"07/09/2026","03:27:11","3","default","198787511","O3","868.505","min","176.974","µmol/L","Humid","21.421","deg","135036","µV","22.573","°C","1009.000","hPa","34.2","pmil","0","52.118","deg","21.808","°C","226.700","µmol/L","21.407","deg","20.891","°C","1012.000","hPa","0.861","-0.02056","0.00035","-0.00011","0","14.7","Humid","27.30","0","43.40","195650.45","SABD0002000012","AAV2.0.0.13","1.1.2.0","PSt7-10","000000-000","6/10/2026 14:47:13","0000-00","0","no battery","V"
"07/09/2026","03:27:41","3","default","198787511","O3","869.005","min","176.974","µmol/L","Humid","21.421","deg","135042","µV","22.573","°C","1009.000","hPa","34.2","pmil","0","52.118","deg","21.808","°C","226.700","µmol/L","21.407","deg","20.891","°C","1012.000","hPa","0.861","-0.02056","0.00035","-0.00011","0","14.7","Humid","27.30","0","43.40","195657.89","SABD0002000012","AAV2.0.0.13","1.1.2.0","PSt7-10","000000-000","6/10/2026 14:47:13","0000-00","0","no battery","V"
"07/09/2026","03:28:11","3","default","198787511","O3","869.504","min","176.940","µmol/L","Humid","21.425","deg","135034","µV","22.567","°C","1009.000","hPa","34.2","pmil","0","52.118","deg","21.808","°C","226.700","µmol/L","21.407","deg","20.891","°C","1012.000","hPa","0.861","-0.02056","0.00035","-0.00011","0","14.7","Humid","27.30","0","43.40","195645.89","SABD0002000012","AAV2.0.0.13","1.1.2.0","PSt7-10","000000-000","6/10/2026 14:47:13","0000-00","0","no battery","V"
"07/09/2026","03:28:41","3","default","198787511","O3","870.005","min","177.037","µmol/L","Humid","21.419","deg","135032","µV","22.567","°C","1009.000","hPa","34.2","pmil","0","52.118","deg","21.808","°C","226.700","µmol/L","21.407","deg","20.891","°C","1012.000","hPa","0.861","-0.02056","0.00035","-0.00011","0","14.7","Humid","27.30","0","43.40","195639.68","SABD0002000012","AAV2.0.0.13","1.1.2.0","PSt7-10","000000-000","6/10/2026 14:47:13","0000-00","0","no battery","V"
"07/09/2026","03:29:11","3","default","198787511","O3","870.504","min","176.943","µmol/L","Humid","21.421","deg","135029","µV","22.579","°C","1009.000","hPa","34.2","pmil","0","52.118","deg","21.808","°C","226.700","µmol/L","21.407","deg","20.891","°C","1012.000","hPa","0.861","-0.02056","0.00035","-0.00011","0","14.7","Humid","27.30","0","43.40","195649.73","SABD0002000012","AAV2.0.0.13","1.1.2.0","PSt7-10","000000-000","6/10/2026 14:47:13","0000-00","0","no battery","V"
"07/09/2026","03:29:41","3","default","198787511","O3","871.004","min","176.959","µmol/L","Humid","21.420","deg","135020","µV","22.579","°C","1009.000","hPa","34.2","pmil","0","52.118","deg","21.808","°C","226.700","µmol/L","21.407","deg","20.891","°C","1012.000","hPa","0.861","-0.02056","0.00035","-0.00011","0","14.7","Humid","27.30","0","43.40","195639.32","SABD0002000012","AAV2.0.0.13","1.1.2.0","PSt7-10","000000-000","6/10/2026 14:47:13","0000-00","0","no battery","V"
"07/09/2026","03:30:11","3","default","198787511","O3","871.505","min","177.039","µmol/L","Humid","21.417","deg","135023","µV","22.573","°C","1009.000","hPa","34.2","pmil","0","52.118","deg","21.808","°C","226.700","µmol/L","21.407","deg","20.891","°C","1012.000","hPa","0.861","-0.02056","0.00035","-0.00011","0","14.7","Humid","27.30","0","43.40","195649.46","SABD0002000012","AAV2.0.0.13","1.1.2.0","PSt7-10","000000-000","6/10/2026 14:47:13","0000-00","0","no battery","V"
"07/09/2026","03:30:41","3","default","198787511","O3","872.004","min","176.992","µmol/L","Humid","21.418","deg","135014","µV","22.579","°C","1009.000","hPa","34.2","pmil","0","52.118","deg","21.808","°C","226.700","µmol/L","21.407","deg","20.891","°C","1012.000","hPa","0.861","-0.02056","0.00035","-0.00011","0","14.7","Humid","27.30","0","43.40","195636.10","SABD0002000012","AAV2.0.0.13","1.1.2.0","PSt7-10","000000-000","6/10/2026 14:47:13","0000-00","0","no battery","V"
"07/09/2026","03:31:11","3","default","198787511","O3","872.505","min","176.927","µmol/L","Humid","21.422","deg","135011","µV","22.579","°C","1009.000","hPa","34.2","pmil","0","52.118","deg","21.808","°C","226.700","µmol/L","21.407","deg","20.891","°C","1012.000","hPa","0.861","-0.02056","0.00035","-0.00011","0","14.7","Humid","27.30","0","43.40","195641.49","SABD0002000012","AAV2.0.0.13","1.1.2.0","PSt7-10","000000-000","6/10/2026 14:47:13","0000-00","0","no battery","V"
"07/09/2026","03:31:41","3","default","198787511","O3","873.005","min","176.976","µmol/L","Humid","21.419","deg","135013","µV","22.579","°C","1009.000","hPa","34.2","pmil","0","52.118","deg","21.808","°C","226.700","µmol/L","21.407","deg","20.891","°C","1012.000","hPa","0.861","-0.02056","0.00035","-0.00011","0","14.7","Humid","27.30","0","43.40","195649.09","SABD0002000012","AAV2.0.0.13","1.1.2.0","PSt7-10","000000-000","6/10/2026 14:47:13","0000-00","0","no battery","V"
"07/09/2026","03:32:11","3","default","198787511","O3","873.504","min","177.022","µmol/L","Humid","21.418","deg","135013","µV","22.573","°C","1009.000","hPa","34.2","pmil","0","52.118","deg","21.808","°C","226.700","µmol/L","21.407","deg","20.891","°C","1012.000","hPa","0.861","-0.02056","0.00035","-0.00011","0","14.7","Humid","27.30","0","43.40","195642.10","SABD0002000012","AAV2.0.0.13","1.1.2.0","PSt7-10","000000-000","6/10/2026 14:47:13","0000-00","0","no battery","V"
"07/09/2026","03:32:41","3","default","198787511","O3","874.005","min","176.929","µmol/L","Humid","21.420","deg","135007","µV","22.585","°C","1009.000","hPa","34.2","pmil","0","52.118","deg","21.808","°C","226.700","µmol/L","21.407","deg","20.891","°C","1012.000","hPa","0.861","-0.02056","0.00035","-0.00011","0","14.7","Humid","27.30","0","43.40","195637.28","SABD0002000012","AAV2.0.0.13","1.1.2.0","PSt7-10","000000-000","6/10/2026 14:47:13","0000-00","0","no battery","V"
"07/09/2026","03:33:11","3","default","198787511","O3","874.504","min","176.961","µmol/L","Humid","21.418","deg","135003","µV","22.585","°C","1009.000","hPa","34.2","pmil","0","52.118","deg","21.808","°C","226.700","µmol/L","21.407","deg","20.891","°C","1012.000","hPa","0.861","-0.02056","0.00035","-0.00011","0","14.7","Humid","27.30","0","43.40","195628.06","SABD0002000012","AAV2.0.0.13","1.1.2.0","PSt7-10","000000-000","6/10/2026 14:47:13","0000-00","0","no battery","V"
"07/09/2026","03:33:41","3","default","198787511","O3","875.005","min","176.976","µmol/L","Humid","21.419","deg","134997","µV","22.579","°C","1009.000","hPa","34.2","pmil","0","52.118","deg","21.808","°C","226.700","µmol/L","21.407","deg","20.891","°C","1012.000","hPa","0.861","-0.02056","0.00035","-0.00011","0","14.7","Humid","27.30","0","43.40","195635.40","SABD0002000012","AAV2.0.0.13","1.1.2.0","PSt7-10","000000-000","6/10/2026 14:47:13","0000-00","0","no battery","V"
"07/09/2026","03:34:11","3","default","198787511","O3","875.505","min","177.022","µmol/L","Humid","21.418","deg","135001","µV","22.573","°C","1009.000","hPa","34.2","pmil","0","52.118","deg","21.808","°C","226.700","µmol/L","21.407","deg","20.891","°C","1012.000","hPa","0.861","-0.02056","0.00035","-0.00011","0","14.7","Humid","27.30","0","43.40","195635.32","SABD0002000012","AAV2.0.0.13","1.1.2.0","PSt7-10","000000-000","6/10/2026 14:47:13","0000-00","0","no battery","V"
"07/09/2026","03:34:41","3","default","198787511","O3","876.004","min","176.961","µmol/L","Humid","21.418","deg","135001","µV","22.585","°C","1009.000","hPa","34.2","pmil","0","52.118","deg","21.808","°C","226.700","µmol/L","21.407","deg","20.891","°C","1012.000","hPa","0.861","-0.02056","0.00035","-0.00011","0","14.7","Humid","27.30","0","43.40","195636.04","SABD0002000012","AAV2.0.0.13","1.1.2.0","PSt7-10","000000-000","6/10/2026 14:47:13","0000-00","0","no battery","V"
"07/09/2026","03:35:11","3","default","198787511","O3","876.505","min","176.978","µmol/L","Humid","21.417","deg","134991","µV","22.585","°C","1009.000","hPa","34.2","pmil","0","52.118","deg","21.808","°C","226.700","µmol/L","21.407","deg","20.891","°C","1012.000","hPa","0.861","-0.02056","0.00035","-0.00011","0","14.7","Humid","27.30","0","43.40","195633.55","SABD0002000012","AAV2.0.0.13","1.1.2.0","PSt7-10","000000-000","6/10/2026 14:47:13","0000-00","0","no battery","V"
"07/09/2026","03:35:41","3","default","198787511","O3","877.005","min","176.943","µmol/L","Humid","21.421","deg","134992","µV","22.579","°C","1009.000","hPa","34.2","pmil","0","52.118","deg","21.808","°C","226.700","µmol/L","21.407","deg","20.891","°C","1012.000","hPa","0.861","-0.02056","0.00035","-0.00011","0","14.7","Humid","27.30","0","43.40","195632.87","SABD0002000012","AAV2.0.0.13","1.1.2.0","PSt7-10","000000-000","6/10/2026 14:47:13","0000-00","0","no battery","V"
"07/09/2026","03:36:11","3","default","198787511","O3","877.505","min","176.978","µmol/L","Humid","21.417","deg","134989","µV","22.585","°C","1009.000","hPa","34.2","pmil","0","52.118","deg","21.808","°C","226.700","µmol/L","21.407","deg","20.891","°C","1012.000","hPa","0.861","-0.02056","0.00035","-0.00011","0","14.7","Humid","27.30","0","43.40","195633.89","SABD0002000012","AAV2.0.0.13","1.1.2.0","PSt7-10","000000-000","6/10/2026 14:47:13","0000-00","0","no battery","V"
"07/09/2026","03:36:41","3","default","198787511","O3","878.005","min","176.961","µmol/L","Humid","21.418","deg","134989","µV","22.585","°C","1009.000","hPa","34.2","pmil","0","52.118","deg","21.808","°C","226.700","µmol/L","21.407","deg","20.891","°C","1012.000","hPa","0.861","-0.02056","0.00035","-0.00011","0","14.7","Humid","27.30","0","43.40","195631.34","SABD0002000012","AAV2.0.0.13","1.1.2.0","PSt7-10","000000-000","6/10/2026 14:47:13","0000-00","0","no battery","V"
"07/09/2026","03:37:11","3","default","198787511","O3","878.504","min","176.994","µmol/L","Humid","21.416","deg","134985","µV","22.585","°C","1009.000","hPa","34.2","pmil","0","52.118","deg","21.808","°C","226.700","µmol/L","21.407","deg","20.891","°C","1012.000","hPa","0.861","-0.02056","0.00035","-0.00011","0","14.7","Humid","27.30","0","43.40","195641.51","SABD0002000012","AAV2.0.0.13","1.1.2.0","PSt7-10","000000-000","6/10/2026 14:47:13","0000-00","0","no battery","V"
"07/09/2026","03:37:41","3","default","198787511","O3","879.004","min","176.945","µmol/L","Humid","21.419","deg","134984","µV","22.585","°C","1009.000","hPa","34.2","pmil","0","52.118","deg","21.808","°C","226.700","µmol/L","21.407","deg","20.891","°C","1012.000","hPa","0.861","-0.02056","0.00035","-0.00011","0","14.7","Humid","27.30","0","43.40","195622.14","SABD0002000012","AAV2.0.0.13","1.1.2.0","PSt7-10","000000-000","6/10/2026 14:47:13","0000-00","0","no battery","V"
"07/09/2026","03:38:11","3","default","198787511","O3","879.504","min","176.929","µmol/L","Humid","21.420","deg","134983","µV","22.585","°C","1009.000","hPa","34.2","pmil","0","52.118","deg","21.808","°C","226.700","µmol/L","21.407","deg","20.891","°C","1012.000","hPa","0.861","-0.02056","0.00035","-0.00011","0","14.7","Humid","27.30","0","43.40","195628.50","SABD0002000012","AAV2.0.0.13","1.1.2.0","PSt7-10","000000-000","6/10/2026 14:47:13","0000-00","0","no battery","V"
"07/09/2026","03:38:41","3","default","198787511","O3","880.004","min","176.961","µmol/L","Humid","21.418","deg","134975","µV","22.585","°C","1009.000","hPa","34.2","pmil","0","52.118","deg","21.808","°C","226.700","µmol/L","21.407","deg","20.891","°C","1012.000","hPa","0.861","-0.02056","0.00035","-0.00011","0","14.7","Humid","27.30","0","43.40","195621.73","SABD0002000012","AAV2.0.0.13","1.1.2.0","PSt7-10","000000-000","6/10/2026 14:47:13","0000-00","0","no battery","V"
"07/09/2026","03:39:11","3","default","198787511","O3","880.505","min","176.945","µmol/L","Humid","21.419","deg","134976","µV","22.585","°C","1009.000","hPa","34.2","pmil","0","52.118","deg","21.808","°C","226.700","µmol/L","21.407","deg","20.891","°C","1012.000","hPa","0.861","-0.02056","0.00035","-0.00011","0","14.7","Humid","27.30","0","43.40","195629.55","SABD0002000012","AAV2.0.0.13","1.1.2.0","PSt7-10","000000-000","6/10/2026 14:47:13","0000-00","0","no battery","V"
"07/09/2026","03:39:41","3","default","198787511","O3","881.005","min","176.994","µmol/L","Humid","21.416","deg","134962","µV","22.585","°C","1009.000","hPa","34.2","pmil","0","52.118","deg","21.808","°C","226.700","µmol/L","21.407","deg","20.891","°C","1012.000","hPa","0.861","-0.02056","0.00035","-0.00011","0","14.7","Humid","27.30","0","43.40","195623.94","SABD0002000012","AAV2.0.0.13","1.1.2.0","PSt7-10","000000-000","6/10/2026 14:47:13","0000-00","0","no battery","V"
"07/09/2026","03:40:11","3","default","198787511","O3","881.505","min","176.979","µmol/L","Humid","21.415","deg","134974","µV","22.591","°C","1009.000","hPa","34.2","pmil","0","52.118","deg","21.808","°C","226.700","µmol/L","21.407","deg","20.891","°C","1012.000","hPa","0.861","-0.02056","0.00035","-0.00011","0","14.7","Humid","27.30","0","43.40","195625.82","SABD0002000012","AAV2.0.0.13","1.1.2.0","PSt7-10","000000-000","6/10/2026 14:47:13","0000-00","0","no battery","V"
"07/09/2026","03:40:41","3","default","198787511","O3","882.004","min","176.947","µmol/L","Humid","21.417","deg","134953","µV","22.591","°C","1009.000","hPa","34.2","pmil","0","52.118","deg","21.808","°C","226.700","µmol/L","21.407","deg","20.891","°C","1012.000","hPa","0.861","-0.02056","0.00035","-0.00011","0","14.7","Humid","27.30","0","43.40","195619.30","SABD0002000012","AAV2.0.0.13","1.1.2.0","PSt7-10","000000-000","6/10/2026 14:47:13","0000-00","0","no battery","V"
"07/09/2026","03:41:11","3","default","198787511","O3","882.505","min","176.979","µmol/L","Humid","21.415","deg","134970","µV","22.591","°C","1009.000","hPa","34.2","pmil","0","52.118","deg","21.808","°C","226.700","µmol/L","21.407","deg","20.891","°C","1012.000","hPa","0.861","-0.02056","0.00035","-0.00011","0","14.7","Humid","27.30","0","43.40","195615.84","SABD0002000012","AAV2.0.0.13","1.1.2.0","PSt7-10","000000-000","6/10/2026 14:47:13","0000-00","0","no battery","V"
"07/09/2026","03:41:41","3","default","198787511","O3","883.004","min","176.913","µmol/L","Humid","21.421","deg","134953","µV","22.585","°C","1009.000","hPa","34.2","pmil","0","52.118","deg","21.808","°C","226.700","µmol/L","21.407","deg","20.891","°C","1012.000","hPa","0.861","-0.02056","0.00035","-0.00011","0","14.7","Humid","27.30","0","43.40","195616.20","SABD0002000012","AAV2.0.0.13","1.1.2.0","PSt7-10","000000-000","6/10/2026 14:47:13","0000-00","0","no battery","V"
"07/09/2026","03:42:11","3","default","198787511","O3","883.504","min","176.978","µmol/L","Humid","21.417","deg","134963","µV","22.585","°C","1009.000","hPa","34.2","pmil","0","52.118","deg","21.808","°C","226.700","µmol/L","21.407","deg","20.891","°C","1012.000","hPa","0.861","-0.02056","0.00035","-0.00011","0","14.7","Humid","27.30","0","43.40","195620.68","SABD0002000012","AAV2.0.0.13","1.1.2.0","PSt7-10","000000-000","6/10/2026 14:47:13","0000-00","0","no battery","V"
"07/09/2026","03:42:41","3","default","198787511","O3","884.005","min","176.963","µmol/L","Humid","21.416","deg","134969","µV","22.591","°C","1009.000","hPa","34.2","pmil","0","52.118","deg","21.808","°C","226.700","µmol/L","21.407","deg","20.891","°C","1012.000","hPa","0.861","-0.02056","0.00035","-0.00011","0","14.7","Humid","27.30","0","43.40","195610.66","SABD0002000012","AAV2.0.0.13","1.1.2.0","PSt7-10","000000-000","6/10/2026 14:47:13","0000-00","0","no battery","V"
"07/09/2026","03:43:11","3","default","198787511","O3","884.504","min","177.026","µmol/L","Humid","21.414","deg","134952","µV","22.585","°C","1009.000","hPa","34.2","pmil","0","52.118","deg","21.808","°C","226.700","µmol/L","21.407","deg","20.891","°C","1012.000","hPa","0.861","-0.02056","0.00035","-0.00011","0","14.7","Humid","27.30","0","43.40","195618.26","SABD0002000012","AAV2.0.0.13","1.1.2.0","PSt7-10","000000-000","6/10/2026 14:47:13","0000-00","0","no battery","V"
"07/09/2026","03:43:41","3","default","198787511","O3","885.004","min","176.978","µmol/L","Humid","21.417","deg","134962","µV","22.585","°C","1009.000","hPa","34.2","pmil","0","52.118","deg","21.808","°C","226.700","µmol/L","21.407","deg","20.891","°C","1012.000","hPa","0.861","-0.02056","0.00035","-0.00011","0","14.7","Humid","27.30","0","43.40","195618.97","SABD0002000012","AAV2.0.0.13","1.1.2.0","PSt7-10","000000-000","6/10/2026 14:47:13","0000-00","0","no battery","V"
"07/09/2026","03:44:11","3","default","198787511","O3","885.505","min","176.947","µmol/L","Humid","21.417","deg","134946","µV","22.591","°C","1009.000","hPa","34.2","pmil","0","52.118","deg","21.808","°C","226.700","µmol/L","21.407","deg","20.891","°C","1012.000","hPa","0.861","-0.02056","0.00035","-0.00011","0","14.7","Humid","27.30","0","43.40","195623.78","SABD0002000012","AAV2.0.0.13","1.1.2.0","PSt7-10","000000-000","6/10/2026 14:47:13","0000-00","0","no battery","V"
"07/09/2026","03:44:41","3","default","198787511","O3","886.005","min","176.979","µmol/L","Humid","21.415","deg","134937","µV","22.591","°C","1009.000","hPa","34.2","pmil","0","52.118","deg","21.808","°C","226.700","µmol/L","21.407","deg","20.891","°C","1012.000","hPa","0.861","-0.02056","0.00035","-0.00011","0","14.7","Humid","27.30","0","43.40","195612.84","SABD0002000012","AAV2.0.0.13","1.1.2.0","PSt7-10","000000-000","6/10/2026 14:47:13","0000-00","0","no battery","V"
"07/09/2026","03:45:11","3","default","198787511","O3","886.504","min","176.994","µmol/L","Humid","21.416","deg","134949","µV","22.585","°C","1009.000","hPa","34.2","pmil","0","52.118","deg","21.808","°C","226.700","µmol/L","21.407","deg","20.891","°C","1012.000","hPa","0.861","-0.02056","0.00035","-0.00011","0","14.7","Humid","27.30","0","43.40","195623.64","SABD0002000012","AAV2.0.0.13","1.1.2.0","PSt7-10","000000-000","6/10/2026 14:47:13","0000-00","0","no battery","V"
"07/09/2026","03:45:41","3","default","198787511","O3","887.005","min","176.949","µmol/L","Humid","21.415","deg","134938","µV","22.597","°C","1009.000","hPa","34.2","pmil","0","52.118","deg","21.808","°C","226.700","µmol/L","21.407","deg","20.891","°C","1012.000","hPa","0.861","-0.02056","0.00035","-0.00011","0","14.7","Humid","27.30","0","43.40","195615.53","SABD0002000012","AAV2.0.0.13","1.1.2.0","PSt7-10","000000-000","6/10/2026 14:47:13","0000-00","0","no battery","V"
"07/09/2026","03:46:11","3","default","198787511","O3","887.504","min","176.979","µmol/L","Humid","21.415","deg","134936","µV","22.591","°C","1009.000","hPa","34.2","pmil","0","52.118","deg","21.808","°C","226.700","µmol/L","21.407","deg","20.891","°C","1012.000","hPa","0.861","-0.02056","0.00035","-0.00011","0","14.7","Humid","27.30","0","43.40","195609.01","SABD0002000012","AAV2.0.0.13","1.1.2.0","PSt7-10","000000-000","6/10/2026 14:47:13","0000-00","0","no battery","V"
"07/09/2026","03:46:41","3","default","198787511","O3","888.005","min","176.997","µmol/L","Humid","21.412","deg","134932","µV","22.597","°C","1009.000","hPa","34.2","pmil","0","52.118","deg","21.808","°C","226.700","µmol/L","21.407","deg","20.891","°C","1012.000","hPa","0.861","-0.02056","0.00035","-0.00011","0","14.7","Humid","27.30","0","43.40","195611.19","SABD0002000012","AAV2.0.0.13","1.1.2.0","PSt7-10","000000-000","6/10/2026 14:47:13","0000-00","0","no battery","V"
"07/09/2026","03:47:11","3","default","198787511","O3","888.504","min","176.949","µmol/L","Humid","21.415","deg","134950","µV","22.597","°C","1009.000","hPa","34.2","pmil","0","52.118","deg","21.808","°C","226.700","µmol/L","21.407","deg","20.891","°C","1012.000","hPa","0.861","-0.02056","0.00035","-0.00011","0","14.7","Humid","27.30","0","43.40","195613.75","SABD0002000012","AAV2.0.0.13","1.1.2.0","PSt7-10","000000-000","6/10/2026 14:47:13","0000-00","0","no battery","V"
"07/09/2026","03:47:41","3","default","198787511","O3","889.004","min","176.949","µmol/L","Humid","21.415","deg","134930","µV","22.597","°C","1009.000","hPa","34.2","pmil","0","52.118","deg","21.808","°C","226.700","µmol/L","21.407","deg","20.891","°C","1012.000","hPa","0.861","-0.02056","0.00035","-0.00011","0","14.7","Humid","27.30","0","43.40","195597.75","SABD0002000012","AAV2.0.0.13","1.1.2.0","PSt7-10","000000-000","6/10/2026 14:47:13","0000-00","0","no battery","V"
"07/09/2026","03:48:11","3","default","198787511","O3","889.505","min","176.900","µmol/L","Humid","21.418","deg","134938","µV","22.597","°C","1009.000","hPa","34.2","pmil","0","52.118","deg","21.808","°C","226.700","µmol/L","21.407","deg","20.891","°C","1012.000","hPa","0.861","-0.02056","0.00035","-0.00011","0","14.7","Humid","27.30","0","43.40","195606.27","SABD0002000012","AAV2.0.0.13","1.1.2.0","PSt7-10","000000-000","6/10/2026 14:47:13","0000-00","0","no battery","V"
"07/09/2026","03:48:41","3","default","198787511","O3","890.004","min","176.949","µmol/L","Humid","21.415","deg","134929","µV","22.597","°C","1009.000","hPa","34.2","pmil","0","52.118","deg","21.808","°C","226.700","µmol/L","21.407","deg","20.891","°C","1012.000","hPa","0.861","-0.02056","0.00035","-0.00011","0","14.7","Humid","27.30","0","43.40","195599.23","SABD0002000012","AAV2.0.0.13","1.1.2.0","PSt7-10","000000-000","6/10/2026 14:47:13","0000-00","0","no battery","V"
"07/09/2026","03:49:11","3","default","198787511","O3","890.505","min","176.949","µmol/L","Humid","21.415","deg","134930","µV","22.597","°C","1009.000","hPa","34.2","pmil","0","52.118","deg","21.808","°C","226.700","µmol/L","21.407","deg","20.891","°C","1012.000","hPa","0.861","-0.02056","0.00035","-0.00011","0","14.7","Humid","27.30","0","43.40","195596.91","SABD0002000012","AAV2.0.0.13","1.1.2.0","PSt7-10","000000-000","6/10/2026 14:47:13","0000-00","0","no battery","V"
"07/09/2026","03:49:41","3","default","198787511","O3","891.004","min","176.933","µmol/L","Humid","21.416","deg","134938","µV","22.597","°C","1009.000","hPa","34.2","pmil","0","52.118","deg","21.808","°C","226.700","µmol/L","21.407","deg","20.891","°C","1012.000","hPa","0.861","-0.02056","0.00035","-0.00011","0","14.7","Humid","27.30","0","43.40","195586.59","SABD0002000012","AAV2.0.0.13","1.1.2.0","PSt7-10","000000-000","6/10/2026 14:47:13","0000-00","0","no battery","V"
"07/09/2026","03:50:11","3","default","198787511","O3","891.505","min","176.886","µmol/L","Humid","21.417","deg","134936","µV","22.604","°C","1009.000","hPa","34.2","pmil","0","52.118","deg","21.808","°C","226.700","µmol/L","21.407","deg","20.891","°C","1012.000","hPa","0.861","-0.02056","0.00035","-0.00011","0","14.7","Humid","27.30","0","43.40","195600.41","SABD0002000012","AAV2.0.0.13","1.1.2.0","PSt7-10","000000-000","6/10/2026 14:47:13","0000-00","0","no battery","V"
"07/09/2026","03:50:41","3","default","198787511","O3","892.005","min","176.916","µmol/L","Humid","21.417","deg","134930","µV","22.597","°C","1009.000","hPa","34.2","pmil","0","52.118","deg","21.808","°C","226.700","µmol/L","21.407","deg","20.891","°C","1012.000","hPa","0.861","-0.02056","0.00035","-0.00011","0","14.7","Humid","27.30","0","43.40","195584.60","SABD0002000012","AAV2.0.0.13","1.1.2.0","PSt7-10","000000-000","6/10/2026 14:47:13","0000-00","0","no battery","V"
"07/09/2026","03:51:11","3","default","198787511","O3","892.505","min","176.884","µmol/L","Humid","21.419","deg","134935","µV","22.597","°C","1009.000","hPa","34.2","pmil","0","52.118","deg","21.808","°C","226.700","µmol/L","21.407","deg","20.891","°C","1012.000","hPa","0.861","-0.02056","0.00035","-0.00011","0","14.7","Humid","27.30","0","43.40","195589.43","SABD0002000012","AAV2.0.0.13","1.1.2.0","PSt7-10","000000-000","6/10/2026 14:47:13","0000-00","0","no battery","V"
"07/09/2026","03:51:41","3","default","198787511","O3","893.005","min","176.933","µmol/L","Humid","21.416","deg","134926","µV","22.597","°C","1009.000","hPa","34.2","pmil","0","52.118","deg","21.808","°C","226.700","µmol/L","21.407","deg","20.891","°C","1012.000","hPa","0.861","-0.02056","0.00035","-0.00011","0","14.7","Humid","27.30","0","43.40","195579.33","SABD0002000012","AAV2.0.0.13","1.1.2.0","PSt7-10","000000-000","6/10/2026 14:47:13","0000-00","0","no battery","V"
"07/09/2026","03:52:11","3","default","198787511","O3","893.504","min","176.916","µmol/L","Humid","21.417","deg","134924","µV","22.597","°C","1009.000","hPa","34.2","pmil","0","52.118","deg","21.808","°C","226.700","µmol/L","21.407","deg","20.891","°C","1012.000","hPa","0.861","-0.02056","0.00035","-0.00011","0","14.7","Humid","27.30","0","43.40","195584.03","SABD0002000012","AAV2.0.0.13","1.1.2.0","PSt7-10","000000-000","6/10/2026 14:47:13","0000-00","0","no battery","V"
"07/09/2026","03:52:41","3","default","198787511","O3","894.005","min","176.951","µmol/L","Humid","21.413","deg","134916","µV","22.604","°C","1009.000","hPa","34.2","pmil","0","52.118","deg","21.808","°C","226.700","µmol/L","21.407","deg","20.891","°C","1012.000","hPa","0.861","-0.02056","0.00035","-0.00011","0","14.7","Humid","27.30","0","43.40","195585.16","SABD0002000012","AAV2.0.0.13","1.1.2.0","PSt7-10","000000-000","6/10/2026 14:47:13","0000-00","0","no battery","V"
"07/09/2026","03:53:11","3","default","198787511","O3","894.505","min","176.933","µmol/L","Humid","21.416","deg","134926","µV","22.597","°C","1009.000","hPa","34.2","pmil","0","52.118","deg","21.808","°C","226.700","µmol/L","21.407","deg","20.891","°C","1012.000","hPa","0.861","-0.02056","0.00035","-0.00011","0","14.7","Humid","27.30","0","43.40","195575.78","SABD0002000012","AAV2.0.0.13","1.1.2.0","PSt7-10","000000-000","6/10/2026 14:47:13","0000-00","0","no battery","V"
"07/09/2026","03:53:41","3","default","198787511","O3","895.004","min","176.837","µmol/L","Humid","21.420","deg","134917","µV","22.604","°C","1009.000","hPa","34.2","pmil","0","52.118","deg","21.808","°C","226.700","µmol/L","21.407","deg","20.891","°C","1012.000","hPa","0.861","-0.02056","0.00035","-0.00011","0","14.7","Humid","27.30","0","43.40","195578.03","SABD0002000012","AAV2.0.0.13","1.1.2.0","PSt7-10","000000-000","6/10/2026 14:47:13","0000-00","0","no battery","V"
"07/09/2026","03:54:11","3","default","198787511","O3","895.505","min","176.870","µmol/L","Humid","21.418","deg","134923","µV","22.604","°C","1009.000","hPa","34.2","pmil","0","52.118","deg","21.808","°C","226.700","µmol/L","21.407","deg","20.891","°C","1012.000","hPa","0.861","-0.02056","0.00035","-0.00011","0","14.7","Humid","27.30","0","43.40","195594.46","SABD0002000012","AAV2.0.0.13","1.1.2.0","PSt7-10","000000-000","6/10/2026 14:47:13","0000-00","0","no battery","V"
"07/09/2026","03:54:41","3","default","198787511","O3","896.005","min","176.979","µmol/L","Humid","21.415","deg","134921","µV","22.591","°C","1009.000","hPa","34.2","pmil","0","52.118","deg","21.808","°C","226.700","µmol/L","21.407","deg","20.891","°C","1012.000","hPa","0.861","-0.02056","0.00035","-0.00011","0","14.7","Humid","27.30","0","43.40","195589.84","SABD0002000012","AAV2.0.0.13","1.1.2.0","PSt7-10","000000-000","6/10/2026 14:47:13","0000-00","0","no battery","V"
"07/09/2026","03:55:11","3","default","198787511","O3","896.505","min","176.900","µmol/L","Humid","21.418","deg","134930","µV","22.597","°C","1009.000","hPa","34.2","pmil","0","52.118","deg","21.808","°C","226.700","µmol/L","21.407","deg","20.891","°C","1012.000","hPa","0.861","-0.02056","0.00035","-0.00011","0","14.7","Humid","27.30","0","43.40","195589.22","SABD0002000012","AAV2.0.0.13","1.1.2.0","PSt7-10","000000-000","6/10/2026 14:47:13","0000-00","0","no battery","V"
"07/09/2026","03:55:41","3","default","198787511","O3","897.004","min","176.886","µmol/L","Humid","21.417","deg","134930","µV","22.604","°C","1009.000","hPa","34.2","pmil","0","52.118","deg","21.808","°C","226.700","µmol/L","21.407","deg","20.891","°C","1012.000","hPa","0.861","-0.02056","0.00035","-0.00011","0","14.7","Humid","27.30","0","43.40","195590.65","SABD0002000012","AAV2.0.0.13","1.1.2.0","PSt7-10","000000-000","6/10/2026 14:47:13","0000-00","0","no battery","V"
"07/09/2026","03:56:11","3","default","198787511","O3","897.505","min","176.951","µmol/L","Humid","21.413","deg","134923","µV","22.604","°C","1009.000","hPa","34.2","pmil","0","52.118","deg","21.808","°C","226.700","µmol/L","21.407","deg","20.891","°C","1012.000","hPa","0.861","-0.02056","0.00035","-0.00011","0","14.7","Humid","27.30","0","43.40","195597.72","SABD0002000012","AAV2.0.0.13","1.1.2.0","PSt7-10","000000-000","6/10/2026 14:47:13","0000-00","0","no battery","V"
"07/09/2026","03:56:41","3","default","198787511","O3","898.005","min","176.837","µmol/L","Humid","21.420","deg","134924","µV","22.604","°C","1009.000","hPa","34.2","pmil","0","52.118","deg","21.808","°C","226.700","µmol/L","21.407","deg","20.891","°C","1012.000","hPa","0.861","-0.02056","0.00035","-0.00011","0","14.7","Humid","27.30","0","43.40","195596.48","SABD0002000012","AAV2.0.0.13","1.1.2.0","PSt7-10","000000-000","6/10/2026 14:47:13","0000-00","0","no battery","V"
"07/09/2026","03:57:11","3","default","198787511","O3","898.504","min","176.807","µmol/L","Humid","21.420","deg","134930","µV","22.610","°C","1009.000","hPa","34.2","pmil","0","52.118","deg","21.808","°C","226.700","µmol/L","21.407","deg","20.891","°C","1012.000","hPa","0.861","-0.02056","0.00035","-0.00011","0","14.7","Humid","27.30","0","43.40","195600.04","SABD0002000012","AAV2.0.0.13","1.1.2.0","PSt7-10","000000-000","6/10/2026 14:47:13","0000-00","0","no battery","V"
"07/09/2026","03:57:41","3","default","198787511","O3","899.004","min","176.933","µmol/L","Humid","21.416","deg","134928","µV","22.597","°C","1009.000","hPa","34.2","pmil","0","52.118","deg","21.808","°C","226.700","µmol/L","21.407","deg","20.891","°C","1012.000","hPa","0.861","-0.02056","0.00035","-0.00011","0","14.7","Humid","27.30","0","43.40","195599.73","SABD0002000012","AAV2.0.0.13","1.1.2.0","PSt7-10","000000-000","6/10/2026 14:47:13","0000-00","0","no battery","V"
"07/09/2026","03:58:11","3","default","198787511","O3","899.505","min","176.900","µmol/L","Humid","21.418","deg","134923","µV","22.597","°C","1009.000","hPa","34.2","pmil","0","52.118","deg","21.808","°C","226.700","µmol/L","21.407","deg","20.891","°C","1012.000","hPa","0.861","-0.02056","0.00035","-0.00011","0","14.7","Humid","27.30","0","43.40","195598.35","SABD0002000012","AAV2.0.0.13","1.1.2.0","PSt7-10","000000-000","6/10/2026 14:47:13","0000-00","0","no battery","V"
"07/09/2026","03:58:41","3","default","198787511","O3","900.005","min","176.855","µmol/L","Humid","21.417","deg","134923","µV","22.610","°C","1009.000","hPa","34.2","pmil","0","52.118","deg","21.808","°C","226.700","µmol/L","21.407","deg","20.891","°C","1012.000","hPa","0.861","-0.02056","0.00035","-0.00011","0","14.7","Humid","27.30","0","43.40","195599.29","SABD0002000012","AAV2.0.0.13","1.1.2.0","PSt7-10","000000-000","6/10/2026 14:47:13","0000-00","0","no battery","V"
"07/09/2026","03:59:11","3","default","198787511","O3","900.505","min","177.160","µmol/L","Humid","21.402","deg","134798","µV","22.597","°C","1009.000","hPa","34.2","pmil","0","52.118","deg","21.808","°C","226.700","µmol/L","21.407","deg","20.891","°C","1012.000","hPa","0.861","-0.02056","0.00035","-0.00011","0","14.7","Humid","27.30","0","43.40","195605.16","SABD0002000012","AAV2.0.0.13","1.1.2.0","PSt7-10","000000-000","6/10/2026 14:47:13","0000-00","0","no battery","V"
"07/09/2026","03:59:41","3","default","198787511","O3","901.005","min","178.054","µmol/L","Humid","21.349","deg","134484","µV","22.591","°C","1009.000","hPa","34.2","pmil","0","52.118","deg","21.808","°C","226.700","µmol/L","21.407","deg","20.891","°C","1012.000","hPa","0.861","-0.02056","0.00035","-0.00011","0","14.7","Humid","27.30","0","43.40","195609.82","SABD0002000012","AAV2.0.0.13","1.1.2.0","PSt7-10","000000-000","6/10/2026 14:47:13","0000-00","0","no battery","V"
"07/09/2026","04:00:11","3","default","198787511","O3","901.505","min","178.494","µmol/L","Humid","21.324","deg","134298","µV","22.585","°C","1009.000","hPa","34.2","pmil","0","52.118","deg","21.808","°C","226.700","µmol/L","21.407","deg","20.891","°C","1012.000","hPa","0.861","-0.02056","0.00035","-0.00011","0","14.7","Humid","27.30","0","43.40","195607.99","SABD0002000012","AAV2.0.0.13","1.1.2.0","PSt7-10","000000-000","6/10/2026 14:47:13","0000-00","0","no battery","V"
"07/09/2026","04:00:41","3","default","198787511","O3","902.005","min","178.754","µmol/L","Humid","21.310","deg","134213","µV","22.579","°C","1009.000","hPa","34.2","pmil","0","52.118","deg","21.808","°C","226.700","µmol/L","21.407","deg","20.891","°C","1012.000","hPa","0.861","-0.02056","0.00035","-0.00011","0","14.7","Humid","27.30","0","43.40","195606.70","SABD0002000012","AAV2.0.0.13","1.1.2.0","PSt7-10","000000-000","6/10/2026 14:47:13","0000-00","0","no battery","V"
"07/09/2026","04:01:11","3","default","198787511","O3","902.504","min","178.805","µmol/L","Humid","21.305","deg","134151","µV","22.585","°C","1009.000","hPa","34.2","pmil","0","52.118","deg","21.808","°C","226.700","µmol/L","21.407","deg","20.891","°C","1012.000","hPa","0.861","-0.02056","0.00035","-0.00011","0","14.7","Humid","27.30","0","43.40","195604.64","SABD0002000012","AAV2.0.0.13","1.1.2.0","PSt7-10","000000-000","6/10/2026 14:47:13","0000-00","0","no battery","V"
"07/09/2026","04:01:41","3","default","198787511","O3","903.005","min","178.933","µmol/L","Humid","21.301","deg","134114","µV","22.573","°C","1009.000","hPa","34.2","pmil","0","52.118","deg","21.808","°C","226.700","µmol/L","21.407","deg","20.891","°C","1012.000","hPa","0.861","-0.02056","0.00035","-0.00011","0","14.7","Humid","27.30","0","43.40","195600.65","SABD0002000012","AAV2.0.0.13","1.1.2.0","PSt7-10","000000-000","6/10/2026 14:47:13","0000-00","0","no battery","V"
"07/09/2026","04:02:11","3","default","198787511","O3","903.505","min","178.886","µmol/L","Humid","21.302","deg","134104","µV","22.579","°C","1009.000","hPa","34.2","pmil","0","52.118","deg","21.808","°C","226.700","µmol/L","21.407","deg","20.891","°C","1012.000","hPa","0.861","-0.02056","0.00035","-0.00011","0","14.7","Humid","27.30","0","43.40","195604.16","SABD0002000012","AAV2.0.0.13","1.1.2.0","PSt7-10","000000-000","6/10/2026 14:47:13","0000-00","0","no battery","V"
"07/09/2026","04:02:41","3","default","198787511","O3","904.005","min","178.855","µmol/L","Humid","21.302","deg","134111","µV","22.585","°C","1009.000","hPa","34.2","pmil","0","52.118","deg","21.808","°C","226.700","µmol/L","21.407","deg","20.891","°C","1012.000","hPa","0.861","-0.02056","0.00035","-0.00011","0","14.7","Humid","27.30","0","43.40","195602.79","SABD0002000012","AAV2.0.0.13","1.1.2.0","PSt7-10","000000-000","6/10/2026 14:47:13","0000-00","0","no battery","V"
"07/09/2026","04:03:11","3","default","198787511","O3","904.505","min","178.871","µmol/L","Humid","21.301","deg","134127","µV","22.585","°C","1009.000","hPa","34.2","pmil","0","52.118","deg","21.808","°C","226.700","µmol/L","21.407","deg","20.891","°C","1012.000","hPa","0.861","-0.02056","0.00035","-0.00011","0","14.7","Humid","27.30","0","43.40","195604.42","SABD0002000012","AAV2.0.0.13","1.1.2.0","PSt7-10","000000-000","6/10/2026 14:47:13","0000-00","0","no battery","V"
"07/09/2026","04:03:41","3","default","198787511","O3","905.004","min","178.820","µmol/L","Humid","21.306","deg","134150","µV","22.579","°C","1009.000","hPa","34.2","pmil","0","52.118","deg","21.808","°C","226.700","µmol/L","21.407","deg","20.891","°C","1012.000","hPa","0.861","-0.02056","0.00035","-0.00011","0","14.7","Humid","27.30","0","43.40","195605.61","SABD0002000012","AAV2.0.0.13","1.1.2.0","PSt7-10","000000-000","6/10/2026 14:47:13","0000-00","0","no battery","V"
"07/09/2026","04:04:11","3","default","198787511","O3","905.504","min","178.625","µmol/L","Humid","21.316","deg","134158","µV","22.585","°C","1009.000","hPa","34.2","pmil","0","52.118","deg","21.808","°C","226.700","µmol/L","21.407","deg","20.891","°C","1012.000","hPa","0.861","-0.02056","0.00035","-0.00011","0","14.7","Humid","27.30","0","43.40","195593.05","SABD0002000012","AAV2.0.0.13","1.1.2.0","PSt7-10","000000-000","6/10/2026 14:47:13","0000-00","0","no battery","V"
"07/09/2026","04:04:41","3","default","198787511","O3","906.005","min","178.543","µmol/L","Humid","21.321","deg","134200","µV","22.585","°C","1009.000","hPa","34.2","pmil","0","52.118","deg","21.808","°C","226.700","µmol/L","21.407","deg","20.891","°C","1012.000","hPa","0.861","-0.02056","0.00035","-0.00011","0","14.7","Humid","27.30","0","43.40","195597.58","SABD0002000012","AAV2.0.0.13","1.1.2.0","PSt7-10","000000-000","6/10/2026 14:47:13","0000-00","0","no battery","V"
"07/09/2026","04:05:11","3","default","198787511","O3","906.504","min","178.461","µmol/L","Humid","21.326","deg","134223","µV","22.585","°C","1009.000","hPa","34.2","pmil","0","52.118","deg","21.808","°C","226.700","µmol/L","21.407","deg","20.891","°C","1012.000","hPa","0.861","-0.02056","0.00035","-0.00011","0","14.7","Humid","27.30","0","43.40","195579.28","SABD0002000012","AAV2.0.0.13","1.1.2.0","PSt7-10","000000-000","6/10/2026 14:47:13","0000-00","0","no battery","V"
"07/09/2026","04:05:41","3","default","198787511","O3","907.004","min","178.412","µmol/L","Humid","21.329","deg","134244","µV","22.585","°C","1009.000","hPa","34.2","pmil","0","52.118","deg","21.808","°C","226.700","µmol/L","21.407","deg","20.891","°C","1012.000","hPa","0.861","-0.02056","0.00035","-0.00011","0","14.7","Humid","27.30","0","43.40","195583.75","SABD0002000012","AAV2.0.0.13","1.1.2.0","PSt7-10","000000-000","6/10/2026 14:47:13","0000-00","0","no battery","V"
"07/09/2026","04:06:11","3","default","198787511","O3","907.505","min","178.379","µmol/L","Humid","21.331","deg","134278","µV","22.585","°C","1009.000","hPa","34.2","pmil","0","52.118","deg","21.808","°C","226.700","µmol/L","21.407","deg","20.891","°C","1012.000","hPa","0.861","-0.02056","0.00035","-0.00011","0","14.7","Humid","27.30","0","43.40","195596.72","SABD0002000012","AAV2.0.0.13","1.1.2.0","PSt7-10","000000-000","6/10/2026 14:47:13","0000-00","0","no battery","V"
"07/09/2026","04:06:41","3","default","198787511","O3","908.005","min","178.217","µmol/L","Humid","21.339","deg","134297","µV","22.591","°C","1009.000","hPa","34.2","pmil","0","52.118","deg","21.808","°C","226.700","µmol/L","21.407","deg","20.891","°C","1012.000","hPa","0.861","-0.02056","0.00035","-0.00011","0","14.7","Humid","27.30","0","43.40","195582.44","SABD0002000012","AAV2.0.0.13","1.1.2.0","PSt7-10","000000-000","6/10/2026 14:47:13","0000-00","0","no battery","V"
"07/09/2026","04:07:11","3","default","198787511","O3","908.504","min","178.166","µmol/L","Humid","21.344","deg","134329","µV","22.585","°C","1009.000","hPa","34.2","pmil","0","52.118","deg","21.808","°C","226.700","µmol/L","21.407","deg","20.891","°C","1012.000","hPa","0.861","-0.02056","0.00035","-0.00011","0","14.7","Humid","27.30","0","43.40","195583.25","SABD0002000012","AAV2.0.0.13","1.1.2.0","PSt7-10","000000-000","6/10/2026 14:47:13","0000-00","0","no battery","V"
"07/09/2026","04:07:41","3","default","198787511","O3","909.004","min","178.037","µmol/L","Humid","21.350","deg","134356","µV","22.591","°C","1009.000","hPa","34.2","pmil","0","52.118","deg","21.808","°C","226.700","µmol/L","21.407","deg","20.891","°C","1012.000","hPa","0.861","-0.02056","0.00035","-0.00011","0","14.7","Humid","27.30","0","43.40","195585.69","SABD0002000012","AAV2.0.0.13","1.1.2.0","PSt7-10","000000-000","6/10/2026 14:47:13","0000-00","0","no battery","V"
"07/09/2026","04:08:11","3","default","198787511","O3","909.505","min","177.956","µmol/L","Humid","21.355","deg","134390","µV","22.591","°C","1009.000","hPa","34.2","pmil","0","52.118","deg","21.808","°C","226.700","µmol/L","21.407","deg","20.891","°C","1012.000","hPa","0.861","-0.02056","0.00035","-0.00011","0","14.7","Humid","27.30","0","43.40","195576.81","SABD0002000012","AAV2.0.0.13","1.1.2.0","PSt7-10","000000-000","6/10/2026 14:47:13","0000-00","0","no battery","V"
"07/09/2026","04:08:41","3","default","198787511","O3","910.004","min","177.874","µmol/L","Humid","21.360","deg","134412","µV","22.591","°C","1009.000","hPa","34.2","pmil","0","52.118","deg","21.808","°C","226.700","µmol/L","21.407","deg","20.891","°C","1012.000","hPa","0.861","-0.02056","0.00035","-0.00011","0","14.7","Humid","27.30","0","43.40","195586.75","SABD0002000012","AAV2.0.0.13","1.1.2.0","PSt7-10","000000-000","6/10/2026 14:47:13","0000-00","0","no battery","V"
"07/09/2026","04:09:11","3","default","198787511","O3","910.505","min","177.791","µmol/L","Humid","21.367","deg","134443","µV","22.585","°C","1009.000","hPa","34.2","pmil","0","52.118","deg","21.808","°C","226.700","µmol/L","21.407","deg","20.891","°C","1012.000","hPa","0.861","-0.02056","0.00035","-0.00011","0","14.7","Humid","27.30","0","43.40","195585.68","SABD0002000012","AAV2.0.0.13","1.1.2.0","PSt7-10","000000-000","6/10/2026 14:47:13","0000-00","0","no battery","V"
"07/09/2026","04:09:41","3","default","198787511","O3","911.005","min","177.695","µmol/L","Humid","21.371","deg","134468","µV","22.591","°C","1009.000","hPa","34.2","pmil","0","52.118","deg","21.808","°C","226.700","µmol/L","21.407","deg","20.891","°C","1012.000","hPa","0.861","-0.02056","0.00035","-0.00011","0","14.7","Humid","27.30","0","43.40","195585.13","SABD0002000012","AAV2.0.0.13","1.1.2.0","PSt7-10","000000-000","6/10/2026 14:47:13","0000-00","0","no battery","V"
"07/09/2026","04:10:11","3","default","198787511","O3","911.505","min","177.678","µmol/L","Humid","21.372","deg","134507","µV","22.591","°C","1009.000","hPa","34.2","pmil","0","52.118","deg","21.808","°C","226.700","µmol/L","21.407","deg","20.891","°C","1012.000","hPa","0.861","-0.02056","0.00035","-0.00011","0","14.7","Humid","27.30","0","43.40","195583.92","SABD0002000012","AAV2.0.0.13","1.1.2.0","PSt7-10","000000-000","6/10/2026 14:47:13","0000-00","0","no battery","V"
"07/09/2026","04:10:41","3","default","198787511","O3","912.004","min","177.548","µmol/L","Humid","21.380","deg","134519","µV","22.591","°C","1009.000","hPa","34.2","pmil","0","52.118","deg","21.808","°C","226.700","µmol/L","21.407","deg","20.891","°C","1012.000","hPa","0.861","-0.02056","0.00035","-0.00011","0","14.7","Humid","27.30","0","43.40","195587.80","SABD0002000012","AAV2.0.0.13","1.1.2.0","PSt7-10","000000-000","6/10/2026 14:47:13","0000-00","0","no battery","V"
"07/09/2026","04:11:11","3","default","198787511","O3","912.505","min","177.481","µmol/L","Humid","21.386","deg","134551","µV","22.585","°C","1009.000","hPa","34.2","pmil","0","52.118","deg","21.808","°C","226.700","µmol/L","21.407","deg","20.891","°C","1012.000","hPa","0.861","-0.02056","0.00035","-0.00011","0","14.7","Humid","27.30","0","43.40","195591.59","SABD0002000012","AAV2.0.0.13","1.1.2.0","PSt7-10","000000-000","6/10/2026 14:47:13","0000-00","0","no battery","V"
"07/09/2026","04:11:41","3","default","198787511","O3","913.005","min","177.481","µmol/L","Humid","21.386","deg","134572","µV","22.585","°C","1009.000","hPa","34.2","pmil","0","52.118","deg","21.808","°C","226.700","µmol/L","21.407","deg","20.891","°C","1012.000","hPa","0.861","-0.02056","0.00035","-0.00011","0","14.7","Humid","27.30","0","43.40","195592.70","SABD0002000012","AAV2.0.0.13","1.1.2.0","PSt7-10","000000-000","6/10/2026 14:47:13","0000-00","0","no battery","V"
"07/09/2026","04:12:11","3","default","198787511","O3","913.505","min","177.353","µmol/L","Humid","21.392","deg","134598","µV","22.591","°C","1009.000","hPa","34.2","pmil","0","52.118","deg","21.808","°C","226.700","µmol/L","21.407","deg","20.891","°C","1012.000","hPa","0.861","-0.02056","0.00035","-0.00011","0","14.7","Humid","27.30","0","43.40","195581.38","SABD0002000012","AAV2.0.0.13","1.1.2.0","PSt7-10","000000-000","6/10/2026 14:47:13","0000-00","0","no battery","V"
"07/09/2026","04:12:41","3","default","198787511","O3","914.004","min","177.257","µmol/L","Humid","21.396","deg","134625","µV","22.597","°C","1009.000","hPa","34.2","pmil","0","52.118","deg","21.808","°C","226.700","µmol/L","21.407","deg","20.891","°C","1012.000","hPa","0.861","-0.02056","0.00035","-0.00011","0","14.7","Humid","27.30","0","43.40","195598.48","SABD0002000012","AAV2.0.0.13","1.1.2.0","PSt7-10","000000-000","6/10/2026 14:47:13","0000-00","0","no battery","V"
"07/09/2026","04:13:11","3","default","198787511","O3","914.505","min","177.288","µmol/L","Humid","21.396","deg","134644","µV","22.591","°C","1009.000","hPa","34.2","pmil","0","52.118","deg","21.808","°C","226.700","µmol/L","21.407","deg","20.891","°C","1012.000","hPa","0.861","-0.02056","0.00035","-0.00011","0","14.7","Humid","27.30","0","43.40","195588.67","SABD0002000012","AAV2.0.0.13","1.1.2.0","PSt7-10","000000-000","6/10/2026 14:47:13","0000-00","0","no battery","V"
"07/09/2026","04:13:41","3","default","198787511","O3","915.005","min","177.241","µmol/L","Humid","21.397","deg","134653","µV","22.597","°C","1009.000","hPa","34.2","pmil","0","52.118","deg","21.808","°C","226.700","µmol/L","21.407","deg","20.891","°C","1012.000","hPa","0.861","-0.02056","0.00035","-0.00011","0","14.7","Humid","27.30","0","43.40","195586.30","SABD0002000012","AAV2.0.0.13","1.1.2.0","PSt7-10","000000-000","6/10/2026 14:47:13","0000-00","0","no battery","V"
"07/09/2026","04:14:11","3","default","198787511","O3","915.505","min","177.113","µmol/L","Humid","21.403","deg","134665","µV","22.604","°C","1009.000","hPa","34.2","pmil","0","52.118","deg","21.808","°C","226.700","µmol/L","21.407","deg","20.891","°C","1012.000","hPa","0.861","-0.02056","0.00035","-0.00011","0","14.7","Humid","27.30","0","43.40","195581.24","SABD0002000012","AAV2.0.0.13","1.1.2.0","PSt7-10","000000-000","6/10/2026 14:47:13","0000-00","0","no battery","V"
"07/09/2026","04:14:41","3","default","198787511","O3","916.004","min","177.109","µmol/L","Humid","21.407","deg","134689","µV","22.591","°C","1009.000","hPa","34.2","pmil","0","52.118","deg","21.808","°C","226.700","µmol/L","21.407","deg","20.891","°C","1012.000","hPa","0.861","-0.02056","0.00035","-0.00011","0","14.7","Humid","27.30","0","43.40","195589.06","SABD0002000012","AAV2.0.0.13","1.1.2.0","PSt7-10","000000-000","6/10/2026 14:47:13","0000-00","0","no battery","V"
"07/09/2026","04:15:11","3","default","198787511","O3","916.505","min","177.125","µmol/L","Humid","21.406","deg","134697","µV","22.591","°C","1009.000","hPa","34.2","pmil","0","52.118","deg","21.808","°C","226.700","µmol/L","21.407","deg","20.891","°C","1012.000","hPa","0.861","-0.02056","0.00035","-0.00011","0","14.7","Humid","27.30","0","43.40","195584.70","SABD0002000012","AAV2.0.0.13","1.1.2.0","PSt7-10","000000-000","6/10/2026 14:47:13","0000-00","0","no battery","V"
"07/09/2026","04:15:41","3","default","198787511","O3","917.005","min","177.062","µmol/L","Humid","21.408","deg","134718","µV","22.597","°C","1009.000","hPa","34.2","pmil","0","52.118","deg","21.808","°C","226.700","µmol/L","21.407","deg","20.891","°C","1012.000","hPa","0.861","-0.02056","0.00035","-0.00011","0","14.7","Humid","27.30","0","43.40","195581.25","SABD0002000012","AAV2.0.0.13","1.1.2.0","PSt7-10","000000-000","6/10/2026 14:47:13","0000-00","0","no battery","V"
"07/09/2026","04:16:11","3","default","198787511","O3","917.505","min","176.902","µmol/L","Humid","21.416","deg","134727","µV","22.604","°C","1009.000","hPa","34.2","pmil","0","52.118","deg","21.808","°C","226.700","µmol/L","21.407","deg","20.891","°C","1012.000","hPa","0.861","-0.02056","0.00035","-0.00011","0","14.7","Humid","27.30","0","43.40","195586.78","SABD0002000012","AAV2.0.0.13","1.1.2.0","PSt7-10","000000-000","6/10/2026 14:47:13","0000-00","0","no battery","V"
"07/09/2026","04:16:41","3","default","198787511","O3","918.005","min","177.044","µmol/L","Humid","21.411","deg","134725","µV","22.591","°C","1009.000","hPa","34.2","pmil","0","52.118","deg","21.808","°C","226.700","µmol/L","21.407","deg","20.891","°C","1012.000","hPa","0.861","-0.02056","0.00035","-0.00011","0","14.7","Humid","27.30","0","43.40","195580.54","SABD0002000012","AAV2.0.0.13","1.1.2.0","PSt7-10","000000-000","6/10/2026 14:47:13","0000-00","0","no battery","V"
"07/09/2026","04:17:11","3","default","198787511","O3","918.504","min","176.947","µmol/L","Humid","21.417","deg","134748","µV","22.591","°C","1009.000","hPa","34.2","pmil","0","52.118","deg","21.808","°C","226.700","µmol/L","21.407","deg","20.891","°C","1012.000","hPa","0.861","-0.02056","0.00035","-0.00011","0","14.7","Humid","27.30","0","43.40","195596.45","SABD0002000012","AAV2.0.0.13","1.1.2.0","PSt7-10","000000-000","6/10/2026 14:47:13","0000-00","0","no battery","V"
"07/09/2026","04:17:41","3","default","198787511","O3","919.004","min","176.996","µmol/L","Humid","21.414","deg","134765","µV","22.591","°C","1009.000","hPa","34.2","pmil","0","52.118","deg","21.808","°C","226.700","µmol/L","21.407","deg","20.891","°C","1012.000","hPa","0.861","-0.02056","0.00035","-0.00011","0","14.7","Humid","27.30","0","43.40","195592.40","SABD0002000012","AAV2.0.0.13","1.1.2.0","PSt7-10","000000-000","6/10/2026 14:47:13","0000-00","0","no battery","V"
"07/09/2026","04:18:11","3","default","198787511","O3","919.505","min","176.852","µmol/L","Humid","21.421","deg","134758","µV","22.597","°C","1009.000","hPa","34.2","pmil","0","52.118","deg","21.808","°C","226.700","µmol/L","21.407","deg","20.891","°C","1012.000","hPa","0.861","-0.02056","0.00035","-0.00011","0","14.7","Humid","27.30","0","43.40","195605.38","SABD0002000012","AAV2.0.0.13","1.1.2.0","PSt7-10","000000-000","6/10/2026 14:47:13","0000-00","0","no battery","V"
"07/09/2026","04:18:41","3","default","198787511","O3","920.004","min","176.965","µmol/L","Humid","21.414","deg","134767","µV","22.597","°C","1009.000","hPa","34.2","pmil","0","52.118","deg","21.808","°C","226.700","µmol/L","21.407","deg","20.891","°C","1012.000","hPa","0.861","-0.02056","0.00035","-0.00011","0","14.7","Humid","27.30","0","43.40","195599.88","SABD0002000012","AAV2.0.0.13","1.1.2.0","PSt7-10","000000-000","6/10/2026 14:47:13","0000-00","0","no battery","V"
"07/09/2026","04:19:11","3","default","198787511","O3","920.505","min","176.821","µmol/L","Humid","21.421","deg","134779","µV","22.604","°C","1009.000","hPa","34.2","pmil","0","52.118","deg","21.808","°C","226.700","µmol/L","21.407","deg","20.891","°C","1012.000","hPa","0.861","-0.02056","0.00035","-0.00011","0","14.7","Humid","27.30","0","43.40","195595.56","SABD0002000012","AAV2.0.0.13","1.1.2.0","PSt7-10","000000-000","6/10/2026 14:47:13","0000-00","0","no battery","V"
"07/09/2026","04:19:41","3","default","198787511","O3","921.005","min","176.835","µmol/L","Humid","21.422","deg","134773","µV","22.597","°C","1009.000","hPa","34.2","pmil","0","52.118","deg","21.808","°C","226.700","µmol/L","21.407","deg","20.891","°C","1012.000","hPa","0.861","-0.02056","0.00035","-0.00011","0","14.7","Humid","27.30","0","43.40","195593.88","SABD0002000012","AAV2.0.0.13","1.1.2.0","PSt7-10","000000-000","6/10/2026 14:47:13","0000-00","0","no battery","V"
"07/09/2026","04:20:11","3","default","198787511","O3","921.505","min","176.868","µmol/L","Humid","21.420","deg","134782","µV","22.597","°C","1009.000","hPa","34.2","pmil","0","52.118","deg","21.808","°C","226.700","µmol/L","21.407","deg","20.891","°C","1012.000","hPa","0.861","-0.02056","0.00035","-0.00011","0","14.7","Humid","27.30","0","43.40","195584.71","SABD0002000012","AAV2.0.0.13","1.1.2.0","PSt7-10","000000-000","6/10/2026 14:47:13","0000-00","0","no battery","V"
"07/09/2026","04:20:41","3","default","198787511","O3","922.004","min","176.837","µmol/L","Humid","21.420","deg","134796","µV","22.604","°C","1009.000","hPa","34.2","pmil","0","52.118","deg","21.808","°C","226.700","µmol/L","21.407","deg","20.891","°C","1012.000","hPa","0.861","-0.02056","0.00035","-0.00011","0","14.7","Humid","27.30","0","43.40","195600.26","SABD0002000012","AAV2.0.0.13","1.1.2.0","PSt7-10","000000-000","6/10/2026 14:47:13","0000-00","0","no battery","V"
"07/09/2026","04:21:11","3","default","198787511","O3","922.505","min","176.772","µmol/L","Humid","21.424","deg","134800","µV","22.604","°C","1009.000","hPa","34.2","pmil","0","52.118","deg","21.808","°C","226.700","µmol/L","21.407","deg","20.891","°C","1012.000","hPa","0.861","-0.02056","0.00035","-0.00011","0","14.7","Humid","27.30","0","43.40","195597.99","SABD0002000012","AAV2.0.0.13","1.1.2.0","PSt7-10","000000-000","6/10/2026 14:47:13","0000-00","0","no battery","V"
"07/09/2026","04:21:41","3","default","198787511","O3","923.004","min","176.724","µmol/L","Humid","21.427","deg","134806","µV","22.604","°C","1009.000","hPa","34.2","pmil","0","52.118","deg","21.808","°C","226.700","µmol/L","21.407","deg","20.891","°C","1012.000","hPa","0.861","-0.02056","0.00035","-0.00011","0","14.7","Humid","27.30","0","43.40","195599.91","SABD0002000012","AAV2.0.0.13","1.1.2.0","PSt7-10","000000-000","6/10/2026 14:47:13","0000-00","0","no battery","V"
"07/09/2026","04:22:11","3","default","198787511","O3","923.505","min","176.772","µmol/L","Humid","21.424","deg","134807","µV","22.604","°C","1009.000","hPa","34.2","pmil","0","52.118","deg","21.808","°C","226.700","µmol/L","21.407","deg","20.891","°C","1012.000","hPa","0.861","-0.02056","0.00035","-0.00011","0","14.7","Humid","27.30","0","43.40","195600.29","SABD0002000012","AAV2.0.0.13","1.1.2.0","PSt7-10","000000-000","6/10/2026 14:47:13","0000-00","0","no battery","V"
"07/09/2026","04:22:41","3","default","198787511","O3","924.005","min","176.772","µmol/L","Humid","21.424","deg","134813","µV","22.604","°C","1009.000","hPa","34.2","pmil","0","52.118","deg","21.808","°C","226.700","µmol/L","21.407","deg","20.891","°C","1012.000","hPa","0.861","-0.02056","0.00035","-0.00011","0","14.7","Humid","27.30","0","43.40","195598.49","SABD0002000012","AAV2.0.0.13","1.1.2.0","PSt7-10","000000-000","6/10/2026 14:47:13","0000-00","0","no battery","V"
"07/09/2026","04:23:11","3","default","198787511","O3","924.505","min","176.708","µmol/L","Humid","21.428","deg","134812","µV","22.604","°C","1009.000","hPa","34.2","pmil","0","52.118","deg","21.808","°C","226.700","µmol/L","21.407","deg","20.891","°C","1012.000","hPa","0.861","-0.02056","0.00035","-0.00011","0","14.7","Humid","27.30","0","43.40","195596.07","SABD0002000012","AAV2.0.0.13","1.1.2.0","PSt7-10","000000-000","6/10/2026 14:47:13","0000-00","0","no battery","V"
"07/09/2026","04:23:41","3","default","198787511","O3","925.005","min","176.756","µmol/L","Humid","21.425","deg","134817","µV","22.604","°C","1009.000","hPa","34.2","pmil","0","52.118","deg","21.808","°C","226.700","µmol/L","21.407","deg","20.891","°C","1012.000","hPa","0.861","-0.02056","0.00035","-0.00011","0","14.7","Humid","27.30","0","43.40","195600.19","SABD0002000012","AAV2.0.0.13","1.1.2.0","PSt7-10","000000-000","6/10/2026 14:47:13","0000-00","0","no battery","V"
"07/09/2026","04:24:11","3","default","198787511","O3","925.505","min","176.771","µmol/L","Humid","21.426","deg","134826","µV","22.597","°C","1009.000","hPa","34.2","pmil","0","52.118","deg","21.808","°C","226.700","µmol/L","21.407","deg","20.891","°C","1012.000","hPa","0.861","-0.02056","0.00035","-0.00011","0","14.7","Humid","27.30","0","43.40","195606.28","SABD0002000012","AAV2.0.0.13","1.1.2.0","PSt7-10","000000-000","6/10/2026 14:47:13","0000-00","0","no battery","V"
"07/09/2026","04:24:41","3","default","198787511","O3","926.004","min","176.663","µmol/L","Humid","21.427","deg","134806","µV","22.616","°C","1009.000","hPa","34.2","pmil","0","52.118","deg","21.808","°C","226.700","µmol/L","21.407","deg","20.891","°C","1012.000","hPa","0.861","-0.02056","0.00035","-0.00011","0","14.7","Humid","27.30","0","43.40","195596.77","SABD0002000012","AAV2.0.0.13","1.1.2.0","PSt7-10","000000-000","6/10/2026 14:47:13","0000-00","0","no battery","V"
"07/09/2026","04:25:11","3","default","198787511","O3","926.505","min","176.754","µmol/L","Humid","21.427","deg","134811","µV","22.597","°C","1009.000","hPa","34.2","pmil","0","52.118","deg","21.808","°C","226.700","µmol/L","21.407","deg","20.891","°C","1012.000","hPa","0.861","-0.02056","0.00035","-0.00011","0","14.7","Humid","27.30","0","43.40","195607.11","SABD0002000012","AAV2.0.0.13","1.1.2.0","PSt7-10","000000-000","6/10/2026 14:47:13","0000-00","0","no battery","V"
"07/09/2026","04:25:41","3","default","198787511","O3","927.004","min","176.740","µmol/L","Humid","21.426","deg","134816","µV","22.604","°C","1009.000","hPa","34.2","pmil","0","52.118","deg","21.808","°C","226.700","µmol/L","21.407","deg","20.891","°C","1012.000","hPa","0.861","-0.02056","0.00035","-0.00011","0","14.7","Humid","27.30","0","43.40","195594.96","SABD0002000012","AAV2.0.0.13","1.1.2.0","PSt7-10","000000-000","6/10/2026 14:47:13","0000-00","0","no battery","V"
"07/09/2026","04:26:11","3","default","198787511","O3","927.504","min","176.693","µmol/L","Humid","21.427","deg","134815","µV","22.610","°C","1009.000","hPa","34.2","pmil","0","52.118","deg","21.808","°C","226.700","µmol/L","21.407","deg","20.891","°C","1012.000","hPa","0.861","-0.02056","0.00035","-0.00011","0","14.7","Humid","27.30","0","43.40","195596.32","SABD0002000012","AAV2.0.0.13","1.1.2.0","PSt7-10","000000-000","6/10/2026 14:47:13","0000-00","0","no battery","V"
"07/09/2026","04:26:41","3","default","198787511","O3","928.005","min","176.740","µmol/L","Humid","21.426","deg","134820","µV","22.604","°C","1009.000","hPa","34.2","pmil","0","52.118","deg","21.808","°C","226.700","µmol/L","21.407","deg","20.891","°C","1012.000","hPa","0.861","-0.02056","0.00035","-0.00011","0","14.7","Humid","27.30","0","43.40","195608.02","SABD0002000012","AAV2.0.0.13","1.1.2.0","PSt7-10","000000-000","6/10/2026 14:47:13","0000-00","0","no battery","V"
"07/09/2026","04:27:11","3","default","198787511","O3","928.505","min","176.756","µmol/L","Humid","21.425","deg","134820","µV","22.604","°C","1009.000","hPa","34.2","pmil","0","52.118","deg","21.808","°C","226.700","µmol/L","21.407","deg","20.891","°C","1012.000","hPa","0.861","-0.02056","0.00035","-0.00011","0","14.7","Humid","27.30","0","43.40","195608.98","SABD0002000012","AAV2.0.0.13","1.1.2.0","PSt7-10","000000-000","6/10/2026 14:47:13","0000-00","0","no battery","V"
"07/09/2026","04:27:41","3","default","198787511","O3","929.004","min","176.708","µmol/L","Humid","21.428","deg","134826","µV","22.604","°C","1009.000","hPa","34.2","pmil","0","52.118","deg","21.808","°C","226.700","µmol/L","21.407","deg","20.891","°C","1012.000","hPa","0.861","-0.02056","0.00035","-0.00011","0","14.7","Humid","27.30","0","43.40","195609.61","SABD0002000012","AAV2.0.0.13","1.1.2.0","PSt7-10","000000-000","6/10/2026 14:47:13","0000-00","0","no battery","V"
"07/09/2026","04:28:11","3","default","198787511","O3","929.507","min","176.742","µmol/L","Humid","21.424","deg","134842","µV","22.610","°C","1009.000","hPa","34.2","pmil","0","52.118","deg","21.808","°C","226.700","µmol/L","21.407","deg","20.891","°C","1012.000","hPa","0.861","-0.02056","0.00035","-0.00011","0","14.7","Humid","27.30","0","43.40","195606.44","SABD0002000012","AAV2.0.0.13","1.1.2.0","PSt7-10","000000-000","6/10/2026 14:47:13","0000-00","0","no battery","V"
"07/09/2026","04:28:41","3","default","198787511","O3","930.004","min","176.742","µmol/L","Humid","21.424","deg","134831","µV","22.610","°C","1009.000","hPa","34.2","pmil","0","52.118","deg","21.808","°C","226.700","µmol/L","21.407","deg","20.891","°C","1012.000","hPa","0.861","-0.02056","0.00035","-0.00011","0","14.7","Humid","27.30","0","43.40","195608.11","SABD0002000012","AAV2.0.0.13","1.1.2.0","PSt7-10","000000-000","6/10/2026 14:47:13","0000-00","0","no battery","V"
"07/09/2026","04:29:11","3","default","198787511","O3","930.505","min","176.726","µmol/L","Humid","21.425","deg","134830","µV","22.610","°C","1009.000","hPa","34.2","pmil","0","52.118","deg","21.808","°C","226.700","µmol/L","21.407","deg","20.891","°C","1012.000","hPa","0.861","-0.02056","0.00035","-0.00011","0","14.7","Humid","27.30","0","43.40","195613.77","SABD0002000012","AAV2.0.0.13","1.1.2.0","PSt7-10","000000-000","6/10/2026 14:47:13","0000-00","0","no battery","V"
"07/09/2026","04:29:41","3","default","198787511","O3","931.004","min","176.708","µmol/L","Humid","21.428","deg","134837","µV","22.604","°C","1009.000","hPa","34.2","pmil","0","52.118","deg","21.808","°C","226.700","µmol/L","21.407","deg","20.891","°C","1012.000","hPa","0.861","-0.02056","0.00035","-0.00011","0","14.7","Humid","27.30","0","43.40","195612.27","SABD0002000012","AAV2.0.0.13","1.1.2.0","PSt7-10","000000-000","6/10/2026 14:47:13","0000-00","0","no battery","V"
"07/09/2026","04:30:11","3","default","198787511","O3","931.505","min","176.693","µmol/L","Humid","21.427","deg","134847","µV","22.610","°C","1009.000","hPa","34.2","pmil","0","52.118","deg","21.808","°C","226.700","µmol/L","21.407","deg","20.891","°C","1012.000","hPa","0.861","-0.02056","0.00035","-0.00011","0","14.7","Humid","27.30","0","43.40","195619.08","SABD0002000012","AAV2.0.0.13","1.1.2.0","PSt7-10","000000-000","6/10/2026 14:47:13","0000-00","0","no battery","V"
"07/09/2026","04:30:41","3","default","198787511","O3","932.004","min","176.726","µmol/L","Humid","21.425","deg","134839","µV","22.610","°C","1009.000","hPa","34.2","pmil","0","52.118","deg","21.808","°C","226.700","µmol/L","21.407","deg","20.891","°C","1012.000","hPa","0.861","-0.02056","0.00035","-0.00011","0","14.7","Humid","27.30","0","43.40","195613.73","SABD0002000012","AAV2.0.0.13","1.1.2.0","PSt7-10","000000-000","6/10/2026 14:47:13","0000-00","0","no battery","V"
"07/09/2026","04:31:11","3","default","198787511","O3","932.505","min","176.693","µmol/L","Humid","21.427","deg","134847","µV","22.610","°C","1009.000","hPa","34.2","pmil","0","52.118","deg","21.808","°C","226.700","µmol/L","21.407","deg","20.891","°C","1012.000","hPa","0.861","-0.02056","0.00035","-0.00011","0","14.7","Humid","27.30","0","43.40","195611.83","SABD0002000012","AAV2.0.0.13","1.1.2.0","PSt7-10","000000-000","6/10/2026 14:47:13","0000-00","0","no battery","V"
"07/09/2026","04:31:41","3","default","198787511","O3","933.004","min","176.675","µmol/L","Humid","21.430","deg","134847","µV","22.604","°C","1009.000","hPa","34.2","pmil","0","52.118","deg","21.808","°C","226.700","µmol/L","21.407","deg","20.891","°C","1012.000","hPa","0.861","-0.02056","0.00035","-0.00011","0","14.7","Humid","27.30","0","43.40","195614.34","SABD0002000012","AAV2.0.0.13","1.1.2.0","PSt7-10","000000-000","6/10/2026 14:47:13","0000-00","0","no battery","V"
"07/09/2026","04:32:11","3","default","198787511","O3","933.504","min","176.709","µmol/L","Humid","21.426","deg","134834","µV","22.610","°C","1009.000","hPa","34.2","pmil","0","52.118","deg","21.808","°C","226.700","µmol/L","21.407","deg","20.891","°C","1012.000","hPa","0.861","-0.02056","0.00035","-0.00011","0","14.7","Humid","27.30","0","43.40","195614.84","SABD0002000012","AAV2.0.0.13","1.1.2.0","PSt7-10","000000-000","6/10/2026 14:47:13","0000-00","0","no battery","V"
"07/09/2026","04:32:41","3","default","198787511","O3","934.005","min","176.709","µmol/L","Humid","21.426","deg","134831","µV","22.610","°C","1009.000","hPa","34.2","pmil","0","52.118","deg","21.808","°C","226.700","µmol/L","21.407","deg","20.891","°C","1012.000","hPa","0.861","-0.02056","0.00035","-0.00011","0","14.7","Humid","27.30","0","43.40","195622.69","SABD0002000012","AAV2.0.0.13","1.1.2.0","PSt7-10","000000-000","6/10/2026 14:47:13","0000-00","0","no battery","V"
"07/09/2026","04:33:11","3","default","198787511","O3","934.505","min","176.744","µmol/L","Humid","21.422","deg","134831","µV","22.616","°C","1009.000","hPa","34.2","pmil","0","52.118","deg","21.808","°C","226.700","µmol/L","21.407","deg","20.891","°C","1012.000","hPa","0.861","-0.02056","0.00035","-0.00011","0","14.7","Humid","27.30","0","43.40","195619.06","SABD0002000012","AAV2.0.0.13","1.1.2.0","PSt7-10","000000-000","6/10/2026 14:47:13","0000-00","0","no battery","V"
"07/09/2026","04:33:41","3","default","198787511","O3","935.004","min","176.728","µmol/L","Humid","21.423","deg","134832","µV","22.616","°C","1009.000","hPa","34.2","pmil","0","52.118","deg","21.808","°C","226.700","µmol/L","21.407","deg","20.891","°C","1012.000","hPa","0.861","-0.02056","0.00035","-0.00011","0","14.7","Humid","27.30","0","43.40","195623.11","SABD0002000012","AAV2.0.0.13","1.1.2.0","PSt7-10","000000-000","6/10/2026 14:47:13","0000-00","0","no battery","V"
"07/09/2026","04:34:11","3","default","198787511","O3","935.505","min","176.695","µmol/L","Humid","21.425","deg","134820","µV","22.616","°C","1009.000","hPa","34.2","pmil","0","52.118","deg","21.808","°C","226.700","µmol/L","21.407","deg","20.891","°C","1012.000","hPa","0.861","-0.02056","0.00035","-0.00011","0","14.7","Humid","27.30","0","43.40","195622.64","SABD0002000012","AAV2.0.0.13","1.1.2.0","PSt7-10","000000-000","6/10/2026 14:47:13","0000-00","0","no battery","V"
"07/09/2026","04:34:41","3","default","198787511","O3","936.004","min","176.760","µmol/L","Humid","21.421","deg","134826","µV","22.616","°C","1009.000","hPa","34.2","pmil","0","52.118","deg","21.808","°C","226.700","µmol/L","21.407","deg","20.891","°C","1012.000","hPa","0.861","-0.02056","0.00035","-0.00011","0","14.7","Humid","27.30","0","43.40","195617.34","SABD0002000012","AAV2.0.0.13","1.1.2.0","PSt7-10","000000-000","6/10/2026 14:47:13","0000-00","0","no battery","V"
"07/09/2026","04:35:11","3","default","198787511","O3","936.505","min","176.697","µmol/L","Humid","21.423","deg","134819","µV","22.622","°C","1009.000","hPa","34.2","pmil","0","52.118","deg","21.808","°C","226.700","µmol/L","21.407","deg","20.891","°C","1012.000","hPa","0.861","-0.02056","0.00035","-0.00011","0","14.7","Humid","27.30","0","43.40","195610.83","SABD0002000012","AAV2.0.0.13","1.1.2.0","PSt7-10","000000-000","6/10/2026 14:47:13","0000-00","0","no battery","V"
"07/09/2026","04:35:41","3","default","198787511","O3","937.005","min","176.695","µmol/L","Humid","21.425","deg","134816","µV","22.616","°C","1009.000","hPa","34.2","pmil","0","52.118","deg","21.808","°C","226.700","µmol/L","21.407","deg","20.891","°C","1012.000","hPa","0.861","-0.02056","0.00035","-0.00011","0","14.7","Humid","27.30","0","43.40","195606.49","SABD0002000012","AAV2.0.0.13","1.1.2.0","PSt7-10","000000-000","6/10/2026 14:47:13","0000-00","0","no battery","V"
"07/09/2026","04:36:11","3","default","198787511","O3","937.504","min","176.760","µmol/L","Humid","21.421","deg","134813","µV","22.616","°C","1009.000","hPa","34.2","pmil","0","52.118","deg","21.808","°C","226.700","µmol/L","21.407","deg","20.891","°C","1012.000","hPa","0.861","-0.02056","0.00035","-0.00011","0","14.7","Humid","27.30","0","43.40","195607.42","SABD0002000012","AAV2.0.0.13","1.1.2.0","PSt7-10","000000-000","6/10/2026 14:47:13","0000-00","0","no battery","V"
"07/09/2026","04:36:41","3","default","198787511","O3","938.004","min","176.726","µmol/L","Humid","21.425","deg","134805","µV","22.610","°C","1009.000","hPa","34.2","pmil","0","52.118","deg","21.808","°C","226.700","µmol/L","21.407","deg","20.891","°C","1012.000","hPa","0.861","-0.02056","0.00035","-0.00011","0","14.7","Humid","27.30","0","43.40","195606.23","SABD0002000012","AAV2.0.0.13","1.1.2.0","PSt7-10","000000-000","6/10/2026 14:47:13","0000-00","0","no battery","V"
"07/09/2026","04:37:11","3","default","198787511","O3","938.505","min","176.713","µmol/L","Humid","21.422","deg","134801","µV","22.622","°C","1009.000","hPa","34.2","pmil","0","52.118","deg","21.808","°C","226.700","µmol/L","21.407","deg","20.891","°C","1012.000","hPa","0.861","-0.02056","0.00035","-0.00011","0","14.7","Humid","27.30","0","43.40","195593.02","SABD0002000012","AAV2.0.0.13","1.1.2.0","PSt7-10","000000-000","6/10/2026 14:47:13","0000-00","0","no battery","V"
"07/09/2026","04:37:41","3","default","198787511","O3","939.005","min","176.728","µmol/L","Humid","21.423","deg","134806","µV","22.616","°C","1009.000","hPa","34.2","pmil","0","52.118","deg","21.808","°C","226.700","µmol/L","21.407","deg","20.891","°C","1012.000","hPa","0.861","-0.02056","0.00035","-0.00011","0","14.7","Humid","27.30","0","43.40","195598.48","SABD0002000012","AAV2.0.0.13","1.1.2.0","PSt7-10","000000-000","6/10/2026 14:47:13","0000-00","0","no battery","V"
"07/09/2026","04:38:11","3","default","198787511","O3","939.504","min","176.695","µmol/L","Humid","21.425","deg","134807","µV","22.616","°C","1009.000","hPa","34.2","pmil","0","52.118","deg","21.808","°C","226.700","µmol/L","21.407","deg","20.891","°C","1012.000","hPa","0.861","-0.02056","0.00035","-0.00011","0","14.7","Humid","27.30","0","43.40","195601.01","SABD0002000012","AAV2.0.0.13","1.1.2.0","PSt7-10","000000-000","6/10/2026 14:47:13","0000-00","0","no battery","V"
"07/09/2026","04:38:41","3","default","198787511","O3","940.005","min","176.728","µmol/L","Humid","21.423","deg","134791","µV","22.616","°C","1009.000","hPa","34.2","pmil","0","52.118","deg","21.808","°C","226.700","µmol/L","21.407","deg","20.891","°C","1012.000","hPa","0.861","-0.02056","0.00035","-0.00011","0","14.7","Humid","27.30","0","43.40","195601.36","SABD0002000012","AAV2.0.0.13","1.1.2.0","PSt7-10","000000-000","6/10/2026 14:47:13","0000-00","0","no battery","V"
"07/09/2026","04:39:11","3","default","198787511","O3","940.505","min","176.713","µmol/L","Humid","21.422","deg","134780","µV","22.622","°C","1009.000","hPa","34.2","pmil","0","52.118","deg","21.808","°C","226.700","µmol/L","21.407","deg","20.891","°C","1012.000","hPa","0.861","-0.02056","0.00035","-0.00011","0","14.7","Humid","27.30","0","43.40","195593.39","SABD0002000012","AAV2.0.0.13","1.1.2.0","PSt7-10","000000-000","6/10/2026 14:47:13","0000-00","0","no battery","V"
"07/09/2026","04:39:41","3","default","198787511","O3","941.004","min","176.697","µmol/L","Humid","21.423","deg","134783","µV","22.622","°C","1009.000","hPa","34.2","pmil","0","52.118","deg","21.808","°C","226.700","µmol/L","21.407","deg","20.891","°C","1012.000","hPa","0.861","-0.02056","0.00035","-0.00011","0","14.7","Humid","27.30","0","43.40","195590.46","SABD0002000012","AAV2.0.0.13","1.1.2.0","PSt7-10","000000-000","6/10/2026 14:47:13","0000-00","0","no battery","V"
"07/09/2026","04:40:11","3","default","198787511","O3","941.505","min","176.764","µmol/L","Humid","21.417","deg","134788","µV","22.628","°C","1009.000","hPa","34.2","pmil","0","52.118","deg","21.808","°C","226.700","µmol/L","21.407","deg","20.891","°C","1012.000","hPa","0.861","-0.02056","0.00035","-0.00011","0","14.7","Humid","27.30","0","43.40","195588.41","SABD0002000012","AAV2.0.0.13","1.1.2.0","PSt7-10","000000-000","6/10/2026 14:47:13","0000-00","0","no battery","V"
"07/09/2026","04:40:41","3","default","198787511","O3","942.005","min","176.715","µmol/L","Humid","21.420","deg","134773","µV","22.628","°C","1009.000","hPa","34.2","pmil","0","52.118","deg","21.808","°C","226.700","µmol/L","21.407","deg","20.891","°C","1012.000","hPa","0.861","-0.02056","0.00035","-0.00011","0","14.7","Humid","27.30","0","43.40","195585.74","SABD0002000012","AAV2.0.0.13","1.1.2.0","PSt7-10","000000-000","6/10/2026 14:47:13","0000-00","0","no battery","V"
"07/09/2026","04:41:11","3","default","198787511","O3","942.504","min","176.731","µmol/L","Humid","21.419","deg","134763","µV","22.628","°C","1009.000","hPa","34.2","pmil","0","52.118","deg","21.808","°C","226.700","µmol/L","21.407","deg","20.891","°C","1012.000","hPa","0.861","-0.02056","0.00035","-0.00011","0","14.7","Humid","27.30","0","43.40","195596.72","SABD0002000012","AAV2.0.0.13","1.1.2.0","PSt7-10","000000-000","6/10/2026 14:47:13","0000-00","0","no battery","V"
"07/09/2026","04:41:41","3","default","198787511","O3","943.004","min","176.652","µmol/L","Humid","21.422","deg","134767","µV","22.634","°C","1009.000","hPa","34.2","pmil","0","52.118","deg","21.808","°C","226.700","µmol/L","21.407","deg","20.891","°C","1012.000","hPa","0.861","-0.02056","0.00035","-0.00011","0","14.7","Humid","27.30","0","43.40","195597.74","SABD0002000012","AAV2.0.0.13","1.1.2.0","PSt7-10","000000-000","6/10/2026 14:47:13","0000-00","0","no battery","V"
"07/09/2026","04:42:11","3","default","198787511","O3","943.505","min","176.747","µmol/L","Humid","21.418","deg","134763","µV","22.628","°C","1009.000","hPa","34.2","pmil","0","52.118","deg","21.808","°C","226.700","µmol/L","21.407","deg","20.891","°C","1012.000","hPa","0.861","-0.02056","0.00035","-0.00011","0","14.7","Humid","27.30","0","43.40","195596.52","SABD0002000012","AAV2.0.0.13","1.1.2.0","PSt7-10","000000-000","6/10/2026 14:47:13","0000-00","0","no battery","V"
"07/09/2026","04:42:41","3","default","198787511","O3","944.005","min","176.794","µmol/L","Humid","21.417","deg","134751","µV","22.622","°C","1009.000","hPa","34.2","pmil","0","52.118","deg","21.808","°C","226.700","µmol/L","21.407","deg","20.891","°C","1012.000","hPa","0.861","-0.02056","0.00035","-0.00011","0","14.7","Humid","27.30","0","43.40","195598.66","SABD0002000012","AAV2.0.0.13","1.1.2.0","PSt7-10","000000-000","6/10/2026 14:47:13","0000-00","0","no battery","V"
"07/09/2026","04:43:11","3","default","198787511","O3","944.504","min","176.749","µmol/L","Humid","21.416","deg","134761","µV","22.634","°C","1009.000","hPa","34.2","pmil","0","52.118","deg","21.808","°C","226.700","µmol/L","21.407","deg","20.891","°C","1012.000","hPa","0.861","-0.02056","0.00035","-0.00011","0","14.7","Humid","27.30","0","43.40","195599.87","SABD0002000012","AAV2.0.0.13","1.1.2.0","PSt7-10","000000-000","6/10/2026 14:47:13","0000-00","0","no battery","V"
"07/09/2026","04:43:41","3","default","198787511","O3","945.005","min","176.812","µmol/L","Humid","21.414","deg","134761","µV","22.628","°C","1009.000","hPa","34.2","pmil","0","52.118","deg","21.808","°C","226.700","µmol/L","21.407","deg","20.891","°C","1012.000","hPa","0.861","-0.02056","0.00035","-0.00011","0","14.7","Humid","27.30","0","43.40","195601.25","SABD0002000012","AAV2.0.0.13","1.1.2.0","PSt7-10","000000-000","6/10/2026 14:47:13","0000-00","0","no battery","V"
"07/09/2026","04:44:11","3","default","198787511","O3","945.505","min","176.717","µmol/L","Humid","21.418","deg","134756","µV","22.634","°C","1009.000","hPa","34.2","pmil","0","52.118","deg","21.808","°C","226.700","µmol/L","21.407","deg","20.891","°C","1012.000","hPa","0.861","-0.02056","0.00035","-0.00011","0","14.7","Humid","27.30","0","43.40","195592.74","SABD0002000012","AAV2.0.0.13","1.1.2.0","PSt7-10","000000-000","6/10/2026 14:47:13","0000-00","0","no battery","V"
"07/09/2026","04:44:41","3","default","198787511","O3","946.005","min","176.733","µmol/L","Humid","21.417","deg","134755","µV","22.634","°C","1009.000","hPa","34.2","pmil","0","52.118","deg","21.808","°C","226.700","µmol/L","21.407","deg","20.891","°C","1012.000","hPa","0.861","-0.02056","0.00035","-0.00011","0","14.7","Humid","27.30","0","43.40","195592.15","SABD0002000012","AAV2.0.0.13","1.1.2.0","PSt7-10","000000-000","6/10/2026 14:47:13","0000-00","0","no battery","V"
"07/09/2026","04:45:11","3","default","198787511","O3","946.505","min","176.812","µmol/L","Humid","21.414","deg","134748","µV","22.628","°C","1009.000","hPa","34.2","pmil","0","52.118","deg","21.808","°C","226.700","µmol/L","21.407","deg","20.891","°C","1012.000","hPa","0.861","-0.02056","0.00035","-0.00011","0","14.7","Humid","27.30","0","43.40","195595.63","SABD0002000012","AAV2.0.0.13","1.1.2.0","PSt7-10","000000-000","6/10/2026 14:47:13","0000-00","0","no battery","V"
"07/09/2026","04:45:41","3","default","198787511","O3","947.005","min","176.812","µmol/L","Humid","21.414","deg","134746","µV","22.628","°C","1009.000","hPa","34.2","pmil","0","52.118","deg","21.808","°C","226.700","µmol/L","21.407","deg","20.891","°C","1012.000","hPa","0.861","-0.02056","0.00035","-0.00011","0","14.7","Humid","27.30","0","43.40","195592.35","SABD0002000012","AAV2.0.0.13","1.1.2.0","PSt7-10","000000-000","6/10/2026 14:47:13","0000-00","0","no battery","V"
"07/09/2026","04:46:11","3","default","198787511","O3","947.504","min","176.703","µmol/L","Humid","21.417","deg","134753","µV","22.640","°C","1009.000","hPa","34.2","pmil","0","52.118","deg","21.808","°C","226.700","µmol/L","21.407","deg","20.891","°C","1012.000","hPa","0.861","-0.02056","0.00035","-0.00011","0","14.7","Humid","27.30","0","43.40","195581.61","SABD0002000012","AAV2.0.0.13","1.1.2.0","PSt7-10","000000-000","6/10/2026 14:47:13","0000-00","0","no battery","V"
"07/09/2026","04:46:41","3","default","198787511","O3","948.005","min","176.814","µmol/L","Humid","21.412","deg","134737","µV","22.634","°C","1009.000","hPa","34.2","pmil","0","52.118","deg","21.808","°C","226.700","µmol/L","21.407","deg","20.891","°C","1012.000","hPa","0.861","-0.02056","0.00035","-0.00011","0","14.7","Humid","27.30","0","43.40","195591.30","SABD0002000012","AAV2.0.0.13","1.1.2.0","PSt7-10","000000-000","6/10/2026 14:47:13","0000-00","0","no battery","V"
"07/09/2026","04:47:11","3","default","198787511","O3","948.505","min","176.735","µmol/L","Humid","21.415","deg","134726","µV","22.640","°C","1009.000","hPa","34.2","pmil","0","52.118","deg","21.808","°C","226.700","µmol/L","21.407","deg","20.891","°C","1012.000","hPa","0.861","-0.02056","0.00035","-0.00011","0","14.7","Humid","27.30","0","43.40","195600.98","SABD0002000012","AAV2.0.0.13","1.1.2.0","PSt7-10","000000-000","6/10/2026 14:47:13","0000-00","0","no battery","V"
"07/09/2026","04:47:41","3","default","198787511","O3","949.004","min","176.735","µmol/L","Humid","21.415","deg","134734","µV","22.640","°C","1009.000","hPa","34.2","pmil","0","52.118","deg","21.808","°C","226.700","µmol/L","21.407","deg","20.891","°C","1012.000","hPa","0.861","-0.02056","0.00035","-0.00011","0","14.7","Humid","27.30","0","43.40","195569.42","SABD0002000012","AAV2.0.0.13","1.1.2.0","PSt7-10","000000-000","6/10/2026 14:47:13","0000-00","0","no battery","V"
"07/09/2026","04:48:11","3","default","198787511","O3","949.505","min","176.672","µmol/L","Humid","21.417","deg","134734","µV","22.646","°C","1009.000","hPa","34.2","pmil","0","52.118","deg","21.808","°C","226.700","µmol/L","21.407","deg","20.891","°C","1012.000","hPa","0.861","-0.02056","0.00035","-0.00011","0","14.7","Humid","27.30","0","43.40","195581.48","SABD0002000012","AAV2.0.0.13","1.1.2.0","PSt7-10","000000-000","6/10/2026 14:47:13","0000-00","0","no battery","V"
"07/09/2026","04:48:41","3","default","198787511","O3","950.004","min","176.703","µmol/L","Humid","21.417","deg","134741","µV","22.640","°C","1009.000","hPa","34.2","pmil","0","52.118","deg","21.808","°C","226.700","µmol/L","21.407","deg","20.891","°C","1012.000","hPa","0.861","-0.02056","0.00035","-0.00011","0","14.7","Humid","27.30","0","43.40","195586.32","SABD0002000012","AAV2.0.0.13","1.1.2.0","PSt7-10","000000-000","6/10/2026 14:47:13","0000-00","0","no battery","V"
"07/09/2026","04:49:11","3","default","198787511","O3","950.505","min","176.784","µmol/L","Humid","21.412","deg","134725","µV","22.640","°C","1009.000","hPa","34.2","pmil","0","52.118","deg","21.808","°C","226.700","µmol/L","21.407","deg","20.891","°C","1012.000","hPa","0.861","-0.02056","0.00035","-0.00011","0","14.7","Humid","27.30","0","43.40","195574.97","SABD0002000012","AAV2.0.0.13","1.1.2.0","PSt7-10","000000-000","6/10/2026 14:47:13","0000-00","0","no battery","V"
"07/09/2026","04:49:41","3","default","198787511","O3","951.005","min","176.765","µmol/L","Humid","21.415","deg","134733","µV","22.634","°C","1009.000","hPa","34.2","pmil","0","52.118","deg","21.808","°C","226.700","µmol/L","21.407","deg","20.891","°C","1012.000","hPa","0.861","-0.02056","0.00035","-0.00011","0","14.7","Humid","27.30","0","43.40","195582.27","SABD0002000012","AAV2.0.0.13","1.1.2.0","PSt7-10","000000-000","6/10/2026 14:47:13","0000-00","0","no battery","V"
"07/09/2026","04:50:11","3","default","198787511","O3","951.504","min","176.735","µmol/L","Humid","21.415","deg","134732","µV","22.640","°C","1009.000","hPa","34.2","pmil","0","52.118","deg","21.808","°C","226.700","µmol/L","21.407","deg","20.891","°C","1012.000","hPa","0.861","-0.02056","0.00035","-0.00011","0","14.7","Humid","27.30","0","43.40","195576.86","SABD0002000012","AAV2.0.0.13","1.1.2.0","PSt7-10","000000-000","6/10/2026 14:47:13","0000-00","0","no battery","V"
"07/09/2026","04:50:41","3","default","198787511","O3","952.004","min","176.686","µmol/L","Humid","21.418","deg","134742","µV","22.640","°C","1009.000","hPa","34.2","pmil","0","52.118","deg","21.808","°C","226.700","µmol/L","21.407","deg","20.891","°C","1012.000","hPa","0.861","-0.02056","0.00035","-0.00011","0","14.7","Humid","27.30","0","43.40","195594.49","SABD0002000012","AAV2.0.0.13","1.1.2.0","PSt7-10","000000-000","6/10/2026 14:47:13","0000-00","0","no battery","V"
"07/09/2026","04:51:11","3","default","198787511","O3","952.505","min","176.735","µmol/L","Humid","21.415","deg","134734","µV","22.640","°C","1009.000","hPa","34.2","pmil","0","52.118","deg","21.808","°C","226.700","µmol/L","21.407","deg","20.891","°C","1012.000","hPa","0.861","-0.02056","0.00035","-0.00011","0","14.7","Humid","27.30","0","43.40","195584.59","SABD0002000012","AAV2.0.0.13","1.1.2.0","PSt7-10","000000-000","6/10/2026 14:47:13","0000-00","0","no battery","V"
"07/09/2026","04:51:41","3","default","198787511","O3","953.005","min","176.686","µmol/L","Humid","21.418","deg","134731","µV","22.640","°C","1009.000","hPa","34.2","pmil","0","52.118","deg","21.808","°C","226.700","µmol/L","21.407","deg","20.891","°C","1012.000","hPa","0.861","-0.02056","0.00035","-0.00011","0","14.7","Humid","27.30","0","43.40","195579.24","SABD0002000012","AAV2.0.0.13","1.1.2.0","PSt7-10","000000-000","6/10/2026 14:47:13","0000-00","0","no battery","V"
"07/09/2026","04:52:11","3","default","198787511","O3","953.504","min","176.784","µmol/L","Humid","21.412","deg","134726","µV","22.640","°C","1009.000","hPa","34.2","pmil","0","52.118","deg","21.808","°C","226.700","µmol/L","21.407","deg","20.891","°C","1012.000","hPa","0.861","-0.02056","0.00035","-0.00011","0","14.7","Humid","27.30","0","43.40","195581.80","SABD0002000012","AAV2.0.0.13","1.1.2.0","PSt7-10","000000-000","6/10/2026 14:47:13","0000-00","0","no battery","V"
"07/09/2026","04:52:41","3","default","198787511","O3","954.005","min","176.765","µmol/L","Humid","21.415","deg","134725","µV","22.634","°C","1009.000","hPa","34.2","pmil","0","52.118","deg","21.808","°C","226.700","µmol/L","21.407","deg","20.891","°C","1012.000","hPa","0.861","-0.02056","0.00035","-0.00011","0","14.7","Humid","27.30","0","43.40","195565.38","SABD0002000012","AAV2.0.0.13","1.1.2.0","PSt7-10","000000-000","6/10/2026 14:47:13","0000-00","0","no battery","V"
"07/09/2026","04:53:11","3","default","198787511","O3","954.504","min","176.737","µmol/L","Humid","21.413","deg","134719","µV","22.646","°C","1009.000","hPa","34.2","pmil","0","52.118","deg","21.808","°C","226.700","µmol/L","21.407","deg","20.891","°C","1012.000","hPa","0.861","-0.02056","0.00035","-0.00011","0","14.7","Humid","27.30","0","43.40","195580.67","SABD0002000012","AAV2.0.0.13","1.1.2.0","PSt7-10","000000-000","6/10/2026 14:47:13","0000-00","0","no battery","V"
"07/09/2026","04:53:41","3","default","198787511","O3","955.005","min","176.704","µmol/L","Humid","21.415","deg","134720","µV","22.646","°C","1009.000","hPa","34.2","pmil","0","52.118","deg","21.808","°C","226.700","µmol/L","21.407","deg","20.891","°C","1012.000","hPa","0.861","-0.02056","0.00035","-0.00011","0","14.7","Humid","27.30","0","43.40","195574.20","SABD0002000012","AAV2.0.0.13","1.1.2.0","PSt7-10","000000-000","6/10/2026 14:47:13","0000-00","0","no battery","V"
"07/09/2026","04:54:11","3","default","198787511","O3","955.504","min","176.672","µmol/L","Humid","21.417","deg","134716","µV","22.646","°C","1009.000","hPa","34.2","pmil","0","52.118","deg","21.808","°C","226.700","µmol/L","21.407","deg","20.891","°C","1012.000","hPa","0.861","-0.02056","0.00035","-0.00011","0","14.7","Humid","27.30","0","43.40","195574.78","SABD0002000012","AAV2.0.0.13","1.1.2.0","PSt7-10","000000-000","6/10/2026 14:47:13","0000-00","0","no battery","V"
"07/09/2026","04:54:41","3","default","198787511","O3","956.005","min","176.767","µmol/L","Humid","21.413","deg","134720","µV","22.640","°C","1009.000","hPa","34.2","pmil","0","52.118","deg","21.808","°C","226.700","µmol/L","21.407","deg","20.891","°C","1012.000","hPa","0.861","-0.02056","0.00035","-0.00011","0","14.7","Humid","27.30","0","43.40","195581.33","SABD0002000012","AAV2.0.0.13","1.1.2.0","PSt7-10","000000-000","6/10/2026 14:47:13","0000-00","0","no battery","V"
"07/09/2026","04:55:11","3","default","198787511","O3","956.504","min","176.686","µmol/L","Humid","21.418","deg","134705","µV","22.640","°C","1009.000","hPa","34.2","pmil","0","52.118","deg","21.808","°C","226.700","µmol/L","21.407","deg","20.891","°C","1012.000","hPa","0.861","-0.02056","0.00035","-0.00011","0","14.7","Humid","27.30","0","43.40","195566.93","SABD0002000012","AAV2.0.0.13","1.1.2.0","PSt7-10","000000-000","6/10/2026 14:47:13","0000-00","0","no battery","V"
"07/09/2026","04:55:41","3","default","198787511","O3","957.005","min","176.672","µmol/L","Humid","21.417","deg","134710","µV","22.646","°C","1009.000","hPa","34.2","pmil","0","52.118","deg","21.808","°C","226.700","µmol/L","21.407","deg","20.891","°C","1012.000","hPa","0.861","-0.02056","0.00035","-0.00011","0","14.7","Humid","27.30","0","43.40","195574.06","SABD0002000012","AAV2.0.0.13","1.1.2.0","PSt7-10","000000-000","6/10/2026 14:47:13","0000-00","0","no battery","V"
"07/09/2026","04:56:11","3","default","198787511","O3","957.505","min","176.623","µmol/L","Humid","21.420","deg","134705","µV","22.646","°C","1009.000","hPa","34.2","pmil","0","52.118","deg","21.808","°C","226.700","µmol/L","21.407","deg","20.891","°C","1012.000","hPa","0.861","-0.02056","0.00035","-0.00011","0","14.7","Humid","27.30","0","43.40","195574.96","SABD0002000012","AAV2.0.0.13","1.1.2.0","PSt7-10","000000-000","6/10/2026 14:47:13","0000-00","0","no battery","V"
"07/09/2026","04:56:41","3","default","198787511","O3","958.004","min","176.719","µmol/L","Humid","21.416","deg","134710","µV","22.640","°C","1009.000","hPa","34.2","pmil","0","52.118","deg","21.808","°C","226.700","µmol/L","21.407","deg","20.891","°C","1012.000","hPa","0.861","-0.02056","0.00035","-0.00011","0","14.7","Humid","27.30","0","43.40","195577.75","SABD0002000012","AAV2.0.0.13","1.1.2.0","PSt7-10","000000-000","6/10/2026 14:47:13","0000-00","0","no battery","V"
"07/09/2026","04:57:11","3","default","198787511","O3","958.505","min","176.719","µmol/L","Humid","21.416","deg","134706","µV","22.640","°C","1009.000","hPa","34.2","pmil","0","52.118","deg","21.808","°C","226.700","µmol/L","21.407","deg","20.891","°C","1012.000","hPa","0.861","-0.02056","0.00035","-0.00011","0","14.7","Humid","27.30","0","43.40","195576.77","SABD0002000012","AAV2.0.0.13","1.1.2.0","PSt7-10","000000-000","6/10/2026 14:47:13","0000-00","0","no battery","V"
"07/09/2026","04:57:41","3","default","198787511","O3","959.004","min","176.703","µmol/L","Humid","21.417","deg","134710","µV","22.640","°C","1009.000","hPa","34.2","pmil","0","52.118","deg","21.808","°C","226.700","µmol/L","21.407","deg","20.891","°C","1012.000","hPa","0.861","-0.02056","0.00035","-0.00011","0","14.7","Humid","27.30","0","43.40","195562.19","SABD0002000012","AAV2.0.0.13","1.1.2.0","PSt7-10","000000-000","6/10/2026 14:47:13","0000-00","0","no battery","V"
"07/09/2026","04:58:11","3","default","198787511","O3","959.505","min","176.688","µmol/L","Humid","21.416","deg","134705","µV","22.646","°C","1009.000","hPa","34.2","pmil","0","52.118","deg","21.808","°C","226.700","µmol/L","21.407","deg","20.891","°C","1012.000","hPa","0.861","-0.02056","0.00035","-0.00011","0","14.7","Humid","27.30","0","43.40","195577.76","SABD0002000012","AAV2.0.0.13","1.1.2.0","PSt7-10","000000-000","6/10/2026 14:47:13","0000-00","0","no battery","V"
"07/09/2026","04:58:41","3","default","198787511","O3","960.005","min","176.704","µmol/L","Humid","21.415","deg","134709","µV","22.646","°C","1009.000","hPa","34.2","pmil","0","52.118","deg","21.808","°C","226.700","µmol/L","21.407","deg","20.891","°C","1012.000","hPa","0.861","-0.02056","0.00035","-0.00011","0","14.7","Humid","27.30","0","43.40","195579.57","SABD0002000012","AAV2.0.0.13","1.1.2.0","PSt7-10","000000-000","6/10/2026 14:47:13","0000-00","0","no battery","V"
"07/09/2026","04:59:11","3","default","198787511","O3","960.505","min","176.721","µmol/L","Humid","21.414","deg","134726","µV","22.646","°C","1009.000","hPa","34.2","pmil","0","52.118","deg","21.808","°C","226.700","µmol/L","21.407","deg","20.891","°C","1012.000","hPa","0.861","-0.02056","0.00035","-0.00011","0","14.7","Humid","27.30","0","43.40","195575.39","SABD0002000012","AAV2.0.0.13","1.1.2.0","PSt7-10","000000-000","6/10/2026 14:47:13","0000-00","0","no battery","V"
"07/09/2026","04:59:41","3","default","198787511","O3","961.005","min","176.699","µmol/L","Humid","21.421","deg","134733","µV","22.628","°C","1009.000","hPa","34.2","pmil","0","52.118","deg","21.808","°C","226.700","µmol/L","21.407","deg","20.891","°C","1012.000","hPa","0.861","-0.02056","0.00035","-0.00011","0","14.7","Humid","27.30","0","43.40","195580.04","SABD0002000012","AAV2.0.0.13","1.1.2.0","PSt7-10","000000-000","6/10/2026 14:47:13","0000-00","0","no battery","V"
"07/09/2026","05:00:11","3","default","198787511","O3","961.505","min","176.728","µmol/L","Humid","21.423","deg","134740","µV","22.616","°C","1009.000","hPa","34.2","pmil","0","52.118","deg","21.808","°C","226.700","µmol/L","21.407","deg","20.891","°C","1012.000","hPa","0.861","-0.02056","0.00035","-0.00011","0","14.7","Humid","27.30","0","43.40","195582.62","SABD0002000012","AAV2.0.0.13","1.1.2.0","PSt7-10","000000-000","6/10/2026 14:47:13","0000-00","0","no battery","V"
"07/09/2026","05:00:41","3","default","198787511","O3","962.005","min","176.695","µmol/L","Humid","21.425","deg","134750","µV","22.616","°C","1009.000","hPa","34.2","pmil","0","52.118","deg","21.808","°C","226.700","µmol/L","21.407","deg","20.891","°C","1012.000","hPa","0.861","-0.02056","0.00035","-0.00011","0","14.7","Humid","27.30","0","43.40","195581.80","SABD0002000012","AAV2.0.0.13","1.1.2.0","PSt7-10","000000-000","6/10/2026 14:47:13","0000-00","0","no battery","V"
"07/09/2026","05:01:11","3","default","198787511","O3","962.504","min","176.760","µmol/L","Humid","21.421","deg","134764","µV","22.616","°C","1009.000","hPa","34.2","pmil","0","52.118","deg","21.808","°C","226.700","µmol/L","21.407","deg","20.891","°C","1012.000","hPa","0.861","-0.02056","0.00035","-0.00011","0","14.7","Humid","27.30","0","43.40","195577.62","SABD0002000012","AAV2.0.0.13","1.1.2.0","PSt7-10","000000-000","6/10/2026 14:47:13","0000-00","0","no battery","V"
"07/09/2026","05:01:41","3","default","198787511","O3","963.005","min","176.632","µmol/L","Humid","21.427","deg","134764","µV","22.622","°C","1009.000","hPa","34.2","pmil","0","52.118","deg","21.808","°C","226.700","µmol/L","21.407","deg","20.891","°C","1012.000","hPa","0.861","-0.02056","0.00035","-0.00011","0","14.7","Humid","27.30","0","43.40","195598.42","SABD0002000012","AAV2.0.0.13","1.1.2.0","PSt7-10","000000-000","6/10/2026 14:47:13","0000-00","0","no battery","V"
"07/09/2026","05:02:11","3","default","198787511","O3","963.504","min","176.648","µmol/L","Humid","21.426","deg","134767","µV","22.622","°C","1009.000","hPa","34.2","pmil","0","52.118","deg","21.808","°C","226.700","µmol/L","21.407","deg","20.891","°C","1012.000","hPa","0.861","-0.02056","0.00035","-0.00011","0","14.7","Humid","27.30","0","43.40","195595.64","SABD0002000012","AAV2.0.0.13","1.1.2.0","PSt7-10","000000-000","6/10/2026 14:47:13","0000-00","0","no battery","V"
"07/09/2026","05:02:41","3","default","198787511","O3","964.005","min","176.760","µmol/L","Humid","21.421","deg","134762","µV","22.616","°C","1009.000","hPa","34.2","pmil","0","52.118","deg","21.808","°C","226.700","µmol/L","21.407","deg","20.891","°C","1012.000","hPa","0.861","-0.02056","0.00035","-0.00011","0","14.7","Humid","27.30","0","43.40","195593.84","SABD0002000012","AAV2.0.0.13","1.1.2.0","PSt7-10","000000-000","6/10/2026 14:47:13","0000-00","0","no battery","V"
"07/09/2026","05:03:11","3","default","198787511","O3","964.504","min","176.774","µmol/L","Humid","21.422","deg","134774","µV","22.610","°C","1009.000","hPa","34.2","pmil","0","52.118","deg","21.808","°C","226.700","µmol/L","21.407","deg","20.891","°C","1012.000","hPa","0.861","-0.02056","0.00035","-0.00011","0","14.7","Humid","27.30","0","43.40","195596.04","SABD0002000012","AAV2.0.0.13","1.1.2.0","PSt7-10","000000-000","6/10/2026 14:47:13","0000-00","0","no battery","V"
"07/09/2026","05:03:41","3","default","198787511","O3","965.005","min","176.665","µmol/L","Humid","21.425","deg","134768","µV","22.622","°C","1009.000","hPa","34.2","pmil","0","52.118","deg","21.808","°C","226.700","µmol/L","21.407","deg","20.891","°C","1012.000","hPa","0.861","-0.02056","0.00035","-0.00011","0","14.7","Humid","27.30","0","43.40","195594.68","SABD0002000012","AAV2.0.0.13","1.1.2.0","PSt7-10","000000-000","6/10/2026 14:47:13","0000-00","0","no battery","V"
"07/09/2026","05:04:11","3","default","198787511","O3","965.504","min","176.695","µmol/L","Humid","21.425","deg","134769","µV","22.616","°C","1009.000","hPa","34.2","pmil","0","52.118","deg","21.808","°C","226.700","µmol/L","21.407","deg","20.891","°C","1012.000","hPa","0.861","-0.02056","0.00035","-0.00011","0","14.7","Humid","27.30","0","43.40","195600.31","SABD0002000012","AAV2.0.0.13","1.1.2.0","PSt7-10","000000-000","6/10/2026 14:47:13","0000-00","0","no battery","V"
"07/09/2026","05:04:41","3","default","198787511","O3","966.005","min","176.681","µmol/L","Humid","21.424","deg","134781","µV","22.622","°C","1009.000","hPa","34.2","pmil","0","52.118","deg","21.808","°C","226.700","µmol/L","21.407","deg","20.891","°C","1012.000","hPa","0.861","-0.02056","0.00035","-0.00011","0","14.7","Humid","27.30","0","43.40","195600.18","SABD0002000012","AAV2.0.0.13","1.1.2.0","PSt7-10","000000-000","6/10/2026 14:47:13","0000-00","0","no battery","V"
"07/09/2026","05:05:11","3","default","198787511","O3","966.504","min","176.711","µmol/L","Humid","21.424","deg","134782","µV","22.616","°C","1009.000","hPa","34.2","pmil","0","52.118","deg","21.808","°C","226.700","µmol/L","21.407","deg","20.891","°C","1012.000","hPa","0.861","-0.02056","0.00035","-0.00011","0","14.7","Humid","27.30","0","43.40","195591.38","SABD0002000012","AAV2.0.0.13","1.1.2.0","PSt7-10","000000-000","6/10/2026 14:47:13","0000-00","0","no battery","V"
"07/09/2026","05:05:41","3","default","198787511","O3","967.005","min","176.679","µmol/L","Humid","21.426","deg","134770","µV","22.616","°C","1009.000","hPa","34.2","pmil","0","52.118","deg","21.808","°C","226.700","µmol/L","21.407","deg","20.891","°C","1012.000","hPa","0.861","-0.02056","0.00035","-0.00011","0","14.7","Humid","27.30","0","43.40","195602.22","SABD0002000012","AAV2.0.0.13","1.1.2.0","PSt7-10","000000-000","6/10/2026 14:47:13","0000-00","0","no battery","V"
"07/09/2026","05:06:11","3","default","198787511","O3","967.504","min","176.697","µmol/L","Humid","21.423","deg","134770","µV","22.622","°C","1009.000","hPa","34.2","pmil","0","52.118","deg","21.808","°C","226.700","µmol/L","21.407","deg","20.891","°C","1012.000","hPa","0.861","-0.02056","0.00035","-0.00011","0","14.7","Humid","27.30","0","43.40","195598.99","SABD0002000012","AAV2.0.0.13","1.1.2.0","PSt7-10","000000-000","6/10/2026 14:47:13","0000-00","0","no battery","V"
"07/09/2026","05:06:41","3","default","198787511","O3","968.004","min","176.711","µmol/L","Humid","21.424","deg","134777","µV","22.616","°C","1009.000","hPa","34.2","pmil","0","52.118","deg","21.808","°C","226.700","µmol/L","21.407","deg","20.891","°C","1012.000","hPa","0.861","-0.02056","0.00035","-0.00011","0","14.7","Humid","27.30","0","43.40","195599.46","SABD0002000012","AAV2.0.0.13","1.1.2.0","PSt7-10","000000-000","6/10/2026 14:47:13","0000-00","0","no battery","V"
"07/09/2026","05:07:11","3","default","198787511","O3","968.505","min","176.728","µmol/L","Humid","21.423","deg","134794","µV","22.616","°C","1009.000","hPa","34.2","pmil","0","52.118","deg","21.808","°C","226.700","µmol/L","21.407","deg","20.891","°C","1012.000","hPa","0.861","-0.02056","0.00035","-0.00011","0","14.7","Humid","27.30","0","43.40","195614.71","SABD0002000012","AAV2.0.0.13","1.1.2.0","PSt7-10","000000-000","6/10/2026 14:47:13","0000-00","0","no battery","V"
"07/09/2026","05:07:41","3","default","198787511","O3","969.004","min","176.699","µmol/L","Humid","21.421","deg","134779","µV","22.628","°C","1009.000","hPa","34.2","pmil","0","52.118","deg","21.808","°C","226.700","µmol/L","21.407","deg","20.891","°C","1012.000","hPa","0.861","-0.02056","0.00035","-0.00011","0","14.7","Humid","27.30","0","43.40","195605.73","SABD0002000012","AAV2.0.0.13","1.1.2.0","PSt7-10","000000-000","6/10/2026 14:47:13","0000-00","0","no battery","V"
"07/09/2026","05:08:11","3","default","198787511","O3","969.505","min","176.683","µmol/L","Humid","21.422","deg","134777","µV","22.628","°C","1009.000","hPa","34.2","pmil","0","52.118","deg","21.808","°C","226.700","µmol/L","21.407","deg","20.891","°C","1012.000","hPa","0.861","-0.02056","0.00035","-0.00011","0","14.7","Humid","27.30","0","43.40","195598.81","SABD0002000012","AAV2.0.0.13","1.1.2.0","PSt7-10","000000-000","6/10/2026 14:47:13","0000-00","0","no battery","V"
"07/09/2026","05:08:41","3","default","198787511","O3","970.004","min","176.762","µmol/L","Humid","21.419","deg","134776","µV","22.622","°C","1009.000","hPa","34.2","pmil","0","52.118","deg","21.808","°C","226.700","µmol/L","21.407","deg","20.891","°C","1012.000","hPa","0.861","-0.02056","0.00035","-0.00011","0","14.7","Humid","27.30","0","43.40","195606.43","SABD0002000012","AAV2.0.0.13","1.1.2.0","PSt7-10","000000-000","6/10/2026 14:47:13","0000-00","0","no battery","V"
"07/09/2026","05:09:11","3","default","198787511","O3","970.504","min","176.744","µmol/L","Humid","21.422","deg","134771","µV","22.616","°C","1009.000","hPa","34.2","pmil","0","52.118","deg","21.808","°C","226.700","µmol/L","21.407","deg","20.891","°C","1012.000","hPa","0.861","-0.02056","0.00035","-0.00011","0","14.7","Humid","27.30","0","43.40","195605.98","SABD0002000012","AAV2.0.0.13","1.1.2.0","PSt7-10","000000-000","6/10/2026 14:47:13","0000-00","0","no battery","V"
"07/09/2026","05:09:41","3","default","198787511","O3","971.005","min","176.778","µmol/L","Humid","21.418","deg","134779","µV","22.622","°C","1009.000","hPa","34.2","pmil","0","52.118","deg","21.808","°C","226.700","µmol/L","21.407","deg","20.891","°C","1012.000","hPa","0.861","-0.02056","0.00035","-0.00011","0","14.7","Humid","27.30","0","43.40","195611.67","SABD0002000012","AAV2.0.0.13","1.1.2.0","PSt7-10","000000-000","6/10/2026 14:47:13","0000-00","0","no battery","V"
"07/09/2026","05:10:11","3","default","198787511","O3","971.505","min","176.713","µmol/L","Humid","21.422","deg","134775","µV","22.622","°C","1009.000","hPa","34.2","pmil","0","52.118","deg","21.808","°C","226.700","µmol/L","21.407","deg","20.891","°C","1012.000","hPa","0.861","-0.02056","0.00035","-0.00011","0","14.7","Humid","27.30","0","43.40","195619.21","SABD0002000012","AAV2.0.0.13","1.1.2.0","PSt7-10","000000-000","6/10/2026 14:47:13","0000-00","0","no battery","V"
"07/09/2026","05:10:41","3","default","198787511","O3","972.004","min","176.746","µmol/L","Humid","21.420","deg","134772","µV","22.622","°C","1009.000","hPa","34.2","pmil","0","52.118","deg","21.808","°C","226.700","µmol/L","21.407","deg","20.891","°C","1012.000","hPa","0.861","-0.02056","0.00035","-0.00011","0","14.7","Humid","27.30","0","43.40","195610.80","SABD0002000012","AAV2.0.0.13","1.1.2.0","PSt7-10","000000-000","6/10/2026 14:47:13","0000-00","0","no battery","V"
"07/09/2026","05:11:11","3","default","198787511","O3","972.504","min","176.825","µmol/L","Humid","21.417","deg","134766","µV","22.616","°C","1009.000","hPa","34.2","pmil","0","52.118","deg","21.808","°C","226.700","µmol/L","21.407","deg","20.891","°C","1012.000","hPa","0.861","-0.02056","0.00035","-0.00011","0","14.7","Humid","27.30","0","43.40","195603.48","SABD0002000012","AAV2.0.0.13","1.1.2.0","PSt7-10","000000-000","6/10/2026 14:47:13","0000-00","0","no battery","V"
"07/09/2026","05:11:41","3","default","198787511","O3","973.004","min","176.792","µmol/L","Humid","21.419","deg","134762","µV","22.616","°C","1009.000","hPa","34.2","pmil","0","52.118","deg","21.808","°C","226.700","µmol/L","21.407","deg","20.891","°C","1012.000","hPa","0.861","-0.02056","0.00035","-0.00011","0","14.7","Humid","27.30","0","43.40","195605.10","SABD0002000012","AAV2.0.0.13","1.1.2.0","PSt7-10","000000-000","6/10/2026 14:47:13","0000-00","0","no battery","V"
"07/09/2026","05:12:11","3","default","198787511","O3","973.504","min","176.728","µmol/L","Humid","21.423","deg","134770","µV","22.616","°C","1009.000","hPa","34.2","pmil","0","52.118","deg","21.808","°C","226.700","µmol/L","21.407","deg","20.891","°C","1012.000","hPa","0.861","-0.02056","0.00035","-0.00011","0","14.7","Humid","27.30","0","43.40","195599.58","SABD0002000012","AAV2.0.0.13","1.1.2.0","PSt7-10","000000-000","6/10/2026 14:47:13","0000-00","0","no battery","V"
"07/09/2026","05:12:41","3","default","198787511","O3","974.005","min","176.776","µmol/L","Humid","21.420","deg","134775","µV","22.616","°C","1009.000","hPa","34.2","pmil","0","52.118","deg","21.808","°C","226.700","µmol/L","21.407","deg","20.891","°C","1012.000","hPa","0.861","-0.02056","0.00035","-0.00011","0","14.7","Humid","27.30","0","43.40","195610.46","SABD0002000012","AAV2.0.0.13","1.1.2.0","PSt7-10","000000-000","6/10/2026 14:47:13","0000-00","0","no battery","V"
"07/09/2026","05:13:11","3","default","198787511","O3","974.505","min","176.762","µmol/L","Humid","21.419","deg","134769","µV","22.622","°C","1009.000","hPa","34.2","pmil","0","52.118","deg","21.808","°C","226.700","µmol/L","21.407","deg","20.891","°C","1012.000","hPa","0.861","-0.02056","0.00035","-0.00011","0","14.7","Humid","27.30","0","43.40","195614.41","SABD0002000012","AAV2.0.0.13","1.1.2.0","PSt7-10","000000-000","6/10/2026 14:47:13","0000-00","0","no battery","V"
"07/09/2026","05:13:41","3","default","198787511","O3","975.005","min","176.746","µmol/L","Humid","21.420","deg","134775","µV","22.622","°C","1009.000","hPa","34.2","pmil","0","52.118","deg","21.808","°C","226.700","µmol/L","21.407","deg","20.891","°C","1012.000","hPa","0.861","-0.02056","0.00035","-0.00011","0","14.7","Humid","27.30","0","43.40","195614.90","SABD0002000012","AAV2.0.0.13","1.1.2.0","PSt7-10","000000-000","6/10/2026 14:47:13","0000-00","0","no battery","V"
"07/09/2026","05:14:11","3","default","198787511","O3","975.504","min","176.792","µmol/L","Humid","21.419","deg","134769","µV","22.616","°C","1009.000","hPa","34.2","pmil","0","52.118","deg","21.808","°C","226.700","µmol/L","21.407","deg","20.891","°C","1012.000","hPa","0.861","-0.02056","0.00035","-0.00011","0","14.7","Humid","27.30","0","43.40","195614.22","SABD0002000012","AAV2.0.0.13","1.1.2.0","PSt7-10","000000-000","6/10/2026 14:47:13","0000-00","0","no battery","V"
"07/09/2026","05:14:41","3","default","198787511","O3","976.005","min","176.681","µmol/L","Humid","21.424","deg","134771","µV","22.622","°C","1009.000","hPa","34.2","pmil","0","52.118","deg","21.808","°C","226.700","µmol/L","21.407","deg","20.891","°C","1012.000","hPa","0.861","-0.02056","0.00035","-0.00011","0","14.7","Humid","27.30","0","43.40","195612.08","SABD0002000012","AAV2.0.0.13","1.1.2.0","PSt7-10","000000-000","6/10/2026 14:47:13","0000-00","0","no battery","V"
"07/09/2026","05:15:11","3","default","198787511","O3","976.504","min","176.715","µmol/L","Humid","21.420","deg","134772","µV","22.628","°C","1009.000","hPa","34.2","pmil","0","52.118","deg","21.808","°C","226.700","µmol/L","21.407","deg","20.891","°C","1012.000","hPa","0.861","-0.02056","0.00035","-0.00011","0","14.7","Humid","27.30","0","43.40","195615.10","SABD0002000012","AAV2.0.0.13","1.1.2.0","PSt7-10","000000-000","6/10/2026 14:47:13","0000-00","0","no battery","V"
"07/09/2026","05:15:41","3","default","198787511","O3","977.005","min","176.778","µmol/L","Humid","21.418","deg","134772","µV","22.622","°C","1009.000","hPa","34.2","pmil","0","52.118","deg","21.808","°C","226.700","µmol/L","21.407","deg","20.891","°C","1012.000","hPa","0.861","-0.02056","0.00035","-0.00011","0","14.7","Humid","27.30","0","43.40","195620.28","SABD0002000012","AAV2.0.0.13","1.1.2.0","PSt7-10","000000-000","6/10/2026 14:47:13","0000-00","0","no battery","V"
"07/09/2026","05:16:11","3","default","198787511","O3","977.505","min","176.713","µmol/L","Humid","21.422","deg","134763","µV","22.622","°C","1009.000","hPa","34.2","pmil","0","52.118","deg","21.808","°C","226.700","µmol/L","21.407","deg","20.891","°C","1012.000","hPa","0.861","-0.02056","0.00035","-0.00011","0","14.7","Humid","27.30","0","43.40","195615.06","SABD0002000012","AAV2.0.0.13","1.1.2.0","PSt7-10","000000-000","6/10/2026 14:47:13","0000-00","0","no battery","V"
"07/09/2026","05:16:41","3","default","198787511","O3","978.005","min","176.747","µmol/L","Humid","21.418","deg","134774","µV","22.628","°C","1009.000","hPa","34.2","pmil","0","52.118","deg","21.808","°C","226.700","µmol/L","21.407","deg","20.891","°C","1012.000","hPa","0.861","-0.02056","0.00035","-0.00011","0","14.7","Humid","27.30","0","43.40","195609.73","SABD0002000012","AAV2.0.0.13","1.1.2.0","PSt7-10","000000-000","6/10/2026 14:47:13","0000-00","0","no battery","V"
"07/09/2026","05:17:11","3","default","198787511","O3","978.504","min","176.697","µmol/L","Humid","21.423","deg","134761","µV","22.622","°C","1009.000","hPa","34.2","pmil","0","52.118","deg","21.808","°C","226.700","µmol/L","21.407","deg","20.891","°C","1012.000","hPa","0.861","-0.02056","0.00035","-0.00011","0","14.7","Humid","27.30","0","43.40","195607.29","SABD0002000012","AAV2.0.0.13","1.1.2.0","PSt7-10","000000-000","6/10/2026 14:47:13","0000-00","0","no battery","V"
"07/09/2026","05:17:41","3","default","198787511","O3","979.005","min","176.778","µmol/L","Humid","21.418","deg","134775","µV","22.622","°C","1009.000","hPa","34.2","pmil","0","52.118","deg","21.808","°C","226.700","µmol/L","21.407","deg","20.891","°C","1012.000","hPa","0.861","-0.02056","0.00035","-0.00011","0","14.7","Humid","27.30","0","43.40","195613.00","SABD0002000012","AAV2.0.0.13","1.1.2.0","PSt7-10","000000-000","6/10/2026 14:47:13","0000-00","0","no battery","V"
"07/09/2026","05:18:11","3","default","198787511","O3","979.504","min","176.778","µmol/L","Humid","21.418","deg","134756","µV","22.622","°C","1009.000","hPa","34.2","pmil","0","52.118","deg","21.808","°C","226.700","µmol/L","21.407","deg","20.891","°C","1012.000","hPa","0.861","-0.02056","0.00035","-0.00011","0","14.7","Humid","27.30","0","43.40","195611.20","SABD0002000012","AAV2.0.0.13","1.1.2.0","PSt7-10","000000-000","6/10/2026 14:47:13","0000-00","0","no battery","V"
"07/09/2026","05:18:41","3","default","198787511","O3","980.004","min","176.796","µmol/L","Humid","21.415","deg","134749","µV","22.628","°C","1009.000","hPa","34.2","pmil","0","52.118","deg","21.808","°C","226.700","µmol/L","21.407","deg","20.891","°C","1012.000","hPa","0.861","-0.02056","0.00035","-0.00011","0","14.7","Humid","27.30","0","43.40","195606.09","SABD0002000012","AAV2.0.0.13","1.1.2.0","PSt7-10","000000-000","6/10/2026 14:47:13","0000-00","0","no battery","V"
"07/09/2026","05:19:11","3","default","198787511","O3","980.505","min","176.794","µmol/L","Humid","21.417","deg","134753","µV","22.622","°C","1009.000","hPa","34.2","pmil","0","52.118","deg","21.808","°C","226.700","µmol/L","21.407","deg","20.891","°C","1012.000","hPa","0.861","-0.02056","0.00035","-0.00011","0","14.7","Humid","27.30","0","43.40","195604.46","SABD0002000012","AAV2.0.0.13","1.1.2.0","PSt7-10","000000-000","6/10/2026 14:47:13","0000-00","0","no battery","V"
"07/09/2026","05:19:41","3","default","198787511","O3","981.004","min","176.764","µmol/L","Humid","21.417","deg","134756","µV","22.628","°C","1009.000","hPa","34.2","pmil","0","52.118","deg","21.808","°C","226.700","µmol/L","21.407","deg","20.891","°C","1012.000","hPa","0.861","-0.02056","0.00035","-0.00011","0","14.7","Humid","27.30","0","43.40","195604.18","SABD0002000012","AAV2.0.0.13","1.1.2.0","PSt7-10","000000-000","6/10/2026 14:47:13","0000-00","0","no battery","V"
"07/09/2026","05:20:11","3","default","198787511","O3","981.505","min","176.762","µmol/L","Humid","21.419","deg","134751","µV","22.622","°C","1009.000","hPa","34.2","pmil","0","52.118","deg","21.808","°C","226.700","µmol/L","21.407","deg","20.891","°C","1012.000","hPa","0.861","-0.02056","0.00035","-0.00011","0","14.7","Humid","27.30","0","43.40","195616.11","SABD0002000012","AAV2.0.0.13","1.1.2.0","PSt7-10","000000-000","6/10/2026 14:47:13","0000-00","0","no battery","V"
"07/09/2026","05:20:41","3","default","198787511","O3","982.004","min","176.765","µmol/L","Humid","21.415","deg","134759","µV","22.634","°C","1009.000","hPa","34.2","pmil","0","52.118","deg","21.808","°C","226.700","µmol/L","21.407","deg","20.891","°C","1012.000","hPa","0.861","-0.02056","0.00035","-0.00011","0","14.7","Humid","27.30","0","43.40","195609.07","SABD0002000012","AAV2.0.0.13","1.1.2.0","PSt7-10","000000-000","6/10/2026 14:47:13","0000-00","0","no battery","V"
"07/09/2026","05:21:11","3","default","198787511","O3","982.504","min","176.764","µmol/L","Humid","21.417","deg","134749","µV","22.628","°C","1009.000","hPa","34.2","pmil","0","52.118","deg","21.808","°C","226.700","µmol/L","21.407","deg","20.891","°C","1012.000","hPa","0.861","-0.02056","0.00035","-0.00011","0","14.7","Humid","27.30","0","43.40","195612.77","SABD0002000012","AAV2.0.0.13","1.1.2.0","PSt7-10","000000-000","6/10/2026 14:47:13","0000-00","0","no battery","V"
"07/09/2026","05:21:41","3","default","198787511","O3","983.005","min","176.701","µmol/L","Humid","21.419","deg","134751","µV","22.634","°C","1009.000","hPa","34.2","pmil","0","52.118","deg","21.808","°C","226.700","µmol/L","21.407","deg","20.891","°C","1012.000","hPa","0.861","-0.02056","0.00035","-0.00011","0","14.7","Humid","27.30","0","43.40","195610.60","SABD0002000012","AAV2.0.0.13","1.1.2.0","PSt7-10","000000-000","6/10/2026 14:47:13","0000-00","0","no battery","V"
"07/09/2026","05:22:11","3","default","198787511","O3","983.504","min","176.810","µmol/L","Humid","21.416","deg","134746","µV","22.622","°C","1009.000","hPa","34.2","pmil","0","52.118","deg","21.808","°C","226.700","µmol/L","21.407","deg","20.891","°C","1012.000","hPa","0.861","-0.02056","0.00035","-0.00011","0","14.7","Humid","27.30","0","43.40","195608.08","SABD0002000012","AAV2.0.0.13","1.1.2.0","PSt7-10","000000-000","6/10/2026 14:47:13","0000-00","0","no battery","V"
"07/09/2026","05:22:41","3","default","198787511","O3","984.005","min","176.717","µmol/L","Humid","21.418","deg","134751","µV","22.634","°C","1009.000","hPa","34.2","pmil","0","52.118","deg","21.808","°C","226.700","µmol/L","21.407","deg","20.891","°C","1012.000","hPa","0.861","-0.02056","0.00035","-0.00011","0","14.7","Humid","27.30","0","43.40","195617.16","SABD0002000012","AAV2.0.0.13","1.1.2.0","PSt7-10","000000-000","6/10/2026 14:47:13","0000-00","0","no battery","V"
"07/09/2026","05:23:11","3","default","198787511","O3","984.505","min","176.812","µmol/L","Humid","21.414","deg","134753","µV","22.628","°C","1009.000","hPa","34.2","pmil","0","52.118","deg","21.808","°C","226.700","µmol/L","21.407","deg","20.891","°C","1012.000","hPa","0.861","-0.02056","0.00035","-0.00011","0","14.7","Humid","27.30","0","43.40","195600.27","SABD0002000012","AAV2.0.0.13","1.1.2.0","PSt7-10","000000-000","6/10/2026 14:47:13","0000-00","0","no battery","V"
"07/09/2026","05:23:41","3","default","198787511","O3","985.004","min","176.782","µmol/L","Humid","21.414","deg","134755","µV","22.634","°C","1009.000","hPa","34.2","pmil","0","52.118","deg","21.808","°C","226.700","µmol/L","21.407","deg","20.891","°C","1012.000","hPa","0.861","-0.02056","0.00035","-0.00011","0","14.7","Humid","27.30","0","43.40","195607.28","SABD0002000012","AAV2.0.0.13","1.1.2.0","PSt7-10","000000-000","6/10/2026 14:47:13","0000-00","0","no battery","V"
"07/09/2026","05:24:11","3","default","198787511","O3","985.504","min","176.717","µmol/L","Humid","21.418","deg","134742","µV","22.634","°C","1009.000","hPa","34.2","pmil","0","52.118","deg","21.808","°C","226.700","µmol/L","21.407","deg","20.891","°C","1012.000","hPa","0.861","-0.02056","0.00035","-0.00011","0","14.7","Humid","27.30","0","43.40","195606.06","SABD0002000012","AAV2.0.0.13","1.1.2.0","PSt7-10","000000-000","6/10/2026 14:47:13","0000-00","0","no battery","V"
"07/09/2026","05:24:41","3","default","198787511","O3","986.004","min","176.764","µmol/L","Humid","21.417","deg","134756","µV","22.628","°C","1009.000","hPa","34.2","pmil","0","52.118","deg","21.808","°C","226.700","µmol/L","21.407","deg","20.891","°C","1012.000","hPa","0.861","-0.02056","0.00035","-0.00011","0","14.7","Humid","27.30","0","43.40","195607.13","SABD0002000012","AAV2.0.0.13","1.1.2.0","PSt7-10","000000-000","6/10/2026 14:47:13","0000-00","0","no battery","V"
"07/09/2026","05:25:11","3","default","198787511","O3","986.505","min","176.731","µmol/L","Humid","21.419","deg","134759","µV","22.628","°C","1009.000","hPa","34.2","pmil","0","52.118","deg","21.808","°C","226.700","µmol/L","21.407","deg","20.891","°C","1012.000","hPa","0.861","-0.02056","0.00035","-0.00011","0","14.7","Humid","27.30","0","43.40","195618.44","SABD0002000012","AAV2.0.0.13","1.1.2.0","PSt7-10","000000-000","6/10/2026 14:47:13","0000-00","0","no battery","V"
"07/09/2026","05:25:41","3","default","198787511","O3","987.004","min","176.699","µmol/L","Humid","21.421","deg","134748","µV","22.628","°C","1009.000","hPa","34.2","pmil","0","52.118","deg","21.808","°C","226.700","µmol/L","21.407","deg","20.891","°C","1012.000","hPa","0.861","-0.02056","0.00035","-0.00011","0","14.7","Humid","27.30","0","43.40","195613.79","SABD0002000012","AAV2.0.0.13","1.1.2.0","PSt7-10","000000-000","6/10/2026 14:47:13","0000-00","0","no battery","V"
"07/09/2026","05:26:11","3","default","198787511","O3","987.504","min","176.764","µmol/L","Humid","21.417","deg","134751","µV","22.628","°C","1009.000","hPa","34.2","pmil","0","52.118","deg","21.808","°C","226.700","µmol/L","21.407","deg","20.891","°C","1012.000","hPa","0.861","-0.02056","0.00035","-0.00011","0","14.7","Humid","27.30","0","43.40","195620.79","SABD0002000012","AAV2.0.0.13","1.1.2.0","PSt7-10","000000-000","6/10/2026 14:47:13","0000-00","0","no battery","V"
"07/09/2026","05:26:41","3","default","198787511","O3","988.005","min","176.764","µmol/L","Humid","21.417","deg","134751","µV","22.628","°C","1009.000","hPa","34.2","pmil","0","52.118","deg","21.808","°C","226.700","µmol/L","21.407","deg","20.891","°C","1012.000","hPa","0.861","-0.02056","0.00035","-0.00011","0","14.7","Humid","27.30","0","43.40","195614.70","SABD0002000012","AAV2.0.0.13","1.1.2.0","PSt7-10","000000-000","6/10/2026 14:47:13","0000-00","0","no battery","V"
"07/09/2026","05:27:11","3","default","198787511","O3","988.504","min","176.782","µmol/L","Humid","21.414","deg","134751","µV","22.634","°C","1009.000","hPa","34.2","pmil","0","52.118","deg","21.808","°C","226.700","µmol/L","21.407","deg","20.891","°C","1012.000","hPa","0.861","-0.02056","0.00035","-0.00011","0","14.7","Humid","27.30","0","43.40","195619.31","SABD0002000012","AAV2.0.0.13","1.1.2.0","PSt7-10","000000-000","6/10/2026 14:47:13","0000-00","0","no battery","V"
"07/09/2026","05:27:41","3","default","198787511","O3","989.005","min","176.717","µmol/L","Humid","21.418","deg","134742","µV","22.634","°C","1009.000","hPa","34.2","pmil","0","52.118","deg","21.808","°C","226.700","µmol/L","21.407","deg","20.891","°C","1012.000","hPa","0.861","-0.02056","0.00035","-0.00011","0","14.7","Humid","27.30","0","43.40","195620.55","SABD0002000012","AAV2.0.0.13","1.1.2.0","PSt7-10","000000-000","6/10/2026 14:47:13","0000-00","0","no battery","V"
"07/09/2026","05:28:11","3","default","198787511","O3","989.505","min","176.765","µmol/L","Humid","21.415","deg","134744","µV","22.634","°C","1009.000","hPa","34.2","pmil","0","52.118","deg","21.808","°C","226.700","µmol/L","21.407","deg","20.891","°C","1012.000","hPa","0.861","-0.02056","0.00035","-0.00011","0","14.7","Humid","27.30","0","43.40","195613.27","SABD0002000012","AAV2.0.0.13","1.1.2.0","PSt7-10","000000-000","6/10/2026 14:47:13","0000-00","0","no battery","V"
"07/09/2026","05:28:41","3","default","198787511","O3","990.005","min","176.717","µmol/L","Humid","21.418","deg","134739","µV","22.634","°C","1009.000","hPa","34.2","pmil","0","52.118","deg","21.808","°C","226.700","µmol/L","21.407","deg","20.891","°C","1012.000","hPa","0.861","-0.02056","0.00035","-0.00011","0","14.7","Humid","27.30","0","43.40","195610.69","SABD0002000012","AAV2.0.0.13","1.1.2.0","PSt7-10","000000-000","6/10/2026 14:47:13","0000-00","0","no battery","V"
"07/09/2026","05:29:11","3","default","198787511","O3","990.505","min","176.719","µmol/L","Humid","21.416","deg","134732","µV","22.640","°C","1009.000","hPa","34.2","pmil","0","52.118","deg","21.808","°C","226.700","µmol/L","21.407","deg","20.891","°C","1012.000","hPa","0.861","-0.02056","0.00035","-0.00011","0","14.7","Humid","27.30","0","43.40","195600.80","SABD0002000012","AAV2.0.0.13","1.1.2.0","PSt7-10","000000-000","6/10/2026 14:47:13","0000-00","0","no battery","V"
"07/09/2026","05:29:41","3","default","198787511","O3","991.004","min","176.798","µmol/L","Humid","21.413","deg","134717","µV","22.634","°C","1009.000","hPa","34.2","pmil","0","52.118","deg","21.808","°C","226.700","µmol/L","21.407","deg","20.891","°C","1012.000","hPa","0.861","-0.02056","0.00035","-0.00011","0","14.7","Humid","27.30","0","43.40","195597.48","SABD0002000012","AAV2.0.0.13","1.1.2.0","PSt7-10","000000-000","6/10/2026 14:47:13","0000-00","0","no battery","V"
"07/09/2026","05:30:11","3","default","198787511","O3","991.505","min","176.719","µmol/L","Humid","21.416","deg","134725","µV","22.640","°C","1009.000","hPa","34.2","pmil","0","52.118","deg","21.808","°C","226.700","µmol/L","21.407","deg","20.891","°C","1012.000","hPa","0.861","-0.02056","0.00035","-0.00011","0","14.7","Humid","27.30","0","43.40","195604.94","SABD0002000012","AAV2.0.0.13","1.1.2.0","PSt7-10","000000-000","6/10/2026 14:47:13","0000-00","0","no battery","V"
"07/09/2026","05:30:41","3","default","198787511","O3","992.004","min","176.782","µmol/L","Humid","21.414","deg","134732","µV","22.634","°C","1009.000","hPa","34.2","pmil","0","52.118","deg","21.808","°C","226.700","µmol/L","21.407","deg","20.891","°C","1012.000","hPa","0.861","-0.02056","0.00035","-0.00011","0","14.7","Humid","27.30","0","43.40","195603.11","SABD0002000012","AAV2.0.0.13","1.1.2.0","PSt7-10","000000-000","6/10/2026 14:47:13","0000-00","0","no battery","V"
"07/09/2026","05:31:11","3","default","198787511","O3","992.504","min","176.749","µmol/L","Humid","21.416","deg","134738","µV","22.634","°C","1009.000","hPa","34.2","pmil","0","52.118","deg","21.808","°C","226.700","µmol/L","21.407","deg","20.891","°C","1012.000","hPa","0.861","-0.02056","0.00035","-0.00011","0","14.7","Humid","27.30","0","43.40","195604.09","SABD0002000012","AAV2.0.0.13","1.1.2.0","PSt7-10","000000-000","6/10/2026 14:47:13","0000-00","0","no battery","V"
"07/09/2026","05:31:41","3","default","198787511","O3","993.005","min","176.656","µmol/L","Humid","21.418","deg","134729","µV","22.646","°C","1009.000","hPa","34.2","pmil","0","52.118","deg","21.808","°C","226.700","µmol/L","21.407","deg","20.891","°C","1012.000","hPa","0.861","-0.02056","0.00035","-0.00011","0","14.7","Humid","27.30","0","43.40","195602.39","SABD0002000012","AAV2.0.0.13","1.1.2.0","PSt7-10","000000-000","6/10/2026 14:47:13","0000-00","0","no battery","V"
"07/09/2026","05:32:11","3","default","198787511","O3","993.505","min","176.703","µmol/L","Humid","21.417","deg","134733","µV","22.640","°C","1009.000","hPa","34.2","pmil","0","52.118","deg","21.808","°C","226.700","µmol/L","21.407","deg","20.891","°C","1012.000","hPa","0.861","-0.02056","0.00035","-0.00011","0","14.7","Humid","27.30","0","43.40","195614.36","SABD0002000012","AAV2.0.0.13","1.1.2.0","PSt7-10","000000-000","6/10/2026 14:47:13","0000-00","0","no battery","V"
"07/09/2026","05:32:41","3","default","198787511","O3","994.004","min","176.749","µmol/L","Humid","21.416","deg","134725","µV","22.634","°C","1009.000","hPa","34.2","pmil","0","52.118","deg","21.808","°C","226.700","µmol/L","21.407","deg","20.891","°C","1012.000","hPa","0.861","-0.02056","0.00035","-0.00011","0","14.7","Humid","27.30","0","43.40","195599.02","SABD0002000012","AAV2.0.0.13","1.1.2.0","PSt7-10","000000-000","6/10/2026 14:47:13","0000-00","0","no battery","V"
"07/09/2026","05:33:11","3","default","198787511","O3","994.505","min","176.656","µmol/L","Humid","21.418","deg","134735","µV","22.646","°C","1009.000","hPa","34.2","pmil","0","52.118","deg","21.808","°C","226.700","µmol/L","21.407","deg","20.891","°C","1012.000","hPa","0.861","-0.02056","0.00035","-0.00011","0","14.7","Humid","27.30","0","43.40","195603.33","SABD0002000012","AAV2.0.0.13","1.1.2.0","PSt7-10","000000-000","6/10/2026 14:47:13","0000-00","0","no battery","V"
"07/09/2026","05:33:41","3","default","198787511","O3","995.005","min","176.753","µmol/L","Humid","21.412","deg","134730","µV","22.646","°C","1009.000","hPa","34.2","pmil","0","52.118","deg","21.808","°C","226.700","µmol/L","21.407","deg","20.891","°C","1012.000","hPa","0.861","-0.02056","0.00035","-0.00011","0","14.7","Humid","27.30","0","43.40","195593.23","SABD0002000012","AAV2.0.0.13","1.1.2.0","PSt7-10","000000-000","6/10/2026 14:47:13","0000-00","0","no battery","V"
"07/09/2026","05:34:11","3","default","198787511","O3","995.505","min","176.638","µmol/L","Humid","21.421","deg","134730","µV","22.640","°C","1009.000","hPa","34.2","pmil","0","52.118","deg","21.808","°C","226.700","µmol/L","21.407","deg","20.891","°C","1012.000","hPa","0.861","-0.02056","0.00035","-0.00011","0","14.7","Humid","27.30","0","43.40","195602.19","SABD0002000012","AAV2.0.0.13","1.1.2.0","PSt7-10","000000-000","6/10/2026 14:47:13","0000-00","0","no battery","V"
"07/09/2026","05:34:41","3","default","198787511","O3","996.004","min","176.670","µmol/L","Humid","21.419","deg","134738","µV","22.640","°C","1009.000","hPa","34.2","pmil","0","52.118","deg","21.808","°C","226.700","µmol/L","21.407","deg","20.891","°C","1012.000","hPa","0.861","-0.02056","0.00035","-0.00011","0","14.7","Humid","27.30","0","43.40","195607.56","SABD0002000012","AAV2.0.0.13","1.1.2.0","PSt7-10","000000-000","6/10/2026 14:47:13","0000-00","0","no battery","V"
"07/09/2026","05:35:11","3","default","198787511","O3","996.505","min","176.719","µmol/L","Humid","21.416","deg","134735","µV","22.640","°C","1009.000","hPa","34.2","pmil","0","52.118","deg","21.808","°C","226.700","µmol/L","21.407","deg","20.891","°C","1012.000","hPa","0.861","-0.02056","0.00035","-0.00011","0","14.7","Humid","27.30","0","43.40","195602.63","SABD0002000012","AAV2.0.0.13","1.1.2.0","PSt7-10","000000-000","6/10/2026 14:47:13","0000-00","0","no battery","V"
"07/09/2026","05:35:41","3","default","198787511","O3","997.005","min","176.589","µmol/L","Humid","21.424","deg","134744","µV","22.640","°C","1009.000","hPa","34.2","pmil","0","52.118","deg","21.808","°C","226.700","µmol/L","21.407","deg","20.891","°C","1012.000","hPa","0.861","-0.02056","0.00035","-0.00011","0","14.7","Humid","27.30","0","43.40","195606.15","SABD0002000012","AAV2.0.0.13","1.1.2.0","PSt7-10","000000-000","6/10/2026 14:47:13","0000-00","0","no battery","V"
"07/09/2026","05:36:11","3","default","198787511","O3","997.504","min","176.897","µmol/L","Humid","21.405","deg","134671","µV","22.640","°C","1009.000","hPa","34.2","pmil","0","52.118","deg","21.808","°C","226.700","µmol/L","21.407","deg","20.891","°C","1012.000","hPa","0.861","-0.02056","0.00035","-0.00011","0","14.7","Humid","27.30","0","43.40","195586.54","SABD0002000012","AAV2.0.0.13","1.1.2.0","PSt7-10","000000-000","6/10/2026 14:47:13","0000-00","0","no battery","V"
"07/09/2026","05:36:41","3","default","198787511","O3","998.005","min","176.964","µmol/L","Humid","21.399","deg","134617","µV","22.646","°C","1009.000","hPa","34.2","pmil","0","52.118","deg","21.808","°C","226.700","µmol/L","21.407","deg","20.891","°C","1012.000","hPa","0.861","-0.02056","0.00035","-0.00011","0","14.7","Humid","27.30","0","43.40","195602.78","SABD0002000012","AAV2.0.0.13","1.1.2.0","PSt7-10","000000-000","6/10/2026 14:47:13","0000-00","0","no battery","V"
"07/09/2026","05:37:11","3","default","198787511","O3","998.505","min","177.077","µmol/L","Humid","21.392","deg","134580","µV","22.646","°C","1009.000","hPa","34.2","pmil","0","52.118","deg","21.808","°C","226.700","µmol/L","21.407","deg","20.891","°C","1012.000","hPa","0.861","-0.02056","0.00035","-0.00011","0","14.7","Humid","27.30","0","43.40","195593.10","SABD0002000012","AAV2.0.0.13","1.1.2.0","PSt7-10","000000-000","6/10/2026 14:47:13","0000-00","0","no battery","V"
"07/09/2026","05:37:41","3","default","198787511","O3","999.004","min","177.189","µmol/L","Humid","21.387","deg","134560","µV","22.640","°C","1009.000","hPa","34.2","pmil","0","52.118","deg","21.808","°C","226.700","µmol/L","21.407","deg","20.891","°C","1012.000","hPa","0.861","-0.02056","0.00035","-0.00011","0","14.7","Humid","27.30","0","43.40","195594.31","SABD0002000012","AAV2.0.0.13","1.1.2.0","PSt7-10","000000-000","6/10/2026 14:47:13","0000-00","0","no battery","V"
"07/09/2026","05:38:11","3","default","198787511","O3","999.505","min","177.128","µmol/L","Humid","21.387","deg","134533","µV","22.652","°C","1009.000","hPa","34.2","pmil","0","52.118","deg","21.808","°C","226.700","µmol/L","21.407","deg","20.891","°C","1012.000","hPa","0.861","-0.02056","0.00035","-0.00011","0","14.7","Humid","27.30","0","43.40","195598.23","SABD0002000012","AAV2.0.0.13","1.1.2.0","PSt7-10","000000-000","6/10/2026 14:47:13","0000-00","0","no battery","V"
"07/09/2026","05:38:41","3","default","198787511","O3","1000.004","min","177.207","µmol/L","Humid","21.384","deg","134516","µV","22.646","°C","1009.000","hPa","34.2","pmil","0","52.118","deg","21.808","°C","226.700","µmol/L","21.407","deg","20.891","°C","1012.000","hPa","0.861","-0.02056","0.00035","-0.00011","0","14.7","Humid","27.30","0","43.40","195590.56","SABD0002000012","AAV2.0.0.13","1.1.2.0","PSt7-10","000000-000","6/10/2026 14:47:13","0000-00","0","no battery","V"
"07/09/2026","05:39:11","3","default","198787511","O3","1000.505","min","177.256","µmol/L","Humid","21.381","deg","134496","µV","22.646","°C","1009.000","hPa","34.2","pmil","0","52.118","deg","21.808","°C","226.700","µmol/L","21.407","deg","20.891","°C","1012.000","hPa","0.861","-0.02056","0.00035","-0.00011","0","14.7","Humid","27.30","0","43.40","195588.06","SABD0002000012","AAV2.0.0.13","1.1.2.0","PSt7-10","000000-000","6/10/2026 14:47:13","0000-00","0","no battery","V"
"07/09/2026","05:39:41","3","default","198787511","O3","1001.004","min","177.272","µmol/L","Humid","21.380","deg","134501","µV","22.646","°C","1009.000","hPa","34.2","pmil","0","52.118","deg","21.808","°C","226.700","µmol/L","21.407","deg","20.891","°C","1012.000","hPa","0.861","-0.02056","0.00035","-0.00011","0","14.7","Humid","27.30","0","43.40","195595.55","SABD0002000012","AAV2.0.0.13","1.1.2.0","PSt7-10","000000-000","6/10/2026 14:47:13","0000-00","0","no battery","V"
"07/09/2026","05:40:11","3","default","198787511","O3","1001.505","min","177.258","µmol/L","Humid","21.379","deg","134492","µV","22.652","°C","1009.000","hPa","34.2","pmil","0","52.118","deg","21.808","°C","226.700","µmol/L","21.407","deg","20.891","°C","1012.000","hPa","0.861","-0.02056","0.00035","-0.00011","0","14.7","Humid","27.30","0","43.40","195589.47","SABD0002000012","AAV2.0.0.13","1.1.2.0","PSt7-10","000000-000","6/10/2026 14:47:13","0000-00","0","no battery","V"
"07/09/2026","05:40:41","3","default","198787511","O3","1002.004","min","177.177","µmol/L","Humid","21.384","deg","134501","µV","22.652","°C","1009.000","hPa","34.2","pmil","0","52.118","deg","21.808","°C","226.700","µmol/L","21.407","deg","20.891","°C","1012.000","hPa","0.861","-0.02056","0.00035","-0.00011","0","14.7","Humid","27.30","0","43.40","195590.67","SABD0002000012","AAV2.0.0.13","1.1.2.0","PSt7-10","000000-000","6/10/2026 14:47:13","0000-00","0","no battery","V"
"07/09/2026","05:41:11","3","default","198787511","O3","1002.505","min","177.112","µmol/L","Humid","21.388","deg","134524","µV","22.652","°C","1009.000","hPa","34.2","pmil","0","52.118","deg","21.808","°C","226.700","µmol/L","21.407","deg","20.891","°C","1012.000","hPa","0.861","-0.02056","0.00035","-0.00011","0","14.7","Humid","27.30","0","43.40","195596.24","SABD0002000012","AAV2.0.0.13","1.1.2.0","PSt7-10","000000-000","6/10/2026 14:47:13","0000-00","0","no battery","V"
"07/09/2026","05:41:41","3","default","198787511","O3","1003.005","min","177.191","µmol/L","Humid","21.385","deg","134512","µV","22.646","°C","1009.000","hPa","34.2","pmil","0","52.118","deg","21.808","°C","226.700","µmol/L","21.407","deg","20.891","°C","1012.000","hPa","0.861","-0.02056","0.00035","-0.00011","0","14.7","Humid","27.30","0","43.40","195586.00","SABD0002000012","AAV2.0.0.13","1.1.2.0","PSt7-10","000000-000","6/10/2026 14:47:13","0000-00","0","no battery","V"
"07/09/2026","05:42:11","3","default","198787511","O3","1003.504","min","177.110","µmol/L","Humid","21.390","deg","134537","µV","22.646","°C","1009.000","hPa","34.2","pmil","0","52.118","deg","21.808","°C","226.700","µmol/L","21.407","deg","20.891","°C","1012.000","hPa","0.861","-0.02056","0.00035","-0.00011","0","14.7","Humid","27.30","0","43.40","195601.02","SABD0002000012","AAV2.0.0.13","1.1.2.0","PSt7-10","000000-000","6/10/2026 14:47:13","0000-00","0","no battery","V"
"07/09/2026","05:42:41","3","default","198787511","O3","1004.005","min","177.126","µmol/L","Humid","21.389","deg","134542","µV","22.646","°C","1009.000","hPa","34.2","pmil","0","52.118","deg","21.808","°C","226.700","µmol/L","21.407","deg","20.891","°C","1012.000","hPa","0.861","-0.02056","0.00035","-0.00011","0","14.7","Humid","27.30","0","43.40","195590.40","SABD0002000012","AAV2.0.0.13","1.1.2.0","PSt7-10","000000-000","6/10/2026 14:47:13","0000-00","0","no battery","V"
"07/09/2026","05:43:11","3","default","198787511","O3","1004.505","min","177.059","µmol/L","Humid","21.395","deg","134562","µV","22.640","°C","1009.000","hPa","34.2","pmil","0","52.118","deg","21.808","°C","226.700","µmol/L","21.407","deg","20.891","°C","1012.000","hPa","0.861","-0.02056","0.00035","-0.00011","0","14.7","Humid","27.30","0","43.40","195605.15","SABD0002000012","AAV2.0.0.13","1.1.2.0","PSt7-10","000000-000","6/10/2026 14:47:13","0000-00","0","no battery","V"
"07/09/2026","05:43:41","3","default","198787511","O3","1005.004","min","176.998","µmol/L","Humid","21.395","deg","134571","µV","22.652","°C","1009.000","hPa","34.2","pmil","0","52.118","deg","21.808","°C","226.700","µmol/L","21.407","deg","20.891","°C","1012.000","hPa","0.861","-0.02056","0.00035","-0.00011","0","14.7","Humid","27.30","0","43.40","195588.98","SABD0002000012","AAV2.0.0.13","1.1.2.0","PSt7-10","000000-000","6/10/2026 14:47:13","0000-00","0","no battery","V"
"07/09/2026","05:44:11","3","default","198787511","O3","1005.505","min","176.949","µmol/L","Humid","21.398","deg","134584","µV","22.652","°C","1009.000","hPa","34.2","pmil","0","52.118","deg","21.808","°C","226.700","µmol/L","21.407","deg","20.891","°C","1012.000","hPa","0.861","-0.02056","0.00035","-0.00011","0","14.7","Humid","27.30","0","43.40","195602.93","SABD0002000012","AAV2.0.0.13","1.1.2.0","PSt7-10","000000-000","6/10/2026 14:47:13","0000-00","0","no battery","V"
"07/09/2026","05:44:41","3","default","198787511","O3","1006.005","min","176.933","µmol/L","Humid","21.399","deg","134609","µV","22.652","°C","1009.000","hPa","34.2","pmil","0","52.118","deg","21.808","°C","226.700","µmol/L","21.407","deg","20.891","°C","1012.000","hPa","0.861","-0.02056","0.00035","-0.00011","0","14.7","Humid","27.30","0","43.40","195586.16","SABD0002000012","AAV2.0.0.13","1.1.2.0","PSt7-10","000000-000","6/10/2026 14:47:13","0000-00","0","no battery","V"
"07/09/2026","05:45:11","3","default","198787511","O3","1006.504","min","176.854","µmol/L","Humid","21.402","deg","134623","µV","22.659","°C","1009.000","hPa","34.2","pmil","0","52.118","deg","21.808","°C","226.700","µmol/L","21.407","deg","20.891","°C","1012.000","hPa","0.861","-0.02056","0.00035","-0.00011","0","14.7","Humid","27.30","0","43.40","195588.54","SABD0002000012","AAV2.0.0.13","1.1.2.0","PSt7-10","000000-000","6/10/2026 14:47:13","0000-00","0","no battery","V"
"07/09/2026","05:45:41","3","default","198787511","O3","1007.004","min","176.866","µmol/L","Humid","21.405","deg","134634","µV","22.646","°C","1009.000","hPa","34.2","pmil","0","52.118","deg","21.808","°C","226.700","µmol/L","21.407","deg","20.891","°C","1012.000","hPa","0.861","-0.02056","0.00035","-0.00011","0","14.7","Humid","27.30","0","43.40","195585.11","SABD0002000012","AAV2.0.0.13","1.1.2.0","PSt7-10","000000-000","6/10/2026 14:47:13","0000-00","0","no battery","V"
"07/09/2026","05:46:11","3","default","198787511","O3","1007.505","min","176.883","µmol/L","Humid","21.404","deg","134643","µV","22.646","°C","1009.000","hPa","34.2","pmil","0","52.118","deg","21.808","°C","226.700","µmol/L","21.407","deg","20.891","°C","1012.000","hPa","0.861","-0.02056","0.00035","-0.00011","0","14.7","Humid","27.30","0","43.40","195589.79","SABD0002000012","AAV2.0.0.13","1.1.2.0","PSt7-10","000000-000","6/10/2026 14:47:13","0000-00","0","no battery","V"
"07/09/2026","05:46:41","3","default","198787511","O3","1008.004","min","176.802","µmol/L","Humid","21.409","deg","134671","µV","22.646","°C","1009.000","hPa","34.2","pmil","0","52.118","deg","21.808","°C","226.700","µmol/L","21.407","deg","20.891","°C","1012.000","hPa","0.861","-0.02056","0.00035","-0.00011","0","14.7","Humid","27.30","0","43.40","195580.49","SABD0002000012","AAV2.0.0.13","1.1.2.0","PSt7-10","000000-000","6/10/2026 14:47:13","0000-00","0","no battery","V"
"07/09/2026","05:47:11","3","default","198787511","O3","1008.505","min","176.674","µmol/L","Humid","21.415","deg","134667","µV","22.652","°C","1009.000","hPa","34.2","pmil","0","52.118","deg","21.808","°C","226.700","µmol/L","21.407","deg","20.891","°C","1012.000","hPa","0.861","-0.02056","0.00035","-0.00011","0","14.7","Humid","27.30","0","43.40","195585.07","SABD0002000012","AAV2.0.0.13","1.1.2.0","PSt7-10","000000-000","6/10/2026 14:47:13","0000-00","0","no battery","V"
"07/09/2026","05:47:41","3","default","198787511","O3","1009.005","min","176.674","µmol/L","Humid","21.415","deg","134685","µV","22.652","°C","1009.000","hPa","34.2","pmil","0","52.118","deg","21.808","°C","226.700","µmol/L","21.407","deg","20.891","°C","1012.000","hPa","0.861","-0.02056","0.00035","-0.00011","0","14.7","Humid","27.30","0","43.40","195591.19","SABD0002000012","AAV2.0.0.13","1.1.2.0","PSt7-10","000000-000","6/10/2026 14:47:13","0000-00","0","no battery","V"
"07/09/2026","05:48:11","3","default","198787511","O3","1009.504","min","176.660","µmol/L","Humid","21.414","deg","134698","µV","22.659","°C","1009.000","hPa","34.2","pmil","0","52.118","deg","21.808","°C","226.700","µmol/L","21.407","deg","20.891","°C","1012.000","hPa","0.861","-0.02056","0.00035","-0.00011","0","14.7","Humid","27.30","0","43.40","195590.40","SABD0002000012","AAV2.0.0.13","1.1.2.0","PSt7-10","000000-000","6/10/2026 14:47:13","0000-00","0","no battery","V"
"07/09/2026","05:48:41","3","default","198787511","O3","1010.004","min","176.625","µmol/L","Humid","21.418","deg","134712","µV","22.652","°C","1009.000","hPa","34.2","pmil","0","52.118","deg","21.808","°C","226.700","µmol/L","21.407","deg","20.891","°C","1012.000","hPa","0.861","-0.02056","0.00035","-0.00011","0","14.7","Humid","27.30","0","43.40","195595.87","SABD0002000012","AAV2.0.0.13","1.1.2.0","PSt7-10","000000-000","6/10/2026 14:47:13","0000-00","0","no battery","V"
"07/09/2026","05:49:11","3","default","198787511","O3","1010.505","min","176.593","µmol/L","Humid","21.420","deg","134708","µV","22.652","°C","1009.000","hPa","34.2","pmil","0","52.118","deg","21.808","°C","226.700","µmol/L","21.407","deg","20.891","°C","1012.000","hPa","0.861","-0.02056","0.00035","-0.00011","0","14.7","Humid","27.30","0","43.40","195579.27","SABD0002000012","AAV2.0.0.13","1.1.2.0","PSt7-10","000000-000","6/10/2026 14:47:13","0000-00","0","no battery","V"
"07/09/2026","05:49:41","3","default","198787511","O3","1011.004","min","176.575","µmol/L","Humid","21.423","deg","134734","µV","22.646","°C","1009.000","hPa","34.2","pmil","0","52.118","deg","21.808","°C","226.700","µmol/L","21.407","deg","20.891","°C","1012.000","hPa","0.861","-0.02056","0.00035","-0.00011","0","14.7","Humid","27.30","0","43.40","195579.07","SABD0002000012","AAV2.0.0.13","1.1.2.0","PSt7-10","000000-000","6/10/2026 14:47:13","0000-00","0","no battery","V"
"07/09/2026","05:50:11","3","default","198787511","O3","1011.504","min","176.559","µmol/L","Humid","21.424","deg","134745","µV","22.646","°C","1009.000","hPa","34.2","pmil","0","52.118","deg","21.808","°C","226.700","µmol/L","21.407","deg","20.891","°C","1012.000","hPa","0.861","-0.02056","0.00035","-0.00011","0","14.7","Humid","27.30","0","43.40","195591.58","SABD0002000012","AAV2.0.0.13","1.1.2.0","PSt7-10","000000-000","6/10/2026 14:47:13","0000-00","0","no battery","V"
"07/09/2026","05:50:41","3","default","198787511","O3","1012.005","min","176.464","µmol/L","Humid","21.428","deg","134760","µV","22.652","°C","1009.000","hPa","34.2","pmil","0","52.118","deg","21.808","°C","226.700","µmol/L","21.407","deg","20.891","°C","1012.000","hPa","0.861","-0.02056","0.00035","-0.00011","0","14.7","Humid","27.30","0","43.40","195587.78","SABD0002000012","AAV2.0.0.13","1.1.2.0","PSt7-10","000000-000","6/10/2026 14:47:13","0000-00","0","no battery","V"
"07/09/2026","05:51:11","3","default","198787511","O3","1012.505","min","176.385","µmol/L","Humid","21.431","deg","134769","µV","22.659","°C","1009.000","hPa","34.2","pmil","0","52.118","deg","21.808","°C","226.700","µmol/L","21.407","deg","20.891","°C","1012.000","hPa","0.861","-0.02056","0.00035","-0.00011","0","14.7","Humid","27.30","0","43.40","195596.88","SABD0002000012","AAV2.0.0.13","1.1.2.0","PSt7-10","000000-000","6/10/2026 14:47:13","0000-00","0","no battery","V"
"07/09/2026","05:51:41","3","default","198787511","O3","1013.005","min","176.401","µmol/L","Humid","21.430","deg","134784","µV","22.659","°C","1009.000","hPa","34.2","pmil","0","52.118","deg","21.808","°C","226.700","µmol/L","21.407","deg","20.891","°C","1012.000","hPa","0.861","-0.02056","0.00035","-0.00011","0","14.7","Humid","27.30","0","43.40","195592.07","SABD0002000012","AAV2.0.0.13","1.1.2.0","PSt7-10","000000-000","6/10/2026 14:47:13","0000-00","0","no battery","V"
"07/09/2026","05:52:11","3","default","198787511","O3","1013.504","min","176.415","µmol/L","Humid","21.431","deg","134796","µV","22.652","°C","1009.000","hPa","34.2","pmil","0","52.118","deg","21.808","°C","226.700","µmol/L","21.407","deg","20.891","°C","1012.000","hPa","0.861","-0.02056","0.00035","-0.00011","0","14.7","Humid","27.30","0","43.40","195596.07","SABD0002000012","AAV2.0.0.13","1.1.2.0","PSt7-10","000000-000","6/10/2026 14:47:13","0000-00","0","no battery","V"
"07/09/2026","05:52:41","3","default","198787511","O3","1014.005","min","176.336","µmol/L","Humid","21.434","deg","134817","µV","22.659","°C","1009.000","hPa","34.2","pmil","0","52.118","deg","21.808","°C","226.700","µmol/L","21.407","deg","20.891","°C","1012.000","hPa","0.861","-0.02056","0.00035","-0.00011","0","14.7","Humid","27.30","0","43.40","195600.21","SABD0002000012","AAV2.0.0.13","1.1.2.0","PSt7-10","000000-000","6/10/2026 14:47:13","0000-00","0","no battery","V"
"07/09/2026","05:53:11","3","default","198787511","O3","1014.505","min","176.302","µmol/L","Humid","21.438","deg","134828","µV","22.652","°C","1009.000","hPa","34.2","pmil","0","52.118","deg","21.808","°C","226.700","µmol/L","21.407","deg","20.891","°C","1012.000","hPa","0.861","-0.02056","0.00035","-0.00011","0","14.7","Humid","27.30","0","43.40","195594.69","SABD0002000012","AAV2.0.0.13","1.1.2.0","PSt7-10","000000-000","6/10/2026 14:47:13","0000-00","0","no battery","V"
"07/09/2026","05:53:41","3","default","198787511","O3","1015.004","min","176.270","µmol/L","Humid","21.440","deg","134836","µV","22.652","°C","1009.000","hPa","34.2","pmil","0","52.118","deg","21.808","°C","226.700","µmol/L","21.407","deg","20.891","°C","1012.000","hPa","0.861","-0.02056","0.00035","-0.00011","0","14.7","Humid","27.30","0","43.40","195600.07","SABD0002000012","AAV2.0.0.13","1.1.2.0","PSt7-10","000000-000","6/10/2026 14:47:13","0000-00","0","no battery","V"
"07/09/2026","05:54:11","3","default","198787511","O3","1015.505","min","176.254","µmol/L","Humid","21.441","deg","134837","µV","22.652","°C","1009.000","hPa","34.2","pmil","0","52.118","deg","21.808","°C","226.700","µmol/L","21.407","deg","20.891","°C","1012.000","hPa","0.861","-0.02056","0.00035","-0.00011","0","14.7","Humid","27.30","0","43.40","195585.98","SABD0002000012","AAV2.0.0.13","1.1.2.0","PSt7-10","000000-000","6/10/2026 14:47:13","0000-00","0","no battery","V"
"07/09/2026","05:54:41","3","default","198787511","O3","1016.004","min","176.255","µmol/L","Humid","21.439","deg","134841","µV","22.659","°C","1009.000","hPa","34.2","pmil","0","52.118","deg","21.808","°C","226.700","µmol/L","21.407","deg","20.891","°C","1012.000","hPa","0.861","-0.02056","0.00035","-0.00011","0","14.7","Humid","27.30","0","43.40","195587.10","SABD0002000012","AAV2.0.0.13","1.1.2.0","PSt7-10","000000-000","6/10/2026 14:47:13","0000-00","0","no battery","V"
"07/09/2026","05:55:11","3","default","198787511","O3","1016.505","min","176.254","µmol/L","Humid","21.441","deg","134852","µV","22.652","°C","1009.000","hPa","34.2","pmil","0","52.118","deg","21.808","°C","226.700","µmol/L","21.407","deg","20.891","°C","1012.000","hPa","0.861","-0.02056","0.00035","-0.00011","0","14.7","Humid","27.30","0","43.40","195595.17","SABD0002000012","AAV2.0.0.13","1.1.2.0","PSt7-10","000000-000","6/10/2026 14:47:13","0000-00","0","no battery","V"
"07/09/2026","05:55:41","3","default","198787511","O3","1017.005","min","176.270","µmol/L","Humid","21.440","deg","134865","µV","22.652","°C","1009.000","hPa","34.2","pmil","0","52.118","deg","21.808","°C","226.700","µmol/L","21.407","deg","20.891","°C","1012.000","hPa","0.861","-0.02056","0.00035","-0.00011","0","14.7","Humid","27.30","0","43.40","195608.00","SABD0002000012","AAV2.0.0.13","1.1.2.0","PSt7-10","000000-000","6/10/2026 14:47:13","0000-00","0","no battery","V"
"07/09/2026","05:56:11","3","default","198787511","O3","1017.505","min","176.205","µmol/L","Humid","21.444","deg","134873","µV","22.652","°C","1009.000","hPa","34.2","pmil","0","52.118","deg","21.808","°C","226.700","µmol/L","21.407","deg","20.891","°C","1012.000","hPa","0.861","-0.02056","0.00035","-0.00011","0","14.7","Humid","27.30","0","43.40","195598.05","SABD0002000012","AAV2.0.0.13","1.1.2.0","PSt7-10","000000-000","6/10/2026 14:47:13","0000-00","0","no battery","V"
"07/09/2026","05:56:41","3","default","198787511","O3","1018.004","min","176.205","µmol/L","Humid","21.444","deg","134878","µV","22.652","°C","1009.000","hPa","34.2","pmil","0","52.118","deg","21.808","°C","226.700","µmol/L","21.407","deg","20.891","°C","1012.000","hPa","0.861","-0.02056","0.00035","-0.00011","0","14.7","Humid","27.30","0","43.40","195589.34","SABD0002000012","AAV2.0.0.13","1.1.2.0","PSt7-10","000000-000","6/10/2026 14:47:13","0000-00","0","no battery","V"
"07/09/2026","05:57:11","3","default","198787511","O3","1018.505","min","176.076","µmol/L","Humid","21.452","deg","134892","µV","22.652","°C","1009.000","hPa","34.2","pmil","0","52.118","deg","21.808","°C","226.700","µmol/L","21.407","deg","20.891","°C","1012.000","hPa","0.861","-0.02056","0.00035","-0.00011","0","14.7","Humid","27.30","0","43.40","195597.17","SABD0002000012","AAV2.0.0.13","1.1.2.0","PSt7-10","000000-000","6/10/2026 14:47:13","0000-00","0","no battery","V"
"07/09/2026","05:57:41","3","default","198787511","O3","1019.005","min","176.139","µmol/L","Humid","21.450","deg","134898","µV","22.646","°C","1009.000","hPa","34.2","pmil","0","52.118","deg","21.808","°C","226.700","µmol/L","21.407","deg","20.891","°C","1012.000","hPa","0.861","-0.02056","0.00035","-0.00011","0","14.7","Humid","27.30","0","43.40","195599.31","SABD0002000012","AAV2.0.0.13","1.1.2.0","PSt7-10","000000-000","6/10/2026 14:47:13","0000-00","0","no battery","V"
"07/09/2026","05:58:11","3","default","198787511","O3","1019.505","min","176.157","µmol/L","Humid","21.447","deg","134903","µV","22.652","°C","1009.000","hPa","34.2","pmil","0","52.118","deg","21.808","°C","226.700","µmol/L","21.407","deg","20.891","°C","1012.000","hPa","0.861","-0.02056","0.00035","-0.00011","0","14.7","Humid","27.30","0","43.40","195588.55","SABD0002000012","AAV2.0.0.13","1.1.2.0","PSt7-10","000000-000","6/10/2026 14:47:13","0000-00","0","no battery","V"
"07/09/2026","05:58:41","3","default","198787511","O3","1020.005","min","176.141","µmol/L","Humid","21.448","deg","134895","µV","22.652","°C","1009.000","hPa","34.2","pmil","0","52.118","deg","21.808","°C","226.700","µmol/L","21.407","deg","20.891","°C","1012.000","hPa","0.861","-0.02056","0.00035","-0.00011","0","14.7","Humid","27.30","0","43.40","195586.78","SABD0002000012","AAV2.0.0.13","1.1.2.0","PSt7-10","000000-000","6/10/2026 14:47:13","0000-00","0","no battery","V"
"07/09/2026","05:59:11","3","default","198787511","O3","1020.504","min","176.012","µmol/L","Humid","21.456","deg","134917","µV","22.652","°C","1009.000","hPa","34.2","pmil","0","52.118","deg","21.808","°C","226.700","µmol/L","21.407","deg","20.891","°C","1012.000","hPa","0.861","-0.02056","0.00035","-0.00011","0","14.7","Humid","27.30","0","43.40","195592.47","SABD0002000012","AAV2.0.0.13","1.1.2.0","PSt7-10","000000-000","6/10/2026 14:47:13","0000-00","0","no battery","V"
"07/09/2026","05:59:41","3","default","198787511","O3","1021.005","min","176.058","µmol/L","Humid","21.455","deg","134914","µV","22.646","°C","1009.000","hPa","34.2","pmil","0","52.118","deg","21.808","°C","226.700","µmol/L","21.407","deg","20.891","°C","1012.000","hPa","0.861","-0.02056","0.00035","-0.00011","0","14.7","Humid","27.30","0","43.40","195578.74","SABD0002000012","AAV2.0.0.13","1.1.2.0","PSt7-10","000000-000","6/10/2026 14:47:13","0000-00","0","no battery","V"
"07/09/2026","06:00:11","3","default","198787511","O3","1021.504","min","176.056","µmol/L","Humid","21.457","deg","134942","µV","22.640","°C","1009.000","hPa","34.2","pmil","0","52.118","deg","21.808","°C","226.700","µmol/L","21.407","deg","20.891","°C","1012.000","hPa","0.861","-0.02056","0.00035","-0.00011","0","14.7","Humid","27.30","0","43.40","195598.06","SABD0002000012","AAV2.0.0.13","1.1.2.0","PSt7-10","000000-000","6/10/2026 14:47:13","0000-00","0","no battery","V"
"07/09/2026","06:00:41","3","default","198787511","O3","1022.005","min","176.089","µmol/L","Humid","21.455","deg","134927","µV","22.640","°C","1009.000","hPa","34.2","pmil","0","52.118","deg","21.808","°C","226.700","µmol/L","21.407","deg","20.891","°C","1012.000","hPa","0.861","-0.02056","0.00035","-0.00011","0","14.7","Humid","27.30","0","43.40","195589.70","SABD0002000012","AAV2.0.0.13","1.1.2.0","PSt7-10","000000-000","6/10/2026 14:47:13","0000-00","0","no battery","V"
"07/09/2026","06:01:11","3","default","198787511","O3","1022.505","min","176.103","µmol/L","Humid","21.456","deg","134930","µV","22.634","°C","1009.000","hPa","34.2","pmil","0","52.118","deg","21.808","°C","226.700","µmol/L","21.407","deg","20.891","°C","1012.000","hPa","0.861","-0.02056","0.00035","-0.00011","0","14.7","Humid","27.30","0","43.40","195591.54","SABD0002000012","AAV2.0.0.13","1.1.2.0","PSt7-10","000000-000","6/10/2026 14:47:13","0000-00","0","no battery","V"
"07/09/2026","06:01:41","3","default","198787511","O3","1023.005","min","175.992","µmol/L","Humid","21.461","deg","134951","µV","22.640","°C","1009.000","hPa","34.2","pmil","0","52.118","deg","21.808","°C","226.700","µmol/L","21.407","deg","20.891","°C","1012.000","hPa","0.861","-0.02056","0.00035","-0.00011","0","14.7","Humid","27.30","0","43.40","195599.36","SABD0002000012","AAV2.0.0.13","1.1.2.0","PSt7-10","000000-000","6/10/2026 14:47:13","0000-00","0","no battery","V"
"07/09/2026","06:02:11","3","default","198787511","O3","1023.504","min","176.055","µmol/L","Humid","21.459","deg","134950","µV","22.634","°C","1009.000","hPa","34.2","pmil","0","52.118","deg","21.808","°C","226.700","µmol/L","21.407","deg","20.891","°C","1012.000","hPa","0.861","-0.02056","0.00035","-0.00011","0","14.7","Humid","27.30","0","43.40","195594.77","SABD0002000012","AAV2.0.0.13","1.1.2.0","PSt7-10","000000-000","6/10/2026 14:47:13","0000-00","0","no battery","V"
"07/09/2026","06:02:41","3","default","198787511","O3","1024.005","min","176.071","µmol/L","Humid","21.458","deg","134960","µV","22.634","°C","1009.000","hPa","34.2","pmil","0","52.118","deg","21.808","°C","226.700","µmol/L","21.407","deg","20.891","°C","1012.000","hPa","0.861","-0.02056","0.00035","-0.00011","0","14.7","Humid","27.30","0","43.40","195591.64","SABD0002000012","AAV2.0.0.13","1.1.2.0","PSt7-10","000000-000","6/10/2026 14:47:13","0000-00","0","no battery","V"
"07/09/2026","06:03:11","3","default","198787511","O3","1024.505","min","176.039","µmol/L","Humid","21.460","deg","134946","µV","22.634","°C","1009.000","hPa","34.2","pmil","0","52.118","deg","21.808","°C","226.700","µmol/L","21.407","deg","20.891","°C","1012.000","hPa","0.861","-0.02056","0.00035","-0.00011","0","14.7","Humid","27.30","0","43.40","195595.92","SABD0002000012","AAV2.0.0.13","1.1.2.0","PSt7-10","000000-000","6/10/2026 14:47:13","0000-00","0","no battery","V"
"07/09/2026","06:03:41","3","default","198787511","O3","1025.005","min","176.039","µmol/L","Humid","21.460","deg","134955","µV","22.634","°C","1009.000","hPa","34.2","pmil","0","52.118","deg","21.808","°C","226.700","µmol/L","21.407","deg","20.891","°C","1012.000","hPa","0.861","-0.02056","0.00035","-0.00011","0","14.7","Humid","27.30","0","43.40","195606.53","SABD0002000012","AAV2.0.0.13","1.1.2.0","PSt7-10","000000-000","6/10/2026 14:47:13","0000-00","0","no battery","V"
"07/09/2026","06:04:11","3","default","198787511","O3","1025.505","min","176.103","µmol/L","Humid","21.456","deg","134968","µV","22.634","°C","1009.000","hPa","34.2","pmil","0","52.118","deg","21.808","°C","226.700","µmol/L","21.407","deg","20.891","°C","1012.000","hPa","0.861","-0.02056","0.00035","-0.00011","0","14.7","Humid","27.30","0","43.40","195594.37","SABD0002000012","AAV2.0.0.13","1.1.2.0","PSt7-10","000000-000","6/10/2026 14:47:13","0000-00","0","no battery","V"
"07/09/2026","06:04:41","3","default","198787511","O3","1026.004","min","176.182","µmol/L","Humid","21.453","deg","134974","µV","22.628","°C","1009.000","hPa","34.2","pmil","0","52.118","deg","21.808","°C","226.700","µmol/L","21.407","deg","20.891","°C","1012.000","hPa","0.861","-0.02056","0.00035","-0.00011","0","14.7","Humid","27.30","0","43.40","195607.81","SABD0002000012","AAV2.0.0.13","1.1.2.0","PSt7-10","000000-000","6/10/2026 14:47:13","0000-00","0","no battery","V"
"07/09/2026","06:05:11","3","default","198787511","O3","1026.505","min","176.037","µmol/L","Humid","21.462","deg","134965","µV","22.628","°C","1009.000","hPa","34.2","pmil","0","52.118","deg","21.808","°C","226.700","µmol/L","21.407","deg","20.891","°C","1012.000","hPa","0.861","-0.02056","0.00035","-0.00011","0","14.7","Humid","27.30","0","43.40","195603.19","SABD0002000012","AAV2.0.0.13","1.1.2.0","PSt7-10","000000-000","6/10/2026 14:47:13","0000-00","0","no battery","V"
"07/09/2026","06:05:41","3","default","198787511","O3","1027.004","min","176.024","µmol/L","Humid","21.459","deg","134965","µV","22.640","°C","1009.000","hPa","34.2","pmil","0","52.118","deg","21.808","°C","226.700","µmol/L","21.407","deg","20.891","°C","1012.000","hPa","0.861","-0.02056","0.00035","-0.00011","0","14.7","Humid","27.30","0","43.40","195603.22","SABD0002000012","AAV2.0.0.13","1.1.2.0","PSt7-10","000000-000","6/10/2026 14:47:13","0000-00","0","no battery","V"
"07/09/2026","06:06:11","3","default","198787511","O3","1027.504","min","175.992","µmol/L","Humid","21.461","deg","134970","µV","22.640","°C","1009.000","hPa","34.2","pmil","0","52.118","deg","21.808","°C","226.700","µmol/L","21.407","deg","20.891","°C","1012.000","hPa","0.861","-0.02056","0.00035","-0.00011","0","14.7","Humid","27.30","0","43.40","195592.45","SABD0002000012","AAV2.0.0.13","1.1.2.0","PSt7-10","000000-000","6/10/2026 14:47:13","0000-00","0","no battery","V"
"07/09/2026","06:06:41","3","default","198787511","O3","1028.005","min","176.103","µmol/L","Humid","21.456","deg","134959","µV","22.634","°C","1009.000","hPa","34.2","pmil","0","52.118","deg","21.808","°C","226.700","µmol/L","21.407","deg","20.891","°C","1012.000","hPa","0.861","-0.02056","0.00035","-0.00011","0","14.7","Humid","27.30","0","43.40","195595.93","SABD0002000012","AAV2.0.0.13","1.1.2.0","PSt7-10","000000-000","6/10/2026 14:47:13","0000-00","0","no battery","V"
"07/09/2026","06:07:11","3","default","198787511","O3","1028.504","min","176.022","µmol/L","Humid","21.461","deg","134961","µV","22.634","°C","1009.000","hPa","34.2","pmil","0","52.118","deg","21.808","°C","226.700","µmol/L","21.407","deg","20.891","°C","1012.000","hPa","0.861","-0.02056","0.00035","-0.00011","0","14.7","Humid","27.30","0","43.40","195606.77","SABD0002000012","AAV2.0.0.13","1.1.2.0","PSt7-10","000000-000","6/10/2026 14:47:13","0000-00","0","no battery","V"
"07/09/2026","06:07:41","3","default","198787511","O3","1029.005","min","176.071","µmol/L","Humid","21.458","deg","134961","µV","22.634","°C","1009.000","hPa","34.2","pmil","0","52.118","deg","21.808","°C","226.700","µmol/L","21.407","deg","20.891","°C","1012.000","hPa","0.861","-0.02056","0.00035","-0.00011","0","14.7","Humid","27.30","0","43.40","195605.83","SABD0002000012","AAV2.0.0.13","1.1.2.0","PSt7-10","000000-000","6/10/2026 14:47:13","0000-00","0","no battery","V"
"07/09/2026","06:08:11","3","default","198787511","O3","1029.504","min","176.040","µmol/L","Humid","21.458","deg","134954","µV","22.640","°C","1009.000","hPa","34.2","pmil","0","52.118","deg","21.808","°C","226.700","µmol/L","21.407","deg","20.891","°C","1012.000","hPa","0.861","-0.02056","0.00035","-0.00011","0","14.7","Humid","27.30","0","43.40","195598.98","SABD0002000012","AAV2.0.0.13","1.1.2.0","PSt7-10","000000-000","6/10/2026 14:47:13","0000-00","0","no battery","V"
"07/09/2026","06:08:41","3","default","198787511","O3","1030.004","min","176.040","µmol/L","Humid","21.458","deg","134956","µV","22.640","°C","1009.000","hPa","34.2","pmil","0","52.118","deg","21.808","°C","226.700","µmol/L","21.407","deg","20.891","°C","1012.000","hPa","0.861","-0.02056","0.00035","-0.00011","0","14.7","Humid","27.30","0","43.40","195598.73","SABD0002000012","AAV2.0.0.13","1.1.2.0","PSt7-10","000000-000","6/10/2026 14:47:13","0000-00","0","no battery","V"
"07/09/2026","06:09:11","3","default","198787511","O3","1030.505","min","175.992","µmol/L","Humid","21.461","deg","134965","µV","22.640","°C","1009.000","hPa","34.2","pmil","0","52.118","deg","21.808","°C","226.700","µmol/L","21.407","deg","20.891","°C","1012.000","hPa","0.861","-0.02056","0.00035","-0.00011","0","14.7","Humid","27.30","0","43.40","195599.71","SABD0002000012","AAV2.0.0.13","1.1.2.0","PSt7-10","000000-000","6/10/2026 14:47:13","0000-00","0","no battery","V"
"07/09/2026","06:09:41","3","default","198787511","O3","1031.005","min","175.994","µmol/L","Humid","21.459","deg","134958","µV","22.646","°C","1009.000","hPa","34.2","pmil","0","52.118","deg","21.808","°C","226.700","µmol/L","21.407","deg","20.891","°C","1012.000","hPa","0.861","-0.02056","0.00035","-0.00011","0","14.7","Humid","27.30","0","43.40","195588.89","SABD0002000012","AAV2.0.0.13","1.1.2.0","PSt7-10","000000-000","6/10/2026 14:47:13","0000-00","0","no battery","V"
"07/09/2026","06:10:11","3","default","198787511","O3","1031.505","min","176.040","µmol/L","Humid","21.458","deg","134954","µV","22.640","°C","1009.000","hPa","34.2","pmil","0","52.118","deg","21.808","°C","226.700","µmol/L","21.407","deg","20.891","°C","1012.000","hPa","0.861","-0.02056","0.00035","-0.00011","0","14.7","Humid","27.30","0","43.40","195586.51","SABD0002000012","AAV2.0.0.13","1.1.2.0","PSt7-10","000000-000","6/10/2026 14:47:13","0000-00","0","no battery","V"
"07/09/2026","06:10:41","3","default","198787511","O3","1032.004","min","176.039","µmol/L","Humid","21.460","deg","134950","µV","22.634","°C","1009.000","hPa","34.2","pmil","0","52.118","deg","21.808","°C","226.700","µmol/L","21.407","deg","20.891","°C","1012.000","hPa","0.861","-0.02056","0.00035","-0.00011","0","14.7","Humid","27.30","0","43.40","195592.98","SABD0002000012","AAV2.0.0.13","1.1.2.0","PSt7-10","000000-000","6/10/2026 14:47:13","0000-00","0","no battery","V"
"07/09/2026","06:11:11","3","default","198787511","O3","1032.505","min","176.026","µmol/L","Humid","21.457","deg","134961","µV","22.646","°C","1009.000","hPa","34.2","pmil","0","52.118","deg","21.808","°C","226.700","µmol/L","21.407","deg","20.891","°C","1012.000","hPa","0.861","-0.02056","0.00035","-0.00011","0","14.7","Humid","27.30","0","43.40","195590.93","SABD0002000012","AAV2.0.0.13","1.1.2.0","PSt7-10","000000-000","6/10/2026 14:47:13","0000-00","0","no battery","V"
"07/09/2026","06:11:41","3","default","198787511","O3","1033.005","min","175.976","µmol/L","Humid","21.462","deg","134954","µV","22.640","°C","1009.000","hPa","34.2","pmil","0","52.118","deg","21.808","°C","226.700","µmol/L","21.407","deg","20.891","°C","1012.000","hPa","0.861","-0.02056","0.00035","-0.00011","0","14.7","Humid","27.30","0","43.40","195598.22","SABD0002000012","AAV2.0.0.13","1.1.2.0","PSt7-10","000000-000","6/10/2026 14:47:13","0000-00","0","no battery","V"
"07/09/2026","06:12:11","3","default","198787511","O3","1033.504","min","176.073","µmol/L","Humid","21.456","deg","134961","µV","22.640","°C","1009.000","hPa","34.2","pmil","0","52.118","deg","21.808","°C","226.700","µmol/L","21.407","deg","20.891","°C","1012.000","hPa","0.861","-0.02056","0.00035","-0.00011","0","14.7","Humid","27.30","0","43.40","195592.28","SABD0002000012","AAV2.0.0.13","1.1.2.0","PSt7-10","000000-000","6/10/2026 14:47:13","0000-00","0","no battery","V"
"07/09/2026","06:12:41","3","default","198787511","O3","1034.004","min","176.103","µmol/L","Humid","21.456","deg","134955","µV","22.634","°C","1009.000","hPa","34.2","pmil","0","52.118","deg","21.808","°C","226.700","µmol/L","21.407","deg","20.891","°C","1012.000","hPa","0.861","-0.02056","0.00035","-0.00011","0","14.7","Humid","27.30","0","43.40","195590.75","SABD0002000012","AAV2.0.0.13","1.1.2.0","PSt7-10","000000-000","6/10/2026 14:47:13","0000-00","0","no battery","V"
"07/09/2026","06:13:11","3","default","198787511","O3","1034.504","min","176.026","µmol/L","Humid","21.457","deg","134941","µV","22.646","°C","1009.000","hPa","34.2","pmil","0","52.118","deg","21.808","°C","226.700","µmol/L","21.407","deg","20.891","°C","1012.000","hPa","0.861","-0.02056","0.00035","-0.00011","0","14.7","Humid","27.30","0","43.40","195590.79","SABD0002000012","AAV2.0.0.13","1.1.2.0","PSt7-10","000000-000","6/10/2026 14:47:13","0000-00","0","no battery","V"
"07/09/2026","06:13:41","3","default","198787511","O3","1035.005","min","176.026","µmol/L","Humid","21.457","deg","134950","µV","22.646","°C","1009.000","hPa","34.2","pmil","0","52.118","deg","21.808","°C","226.700","µmol/L","21.407","deg","20.891","°C","1012.000","hPa","0.861","-0.02056","0.00035","-0.00011","0","14.7","Humid","27.30","0","43.40","195602.64","SABD0002000012","AAV2.0.0.13","1.1.2.0","PSt7-10","000000-000","6/10/2026 14:47:13","0000-00","0","no battery","V"
"07/09/2026","06:14:11","3","default","198787511","O3","1035.505","min","176.089","µmol/L","Humid","21.455","deg","134946","µV","22.640","°C","1009.000","hPa","34.2","pmil","0","52.118","deg","21.808","°C","226.700","µmol/L","21.407","deg","20.891","°C","1012.000","hPa","0.861","-0.02056","0.00035","-0.00011","0","14.7","Humid","27.30","0","43.40","195603.41","SABD0002000012","AAV2.0.0.13","1.1.2.0","PSt7-10","000000-000","6/10/2026 14:47:13","0000-00","0","no battery","V"
"07/09/2026","06:14:41","3","default","198787511","O3","1036.005","min","175.962","µmol/L","Humid","21.461","deg","134952","µV","22.646","°C","1009.000","hPa","34.2","pmil","0","52.118","deg","21.808","°C","226.700","µmol/L","21.407","deg","20.891","°C","1012.000","hPa","0.861","-0.02056","0.00035","-0.00011","0","14.7","Humid","27.30","0","43.40","195601.67","SABD0002000012","AAV2.0.0.13","1.1.2.0","PSt7-10","000000-000","6/10/2026 14:47:13","0000-00","0","no battery","V"
"07/09/2026","06:15:11","3","default","198787511","O3","1036.504","min","176.040","µmol/L","Humid","21.458","deg","134939","µV","22.640","°C","1009.000","hPa","34.2","pmil","0","52.118","deg","21.808","°C","226.700","µmol/L","21.407","deg","20.891","°C","1012.000","hPa","0.861","-0.02056","0.00035","-0.00011","0","14.7","Humid","27.30","0","43.40","195589.10","SABD0002000012","AAV2.0.0.13","1.1.2.0","PSt7-10","000000-000","6/10/2026 14:47:13","0000-00","0","no battery","V"
"07/09/2026","06:15:41","3","default","198787511","O3","1037.005","min","176.008","µmol/L","Humid","21.460","deg","134952","µV","22.640","°C","1009.000","hPa","34.2","pmil","0","52.118","deg","21.808","°C","226.700","µmol/L","21.407","deg","20.891","°C","1012.000","hPa","0.861","-0.02056","0.00035","-0.00011","0","14.7","Humid","27.30","0","43.40","195598.63","SABD0002000012","AAV2.0.0.13","1.1.2.0","PSt7-10","000000-000","6/10/2026 14:47:13","0000-00","0","no battery","V"
"07/09/2026","06:16:11","3","default","198787511","O3","1037.504","min","176.087","µmol/L","Humid","21.457","deg","134947","µV","22.634","°C","1009.000","hPa","34.2","pmil","0","52.118","deg","21.808","°C","226.700","µmol/L","21.407","deg","20.891","°C","1012.000","hPa","0.861","-0.02056","0.00035","-0.00011","0","14.7","Humid","27.30","0","43.40","195596.17","SABD0002000012","AAV2.0.0.13","1.1.2.0","PSt7-10","000000-000","6/10/2026 14:47:13","0000-00","0","no battery","V"
"07/09/2026","06:16:41","3","default","198787511","O3","1038.004","min","176.089","µmol/L","Humid","21.455","deg","134938","µV","22.640","°C","1009.000","hPa","34.2","pmil","0","52.118","deg","21.808","°C","226.700","µmol/L","21.407","deg","20.891","°C","1012.000","hPa","0.861","-0.02056","0.00035","-0.00011","0","14.7","Humid","27.30","0","43.40","195608.41","SABD0002000012","AAV2.0.0.13","1.1.2.0","PSt7-10","000000-000","6/10/2026 14:47:13","0000-00","0","no battery","V"
"07/09/2026","06:17:11","3","default","198787511","O3","1038.505","min","176.073","µmol/L","Humid","21.456","deg","134930","µV","22.640","°C","1009.000","hPa","34.2","pmil","0","52.118","deg","21.808","°C","226.700","µmol/L","21.407","deg","20.891","°C","1012.000","hPa","0.861","-0.02056","0.00035","-0.00011","0","14.7","Humid","27.30","0","43.40","195606.08","SABD0002000012","AAV2.0.0.13","1.1.2.0","PSt7-10","000000-000","6/10/2026 14:47:13","0000-00","0","no battery","V"
"07/09/2026","06:17:41","3","default","198787511","O3","1039.005","min","176.073","µmol/L","Humid","21.456","deg","134932","µV","22.640","°C","1009.000","hPa","34.2","pmil","0","52.118","deg","21.808","°C","226.700","µmol/L","21.407","deg","20.891","°C","1012.000","hPa","0.861","-0.02056","0.00035","-0.00011","0","14.7","Humid","27.30","0","43.40","195603.89","SABD0002000012","AAV2.0.0.13","1.1.2.0","PSt7-10","000000-000","6/10/2026 14:47:13","0000-00","0","no battery","V"
"07/09/2026","06:18:11","3","default","198787511","O3","1039.504","min","176.089","µmol/L","Humid","21.455","deg","134945","µV","22.640","°C","1009.000","hPa","34.2","pmil","0","52.118","deg","21.808","°C","226.700","µmol/L","21.407","deg","20.891","°C","1012.000","hPa","0.861","-0.02056","0.00035","-0.00011","0","14.7","Humid","27.30","0","43.40","195604.01","SABD0002000012","AAV2.0.0.13","1.1.2.0","PSt7-10","000000-000","6/10/2026 14:47:13","0000-00","0","no battery","V"
"07/09/2026","06:18:41","3","default","198787511","O3","1040.005","min","176.040","µmol/L","Humid","21.458","deg","134941","µV","22.640","°C","1009.000","hPa","34.2","pmil","0","52.118","deg","21.808","°C","226.700","µmol/L","21.407","deg","20.891","°C","1012.000","hPa","0.861","-0.02056","0.00035","-0.00011","0","14.7","Humid","27.30","0","43.40","195626.24","SABD0002000012","AAV2.0.0.13","1.1.2.0","PSt7-10","000000-000","6/10/2026 14:47:13","0000-00","0","no battery","V"
"07/09/2026","06:19:11","3","default","198787511","O3","1040.505","min","176.121","µmol/L","Humid","21.453","deg","134940","µV","22.640","°C","1009.000","hPa","34.2","pmil","0","52.118","deg","21.808","°C","226.700","µmol/L","21.407","deg","20.891","°C","1012.000","hPa","0.861","-0.02056","0.00035","-0.00011","0","14.7","Humid","27.30","0","43.40","195615.42","SABD0002000012","AAV2.0.0.13","1.1.2.0","PSt7-10","000000-000","6/10/2026 14:47:13","0000-00","0","no battery","V"
"07/09/2026","06:19:41","3","default","198787511","O3","1041.004","min","175.978","µmol/L","Humid","21.460","deg","134943","µV","22.646","°C","1009.000","hPa","34.2","pmil","0","52.118","deg","21.808","°C","226.700","µmol/L","21.407","deg","20.891","°C","1012.000","hPa","0.861","-0.02056","0.00035","-0.00011","0","14.7","Humid","27.30","0","43.40","195615.03","SABD0002000012","AAV2.0.0.13","1.1.2.0","PSt7-10","000000-000","6/10/2026 14:47:13","0000-00","0","no battery","V"
"07/09/2026","06:20:11","3","default","198787511","O3","1041.505","min","176.071","µmol/L","Humid","21.458","deg","134931","µV","22.634","°C","1009.000","hPa","34.2","pmil","0","52.118","deg","21.808","°C","226.700","µmol/L","21.407","deg","20.891","°C","1012.000","hPa","0.861","-0.02056","0.00035","-0.00011","0","14.7","Humid","27.30","0","43.40","195612.16","SABD0002000012","AAV2.0.0.13","1.1.2.0","PSt7-10","000000-000","6/10/2026 14:47:13","0000-00","0","no battery","V"
"07/09/2026","06:20:41","3","default","198787511","O3","1042.004","min","176.073","µmol/L","Humid","21.456","deg","134945","µV","22.640","°C","1009.000","hPa","34.2","pmil","0","52.118","deg","21.808","°C","226.700","µmol/L","21.407","deg","20.891","°C","1012.000","hPa","0.861","-0.02056","0.00035","-0.00011","0","14.7","Humid","27.30","0","43.40","195633.09","SABD0002000012","AAV2.0.0.13","1.1.2.0","PSt7-10","000000-000","6/10/2026 14:47:13","0000-00","0","no battery","V"
"07/09/2026","06:21:11","3","default","198787511","O3","1042.505","min","176.073","µmol/L","Humid","21.456","deg","134938","µV","22.640","°C","1009.000","hPa","34.2","pmil","0","52.118","deg","21.808","°C","226.700","µmol/L","21.407","deg","20.891","°C","1012.000","hPa","0.861","-0.02056","0.00035","-0.00011","0","14.7","Humid","27.30","0","43.40","195626.68","SABD0002000012","AAV2.0.0.13","1.1.2.0","PSt7-10","000000-000","6/10/2026 14:47:13","0000-00","0","no battery","V"
"07/09/2026","06:21:41","3","default","198787511","O3","1043.004","min","176.058","µmol/L","Humid","21.455","deg","134931","µV","22.646","°C","1009.000","hPa","34.2","pmil","0","52.118","deg","21.808","°C","226.700","µmol/L","21.407","deg","20.891","°C","1012.000","hPa","0.861","-0.02056","0.00035","-0.00011","0","14.7","Humid","27.30","0","43.40","195624.43","SABD0002000012","AAV2.0.0.13","1.1.2.0","PSt7-10","000000-000","6/10/2026 14:47:13","0000-00","0","no battery","V"
"07/09/2026","06:22:11","3","default","198787511","O3","1043.505","min","176.139","µmol/L","Humid","21.450","deg","134937","µV","22.646","°C","1009.000","hPa","34.2","pmil","0","52.118","deg","21.808","°C","226.700","µmol/L","21.407","deg","20.891","°C","1012.000","hPa","0.861","-0.02056","0.00035","-0.00011","0","14.7","Humid","27.30","0","43.40","195622.18","SABD0002000012","AAV2.0.0.13","1.1.2.0","PSt7-10","000000-000","6/10/2026 14:47:13","0000-00","0","no battery","V"
"07/09/2026","06:22:41","3","default","198787511","O3","1044.004","min","176.074","µmol/L","Humid","21.454","deg","134934","µV","22.646","°C","1009.000","hPa","34.2","pmil","0","52.118","deg","21.808","°C","226.700","µmol/L","21.407","deg","20.891","°C","1012.000","hPa","0.861","-0.02056","0.00035","-0.00011","0","14.7","Humid","27.30","0","43.40","195622.57","SABD0002000012","AAV2.0.0.13","1.1.2.0","PSt7-10","000000-000","6/10/2026 14:47:13","0000-00","0","no battery","V"
"07/09/2026","06:23:11","3","default","198787511","O3","1044.504","min","176.074","µmol/L","Humid","21.454","deg","134940","µV","22.646","°C","1009.000","hPa","34.2","pmil","0","52.118","deg","21.808","°C","226.700","µmol/L","21.407","deg","20.891","°C","1012.000","hPa","0.861","-0.02056","0.00035","-0.00011","0","14.7","Humid","27.30","0","43.40","195623.32","SABD0002000012","AAV2.0.0.13","1.1.2.0","PSt7-10","000000-000","6/10/2026 14:47:13","0000-00","0","no battery","V"
"07/09/2026","06:23:41","3","default","198787511","O3","1045.004","min","176.185","µmol/L","Humid","21.449","deg","134949","µV","22.640","°C","1009.000","hPa","34.2","pmil","0","52.118","deg","21.808","°C","226.700","µmol/L","21.407","deg","20.891","°C","1012.000","hPa","0.861","-0.02056","0.00035","-0.00011","0","14.7","Humid","27.30","0","43.40","195632.29","SABD0002000012","AAV2.0.0.13","1.1.2.0","PSt7-10","000000-000","6/10/2026 14:47:13","0000-00","0","no battery","V"
"07/09/2026","06:24:11","3","default","198787511","O3","1045.505","min","176.089","µmol/L","Humid","21.455","deg","134942","µV","22.640","°C","1009.000","hPa","34.2","pmil","0","52.118","deg","21.808","°C","226.700","µmol/L","21.407","deg","20.891","°C","1012.000","hPa","0.861","-0.02056","0.00035","-0.00011","0","14.7","Humid","27.30","0","43.40","195633.09","SABD0002000012","AAV2.0.0.13","1.1.2.0","PSt7-10","000000-000","6/10/2026 14:47:13","0000-00","0","no battery","V"
"07/09/2026","06:24:41","3","default","198787511","O3","1046.004","min","176.026","µmol/L","Humid","21.457","deg","134953","µV","22.646","°C","1009.000","hPa","34.2","pmil","0","52.118","deg","21.808","°C","226.700","µmol/L","21.407","deg","20.891","°C","1012.000","hPa","0.861","-0.02056","0.00035","-0.00011","0","14.7","Humid","27.30","0","43.40","195636.46","SABD0002000012","AAV2.0.0.13","1.1.2.0","PSt7-10","000000-000","6/10/2026 14:47:13","0000-00","0","no battery","V"
"07/09/2026","06:25:11","3","default","198787511","O3","1046.505","min","176.119","µmol/L","Humid","21.455","deg","134946","µV","22.634","°C","1009.000","hPa","34.2","pmil","0","52.118","deg","21.808","°C","226.700","µmol/L","21.407","deg","20.891","°C","1012.000","hPa","0.861","-0.02056","0.00035","-0.00011","0","14.7","Humid","27.30","0","43.40","195633.90","SABD0002000012","AAV2.0.0.13","1.1.2.0","PSt7-10","000000-000","6/10/2026 14:47:13","0000-00","0","no battery","V"
"07/09/2026","06:25:41","3","default","198787511","O3","1047.005","min","176.137","µmol/L","Humid","21.452","deg","134946","µV","22.640","°C","1009.000","hPa","34.2","pmil","0","52.118","deg","21.808","°C","226.700","µmol/L","21.407","deg","20.891","°C","1012.000","hPa","0.861","-0.02056","0.00035","-0.00011","0","14.7","Humid","27.30","0","43.40","195623.32","SABD0002000012","AAV2.0.0.13","1.1.2.0","PSt7-10","000000-000","6/10/2026 14:47:13","0000-00","0","no battery","V"
"07/09/2026","06:26:11","3","default","198787511","O3","1047.505","min","176.137","µmol/L","Humid","21.452","deg","134947","µV","22.640","°C","1009.000","hPa","34.2","pmil","0","52.118","deg","21.808","°C","226.700","µmol/L","21.407","deg","20.891","°C","1012.000","hPa","0.861","-0.02056","0.00035","-0.00011","0","14.7","Humid","27.30","0","43.40","195627.70","SABD0002000012","AAV2.0.0.13","1.1.2.0","PSt7-10","000000-000","6/10/2026 14:47:13","0000-00","0","no battery","V"
"07/09/2026","06:26:41","3","default","198787511","O3","1048.004","min","176.121","µmol/L","Humid","21.453","deg","134935","µV","22.640","°C","1009.000","hPa","34.2","pmil","0","52.118","deg","21.808","°C","226.700","µmol/L","21.407","deg","20.891","°C","1012.000","hPa","0.861","-0.02056","0.00035","-0.00011","0","14.7","Humid","27.30","0","43.40","195629.08","SABD0002000012","AAV2.0.0.13","1.1.2.0","PSt7-10","000000-000","6/10/2026 14:47:13","0000-00","0","no battery","V"
"07/09/2026","06:27:11","3","default","198787511","O3","1048.505","min","176.137","µmol/L","Humid","21.452","deg","134947","µV","22.640","°C","1009.000","hPa","34.2","pmil","0","52.118","deg","21.808","°C","226.700","µmol/L","21.407","deg","20.891","°C","1012.000","hPa","0.861","-0.02056","0.00035","-0.00011","0","14.7","Humid","27.30","0","43.40","195630.03","SABD0002000012","AAV2.0.0.13","1.1.2.0","PSt7-10","000000-000","6/10/2026 14:47:13","0000-00","0","no battery","V"
"07/09/2026","06:27:41","3","default","198787511","O3","1049.005","min","176.090","µmol/L","Humid","21.453","deg","134944","µV","22.646","°C","1009.000","hPa","34.2","pmil","0","52.118","deg","21.808","°C","226.700","µmol/L","21.407","deg","20.891","°C","1012.000","hPa","0.861","-0.02056","0.00035","-0.00011","0","14.7","Humid","27.30","0","43.40","195627.32","SABD0002000012","AAV2.0.0.13","1.1.2.0","PSt7-10","000000-000","6/10/2026 14:47:13","0000-00","0","no battery","V"
"07/09/2026","06:28:11","3","default","198787511","O3","1049.504","min","176.121","µmol/L","Humid","21.453","deg","134945","µV","22.640","°C","1009.000","hPa","34.2","pmil","0","52.118","deg","21.808","°C","226.700","µmol/L","21.407","deg","20.891","°C","1012.000","hPa","0.861","-0.02056","0.00035","-0.00011","0","14.7","Humid","27.30","0","43.40","195633.93","SABD0002000012","AAV2.0.0.13","1.1.2.0","PSt7-10","000000-000","6/10/2026 14:47:13","0000-00","0","no battery","V"
"07/09/2026","06:28:41","3","default","198787511","O3","1050.005","min","176.090","µmol/L","Humid","21.453","deg","134938","µV","22.646","°C","1009.000","hPa","34.2","pmil","0","52.118","deg","21.808","°C","226.700","µmol/L","21.407","deg","20.891","°C","1012.000","hPa","0.861","-0.02056","0.00035","-0.00011","0","14.7","Humid","27.30","0","43.40","195626.19","SABD0002000012","AAV2.0.0.13","1.1.2.0","PSt7-10","000000-000","6/10/2026 14:47:13","0000-00","0","no battery","V"
"07/09/2026","06:29:11","3","default","198787511","O3","1050.505","min","176.137","µmol/L","Humid","21.452","deg","134940","µV","22.640","°C","1009.000","hPa","34.2","pmil","0","52.118","deg","21.808","°C","226.700","µmol/L","21.407","deg","20.891","°C","1012.000","hPa","0.861","-0.02056","0.00035","-0.00011","0","14.7","Humid","27.30","0","43.40","195625.24","SABD0002000012","AAV2.0.0.13","1.1.2.0","PSt7-10","000000-000","6/10/2026 14:47:13","0000-00","0","no battery","V"
"07/09/2026","06:29:41","3","default","198787511","O3","1051.004","min","176.090","µmol/L","Humid","21.453","deg","134929","µV","22.646","°C","1009.000","hPa","34.2","pmil","0","52.118","deg","21.808","°C","226.700","µmol/L","21.407","deg","20.891","°C","1012.000","hPa","0.861","-0.02056","0.00035","-0.00011","0","14.7","Humid","27.30","0","43.40","195627.68","SABD0002000012","AAV2.0.0.13","1.1.2.0","PSt7-10","000000-000","6/10/2026 14:47:13","0000-00","0","no battery","V"
"07/09/2026","06:30:11","3","default","198787511","O3","1051.505","min","176.090","µmol/L","Humid","21.453","deg","134926","µV","22.646","°C","1009.000","hPa","34.2","pmil","0","52.118","deg","21.808","°C","226.700","µmol/L","21.407","deg","20.891","°C","1012.000","hPa","0.861","-0.02056","0.00035","-0.00011","0","14.7","Humid","27.30","0","43.40","195631.49","SABD0002000012","AAV2.0.0.13","1.1.2.0","PSt7-10","000000-000","6/10/2026 14:47:13","0000-00","0","no battery","V"
"07/09/2026","06:30:41","3","default","198787511","O3","1052.004","min","176.171","µmol/L","Humid","21.448","deg","134932","µV","22.646","°C","1009.000","hPa","34.2","pmil","0","52.118","deg","21.808","°C","226.700","µmol/L","21.407","deg","20.891","°C","1012.000","hPa","0.861","-0.02056","0.00035","-0.00011","0","14.7","Humid","27.30","0","43.40","195630.22","SABD0002000012","AAV2.0.0.13","1.1.2.0","PSt7-10","000000-000","6/10/2026 14:47:13","0000-00","0","no battery","V"
"07/09/2026","06:31:11","3","default","198787511","O3","1052.504","min","176.139","µmol/L","Humid","21.450","deg","134925","µV","22.646","°C","1009.000","hPa","34.2","pmil","0","52.118","deg","21.808","°C","226.700","µmol/L","21.407","deg","20.891","°C","1012.000","hPa","0.861","-0.02056","0.00035","-0.00011","0","14.7","Humid","27.30","0","43.40","195635.81","SABD0002000012","AAV2.0.0.13","1.1.2.0","PSt7-10","000000-000","6/10/2026 14:47:13","0000-00","0","no battery","V"
"07/09/2026","06:31:41","3","default","198787511","O3","1053.005","min","176.123","µmol/L","Humid","21.451","deg","134924","µV","22.646","°C","1009.000","hPa","34.2","pmil","0","52.118","deg","21.808","°C","226.700","µmol/L","21.407","deg","20.891","°C","1012.000","hPa","0.861","-0.02056","0.00035","-0.00011","0","14.7","Humid","27.30","0","43.40","195626.65","SABD0002000012","AAV2.0.0.13","1.1.2.0","PSt7-10","000000-000","6/10/2026 14:47:13","0000-00","0","no battery","V"
"07/09/2026","06:32:11","3","default","198787511","O3","1053.504","min","176.157","µmol/L","Humid","21.447","deg","134919","µV","22.652","°C","1009.000","hPa","34.2","pmil","0","52.118","deg","21.808","°C","226.700","µmol/L","21.407","deg","20.891","°C","1012.000","hPa","0.861","-0.02056","0.00035","-0.00011","0","14.7","Humid","27.30","0","43.40","195623.09","SABD0002000012","AAV2.0.0.13","1.1.2.0","PSt7-10","000000-000","6/10/2026 14:47:13","0000-00","0","no battery","V"
"07/09/2026","06:32:41","3","default","198787511","O3","1054.005","min","176.123","µmol/L","Humid","21.451","deg","134920","µV","22.646","°C","1009.000","hPa","34.2","pmil","0","52.118","deg","21.808","°C","226.700","µmol/L","21.407","deg","20.891","°C","1012.000","hPa","0.861","-0.02056","0.00035","-0.00011","0","14.7","Humid","27.30","0","43.40","195626.16","SABD0002000012","AAV2.0.0.13","1.1.2.0","PSt7-10","000000-000","6/10/2026 14:47:13","0000-00","0","no battery","V"
"07/09/2026","06:33:11","3","default","198787511","O3","1054.505","min","176.155","µmol/L","Humid","21.449","deg","134909","µV","22.646","°C","1009.000","hPa","34.2","pmil","0","52.118","deg","21.808","°C","226.700","µmol/L","21.407","deg","20.891","°C","1012.000","hPa","0.861","-0.02056","0.00035","-0.00011","0","14.7","Humid","27.30","0","43.40","195621.67","SABD0002000012","AAV2.0.0.13","1.1.2.0","PSt7-10","000000-000","6/10/2026 14:47:13","0000-00","0","no battery","V"
"07/09/2026","06:33:41","3","default","198787511","O3","1055.004","min","176.139","µmol/L","Humid","21.450","deg","134900","µV","22.646","°C","1009.000","hPa","34.2","pmil","0","52.118","deg","21.808","°C","226.700","µmol/L","21.407","deg","20.891","°C","1012.000","hPa","0.861","-0.02056","0.00035","-0.00011","0","14.7","Humid","27.30","0","43.40","195621.21","SABD0002000012","AAV2.0.0.13","1.1.2.0","PSt7-10","000000-000","6/10/2026 14:47:13","0000-00","0","no battery","V"
"07/09/2026","06:34:11","3","default","198787511","O3","1055.505","min","176.157","µmol/L","Humid","21.447","deg","134910","µV","22.652","°C","1009.000","hPa","34.2","pmil","0","52.118","deg","21.808","°C","226.700","µmol/L","21.407","deg","20.891","°C","1012.000","hPa","0.861","-0.02056","0.00035","-0.00011","0","14.7","Humid","27.30","0","43.40","195626.09","SABD0002000012","AAV2.0.0.13","1.1.2.0","PSt7-10","000000-000","6/10/2026 14:47:13","0000-00","0","no battery","V"
"07/09/2026","06:34:41","3","default","198787511","O3","1056.005","min","176.139","µmol/L","Humid","21.450","deg","134901","µV","22.646","°C","1009.000","hPa","34.2","pmil","0","52.118","deg","21.808","°C","226.700","µmol/L","21.407","deg","20.891","°C","1012.000","hPa","0.861","-0.02056","0.00035","-0.00011","0","14.7","Humid","27.30","0","43.40","195621.12","SABD0002000012","AAV2.0.0.13","1.1.2.0","PSt7-10","000000-000","6/10/2026 14:47:13","0000-00","0","no battery","V"
"07/09/2026","06:35:11","3","default","198787511","O3","1056.504","min","176.125","µmol/L","Humid","21.449","deg","134900","µV","22.652","°C","1009.000","hPa","34.2","pmil","0","52.118","deg","21.808","°C","226.700","µmol/L","21.407","deg","20.891","°C","1012.000","hPa","0.861","-0.02056","0.00035","-0.00011","0","14.7","Humid","27.30","0","43.40","195613.33","SABD0002000012","AAV2.0.0.13","1.1.2.0","PSt7-10","000000-000","6/10/2026 14:47:13","0000-00","0","no battery","V"
"07/09/2026","06:35:41","3","default","198787511","O3","1057.005","min","176.139","µmol/L","Humid","21.450","deg","134908","µV","22.646","°C","1009.000","hPa","34.2","pmil","0","52.118","deg","21.808","°C","226.700","µmol/L","21.407","deg","20.891","°C","1012.000","hPa","0.861","-0.02056","0.00035","-0.00011","0","14.7","Humid","27.30","0","43.40","195613.31","SABD0002000012","AAV2.0.0.13","1.1.2.0","PSt7-10","000000-000","6/10/2026 14:47:13","0000-00","0","no battery","V"
"07/09/2026","06:36:11","3","default","198787511","O3","1057.505","min","176.157","µmol/L","Humid","21.447","deg","134896","µV","22.652","°C","1009.000","hPa","34.2","pmil","0","52.118","deg","21.808","°C","226.700","µmol/L","21.407","deg","20.891","°C","1012.000","hPa","0.861","-0.02056","0.00035","-0.00011","0","14.7","Humid","27.30","0","43.40","195611.31","SABD0002000012","AAV2.0.0.13","1.1.2.0","PSt7-10","000000-000","6/10/2026 14:47:13","0000-00","0","no battery","V"
"07/09/2026","06:36:41","3","default","198787511","O3","1058.004","min","176.060","µmol/L","Humid","21.453","deg","134896","µV","22.652","°C","1009.000","hPa","34.2","pmil","0","52.118","deg","21.808","°C","226.700","µmol/L","21.407","deg","20.891","°C","1012.000","hPa","0.861","-0.02056","0.00035","-0.00011","0","14.7","Humid","27.30","0","43.40","195611.26","SABD0002000012","AAV2.0.0.13","1.1.2.0","PSt7-10","000000-000","6/10/2026 14:47:13","0000-00","0","no battery","V"
"07/09/2026","06:37:11","3","default","198787511","O3","1058.505","min","176.126","µmol/L","Humid","21.447","deg","134899","µV","22.659","°C","1009.000","hPa","34.2","pmil","0","52.118","deg","21.808","°C","226.700","µmol/L","21.407","deg","20.891","°C","1012.000","hPa","0.861","-0.02056","0.00035","-0.00011","0","14.7","Humid","27.30","0","43.40","195614.14","SABD0002000012","AAV2.0.0.13","1.1.2.0","PSt7-10","000000-000","6/10/2026 14:47:13","0000-00","0","no battery","V"
"07/09/2026","06:37:41","3","default","198787511","O3","1059.005","min","176.169","µmol/L","Humid","21.450","deg","134893","µV","22.640","°C","1009.000","hPa","34.2","pmil","0","52.118","deg","21.808","°C","226.700","µmol/L","21.407","deg","20.891","°C","1012.000","hPa","0.861","-0.02056","0.00035","-0.00011","0","14.7","Humid","27.30","0","43.40","195610.62","SABD0002000012","AAV2.0.0.13","1.1.2.0","PSt7-10","000000-000","6/10/2026 14:47:13","0000-00","0","no battery","V"
"07/09/2026","06:38:11","3","default","198787511","O3","1059.504","min","176.185","µmol/L","Humid","21.449","deg","134901","µV","22.640","°C","1009.000","hPa","34.2","pmil","0","52.118","deg","21.808","°C","226.700","µmol/L","21.407","deg","20.891","°C","1012.000","hPa","0.861","-0.02056","0.00035","-0.00011","0","14.7","Humid","27.30","0","43.40","195615.65","SABD0002000012","AAV2.0.0.13","1.1.2.0","PSt7-10","000000-000","6/10/2026 14:47:13","0000-00","0","no battery","V"
"07/09/2026","06:38:41","3","default","198787511","O3","1060.005","min","176.139","µmol/L","Humid","21.450","deg","134897","µV","22.646","°C","1009.000","hPa","34.2","pmil","0","52.118","deg","21.808","°C","226.700","µmol/L","21.407","deg","20.891","°C","1012.000","hPa","0.861","-0.02056","0.00035","-0.00011","0","14.7","Humid","27.30","0","43.40","195608.94","SABD0002000012","AAV2.0.0.13","1.1.2.0","PSt7-10","000000-000","6/10/2026 14:47:13","0000-00","0","no battery","V"
"07/09/2026","06:39:11","3","default","198787511","O3","1060.504","min","176.107","µmol/L","Humid","21.452","deg","134896","µV","22.646","°C","1009.000","hPa","34.2","pmil","0","52.118","deg","21.808","°C","226.700","µmol/L","21.407","deg","20.891","°C","1012.000","hPa","0.861","-0.02056","0.00035","-0.00011","0","14.7","Humid","27.30","0","43.40","195609.84","SABD0002000012","AAV2.0.0.13","1.1.2.0","PSt7-10","000000-000","6/10/2026 14:47:13","0000-00","0","no battery","V"
"07/09/2026","06:39:41","3","default","198787511","O3","1061.005","min","176.155","µmol/L","Humid","21.449","deg","134893","µV","22.646","°C","1009.000","hPa","34.2","pmil","0","52.118","deg","21.808","°C","226.700","µmol/L","21.407","deg","20.891","°C","1012.000","hPa","0.861","-0.02056","0.00035","-0.00011","0","14.7","Humid","27.30","0","43.40","195606.71","SABD0002000012","AAV2.0.0.13","1.1.2.0","PSt7-10","000000-000","6/10/2026 14:47:13","0000-00","0","no battery","V"
"07/09/2026","06:40:11","3","default","198787511","O3","1061.504","min","176.157","µmol/L","Humid","21.447","deg","134906","µV","22.652","°C","1009.000","hPa","34.2","pmil","0","52.118","deg","21.808","°C","226.700","µmol/L","21.407","deg","20.891","°C","1012.000","hPa","0.861","-0.02056","0.00035","-0.00011","0","14.7","Humid","27.30","0","43.40","195622.56","SABD0002000012","AAV2.0.0.13","1.1.2.0","PSt7-10","000000-000","6/10/2026 14:47:13","0000-00","0","no battery","V"
"07/09/2026","06:40:41","3","default","198787511","O3","1062.005","min","176.169","µmol/L","Humid","21.450","deg","134896","µV","22.640","°C","1009.000","hPa","34.2","pmil","0","52.118","deg","21.808","°C","226.700","µmol/L","21.407","deg","20.891","°C","1012.000","hPa","0.861","-0.02056","0.00035","-0.00011","0","14.7","Humid","27.30","0","43.40","195612.62","SABD0002000012","AAV2.0.0.13","1.1.2.0","PSt7-10","000000-000","6/10/2026 14:47:13","0000-00","0","no battery","V"
"07/09/2026","06:41:11","3","default","198787511","O3","1062.505","min","176.121","µmol/L","Humid","21.453","deg","134886","µV","22.640","°C","1009.000","hPa","34.2","pmil","0","52.118","deg","21.808","°C","226.700","µmol/L","21.407","deg","20.891","°C","1012.000","hPa","0.861","-0.02056","0.00035","-0.00011","0","14.7","Humid","27.30","0","43.40","195603.39","SABD0002000012","AAV2.0.0.13","1.1.2.0","PSt7-10","000000-000","6/10/2026 14:47:13","0000-00","0","no battery","V"
"07/09/2026","06:41:41","3","default","198787511","O3","1063.004","min","176.157","µmol/L","Humid","21.447","deg","134869","µV","22.652","°C","1009.000","hPa","34.2","pmil","0","52.118","deg","21.808","°C","226.700","µmol/L","21.407","deg","20.891","°C","1012.000","hPa","0.861","-0.02056","0.00035","-0.00011","0","14.7","Humid","27.30","0","43.40","195605.57","SABD0002000012","AAV2.0.0.13","1.1.2.0","PSt7-10","000000-000","6/10/2026 14:47:13","0000-00","0","no battery","V"
"07/09/2026","06:42:11","3","default","198787511","O3","1063.505","min","176.266","µmol/L","Humid","21.444","deg","134867","µV","22.640","°C","1009.000","hPa","34.2","pmil","0","52.118","deg","21.808","°C","226.700","µmol/L","21.407","deg","20.891","°C","1012.000","hPa","0.861","-0.02056","0.00035","-0.00011","0","14.7","Humid","27.30","0","43.40","195605.65","SABD0002000012","AAV2.0.0.13","1.1.2.0","PSt7-10","000000-000","6/10/2026 14:47:13","0000-00","0","no battery","V"
"07/09/2026","06:42:41","3","default","198787511","O3","1064.005","min","176.255","µmol/L","Humid","21.439","deg","134847","µV","22.659","°C","1009.000","hPa","34.2","pmil","0","52.118","deg","21.808","°C","226.700","µmol/L","21.407","deg","20.891","°C","1012.000","hPa","0.861","-0.02056","0.00035","-0.00011","0","14.7","Humid","27.30","0","43.40","195597.00","SABD0002000012","AAV2.0.0.13","1.1.2.0","PSt7-10","000000-000","6/10/2026 14:47:13","0000-00","0","no battery","V"
"07/09/2026","06:43:11","3","default","198787511","O3","1064.504","min","176.252","µmol/L","Humid","21.443","deg","134825","µV","22.646","°C","1009.000","hPa","34.2","pmil","0","52.118","deg","21.808","°C","226.700","µmol/L","21.407","deg","20.891","°C","1012.000","hPa","0.861","-0.02056","0.00035","-0.00011","0","14.7","Humid","27.30","0","43.40","195585.97","SABD0002000012","AAV2.0.0.13","1.1.2.0","PSt7-10","000000-000","6/10/2026 14:47:13","0000-00","0","no battery","V"
"07/09/2026","06:43:41","3","default","198787511","O3","1065.005","min","176.191","µmol/L","Humid","21.443","deg","134813","µV","22.659","°C","1009.000","hPa","34.2","pmil","0","52.118","deg","21.808","°C","226.700","µmol/L","21.407","deg","20.891","°C","1012.000","hPa","0.861","-0.02056","0.00035","-0.00011","0","14.7","Humid","27.30","0","43.40","195575.83","SABD0002000012","AAV2.0.0.13","1.1.2.0","PSt7-10","000000-000","6/10/2026 14:47:13","0000-00","0","no battery","V"
"07/09/2026","06:44:11","3","default","198787511","O3","1065.505","min","176.175","µmol/L","Humid","21.444","deg","134815","µV","22.659","°C","1009.000","hPa","34.2","pmil","0","52.118","deg","21.808","°C","226.700","µmol/L","21.407","deg","20.891","°C","1012.000","hPa","0.861","-0.02056","0.00035","-0.00011","0","14.7","Humid","27.30","0","43.40","195583.41","SABD0002000012","AAV2.0.0.13","1.1.2.0","PSt7-10","000000-000","6/10/2026 14:47:13","0000-00","0","no battery","V"
"07/09/2026","06:44:41","3","default","198787511","O3","1066.004","min","176.207","µmol/L","Humid","21.442","deg","134813","µV","22.659","°C","1009.000","hPa","34.2","pmil","0","52.118","deg","21.808","°C","226.700","µmol/L","21.407","deg","20.891","°C","1012.000","hPa","0.861","-0.02056","0.00035","-0.00011","0","14.7","Humid","27.30","0","43.40","195568.61","SABD0002000012","AAV2.0.0.13","1.1.2.0","PSt7-10","000000-000","6/10/2026 14:47:13","0000-00","0","no battery","V"
"07/09/2026","06:45:11","3","default","198787511","O3","1066.504","min","176.128","µmol/L","Humid","21.445","deg","134816","µV","22.665","°C","1009.000","hPa","34.2","pmil","0","52.118","deg","21.808","°C","226.700","µmol/L","21.407","deg","20.891","°C","1012.000","hPa","0.861","-0.02056","0.00035","-0.00011","0","14.7","Humid","27.30","0","43.40","195554.99","SABD0002000012","AAV2.0.0.13","1.1.2.0","PSt7-10","000000-000","6/10/2026 14:47:13","0000-00","0","no battery","V"
"07/09/2026","06:45:41","3","default","198787511","O3","1067.004","min","176.189","µmol/L","Humid","21.445","deg","134818","µV","22.652","°C","1009.000","hPa","34.2","pmil","0","52.118","deg","21.808","°C","226.700","µmol/L","21.407","deg","20.891","°C","1012.000","hPa","0.861","-0.02056","0.00035","-0.00011","0","14.7","Humid","27.30","0","43.40","195559.40","SABD0002000012","AAV2.0.0.13","1.1.2.0","PSt7-10","000000-000","6/10/2026 14:47:13","0000-00","0","no battery","V"
"07/09/2026","06:46:11","3","default","198787511","O3","1067.505","min","176.173","µmol/L","Humid","21.446","deg","134821","µV","22.652","°C","1009.000","hPa","34.2","pmil","0","52.118","deg","21.808","°C","226.700","µmol/L","21.407","deg","20.891","°C","1012.000","hPa","0.861","-0.02056","0.00035","-0.00011","0","14.7","Humid","27.30","0","43.40","195548.63","SABD0002000012","AAV2.0.0.13","1.1.2.0","PSt7-10","000000-000","6/10/2026 14:47:13","0000-00","0","no battery","V"
"07/09/2026","06:46:41","3","default","198787511","O3","1068.005","min","176.141","µmol/L","Humid","21.448","deg","134826","µV","22.652","°C","1009.000","hPa","34.2","pmil","0","52.118","deg","21.808","°C","226.700","µmol/L","21.407","deg","20.891","°C","1012.000","hPa","0.861","-0.02056","0.00035","-0.00011","0","14.7","Humid","27.30","0","43.40","195565.05","SABD0002000012","AAV2.0.0.13","1.1.2.0","PSt7-10","000000-000","6/10/2026 14:47:13","0000-00","0","no battery","V"
"07/09/2026","06:47:11","3","default","198787511","O3","1068.504","min","176.157","µmol/L","Humid","21.447","deg","134825","µV","22.652","°C","1009.000","hPa","34.2","pmil","0","52.118","deg","21.808","°C","226.700","µmol/L","21.407","deg","20.891","°C","1012.000","hPa","0.861","-0.02056","0.00035","-0.00011","0","14.7","Humid","27.30","0","43.40","195562.88","SABD0002000012","AAV2.0.0.13","1.1.2.0","PSt7-10","000000-000","6/10/2026 14:47:13","0000-00","0","no battery","V"
"07/09/2026","06:47:41","3","default","198787511","O3","1069.005","min","176.064","µmol/L","Humid","21.449","deg","134832","µV","22.665","°C","1009.000","hPa","34.2","pmil","0","52.118","deg","21.808","°C","226.700","µmol/L","21.407","deg","20.891","°C","1012.000","hPa","0.861","-0.02056","0.00035","-0.00011","0","14.7","Humid","27.30","0","43.40","195559.81","SABD0002000012","AAV2.0.0.13","1.1.2.0","PSt7-10","000000-000","6/10/2026 14:47:13","0000-00","0","no battery","V"
"07/09/2026","06:48:11","3","default","198787511","O3","1069.504","min","176.108","µmol/L","Humid","21.450","deg","134817","µV","22.652","°C","1009.000","hPa","34.2","pmil","0","52.118","deg","21.808","°C","226.700","µmol/L","21.407","deg","20.891","°C","1012.000","hPa","0.861","-0.02056","0.00035","-0.00011","0","14.7","Humid","27.30","0","43.40","195569.66","SABD0002000012","AAV2.0.0.13","1.1.2.0","PSt7-10","000000-000","6/10/2026 14:47:13","0000-00","0","no battery","V"
"07/09/2026","06:48:41","3","default","198787511","O3","1070.004","min","176.205","µmol/L","Humid","21.444","deg","134816","µV","22.652","°C","1009.000","hPa","34.2","pmil","0","52.118","deg","21.808","°C","226.700","µmol/L","21.407","deg","20.891","°C","1012.000","hPa","0.861","-0.02056","0.00035","-0.00011","0","14.7","Humid","27.30","0","43.40","195564.60","SABD0002000012","AAV2.0.0.13","1.1.2.0","PSt7-10","000000-000","6/10/2026 14:47:13","0000-00","0","no battery","V"
"07/09/2026","06:49:11","3","default","198787511","O3","1070.505","min","176.126","µmol/L","Humid","21.447","deg","134820","µV","22.659","°C","1009.000","hPa","34.2","pmil","0","52.118","deg","21.808","°C","226.700","µmol/L","21.407","deg","20.891","°C","1012.000","hPa","0.861","-0.02056","0.00035","-0.00011","0","14.7","Humid","27.30","0","43.40","195572.23","SABD0002000012","AAV2.0.0.13","1.1.2.0","PSt7-10","000000-000","6/10/2026 14:47:13","0000-00","0","no battery","V"
"07/09/2026","06:49:41","3","default","198787511","O3","1071.005","min","176.173","µmol/L","Humid","21.446","deg","134808","µV","22.652","°C","1009.000","hPa","34.2","pmil","0","52.118","deg","21.808","°C","226.700","µmol/L","21.407","deg","20.891","°C","1012.000","hPa","0.861","-0.02056","0.00035","-0.00011","0","14.7","Humid","27.30","0","43.40","195559.71","SABD0002000012","AAV2.0.0.13","1.1.2.0","PSt7-10","000000-000","6/10/2026 14:47:13","0000-00","0","no battery","V"
"07/09/2026","06:50:11","3","default","198787511","O3","1071.505","min","176.221","µmol/L","Humid","21.443","deg","134808","µV","22.652","°C","1009.000","hPa","34.2","pmil","0","52.118","deg","21.808","°C","226.700","µmol/L","21.407","deg","20.891","°C","1012.000","hPa","0.861","-0.02056","0.00035","-0.00011","0","14.7","Humid","27.30","0","43.40","195562.89","SABD0002000012","AAV2.0.0.13","1.1.2.0","PSt7-10","000000-000","6/10/2026 14:47:13","0000-00","0","no battery","V"
"07/09/2026","06:50:41","3","default","198787511","O3","1072.005","min","176.254","µmol/L","Humid","21.441","deg","134809","µV","22.652","°C","1009.000","hPa","34.2","pmil","0","52.118","deg","21.808","°C","226.700","µmol/L","21.407","deg","20.891","°C","1012.000","hPa","0.861","-0.02056","0.00035","-0.00011","0","14.7","Humid","27.30","0","43.40","195565.07","SABD0002000012","AAV2.0.0.13","1.1.2.0","PSt7-10","000000-000","6/10/2026 14:47:13","0000-00","0","no battery","V"
"07/09/2026","06:51:11","3","default","198787511","O3","1072.504","min","176.175","µmol/L","Humid","21.444","deg","134803","µV","22.659","°C","1009.000","hPa","34.2","pmil","0","52.118","deg","21.808","°C","226.700","µmol/L","21.407","deg","20.891","°C","1012.000","hPa","0.861","-0.02056","0.00035","-0.00011","0","14.7","Humid","27.30","0","43.40","195564.71","SABD0002000012","AAV2.0.0.13","1.1.2.0","PSt7-10","000000-000","6/10/2026 14:47:13","0000-00","0","no battery","V"
"07/09/2026","06:51:41","3","default","198787511","O3","1073.005","min","176.159","µmol/L","Humid","21.445","deg","134794","µV","22.659","°C","1009.000","hPa","34.2","pmil","0","52.118","deg","21.808","°C","226.700","µmol/L","21.407","deg","20.891","°C","1012.000","hPa","0.861","-0.02056","0.00035","-0.00011","0","14.7","Humid","27.30","0","43.40","195567.56","SABD0002000012","AAV2.0.0.13","1.1.2.0","PSt7-10","000000-000","6/10/2026 14:47:13","0000-00","0","no battery","V"
"07/09/2026","06:52:11","3","default","198787511","O3","1073.505","min","176.189","µmol/L","Humid","21.445","deg","134799","µV","22.652","°C","1009.000","hPa","34.2","pmil","0","52.118","deg","21.808","°C","226.700","µmol/L","21.407","deg","20.891","°C","1012.000","hPa","0.861","-0.02056","0.00035","-0.00011","0","14.7","Humid","27.30","0","43.40","195557.85","SABD0002000012","AAV2.0.0.13","1.1.2.0","PSt7-10","000000-000","6/10/2026 14:47:13","0000-00","0","no battery","V"
"07/09/2026","06:52:41","3","default","198787511","O3","1074.005","min","176.207","µmol/L","Humid","21.442","deg","134797","µV","22.659","°C","1009.000","hPa","34.2","pmil","0","52.118","deg","21.808","°C","226.700","µmol/L","21.407","deg","20.891","°C","1012.000","hPa","0.861","-0.02056","0.00035","-0.00011","0","14.7","Humid","27.30","0","43.40","195566.30","SABD0002000012","AAV2.0.0.13","1.1.2.0","PSt7-10","000000-000","6/10/2026 14:47:13","0000-00","0","no battery","V"
"07/09/2026","06:53:11","3","default","198787511","O3","1074.504","min","176.189","µmol/L","Humid","21.445","deg","134795","µV","22.652","°C","1009.000","hPa","34.2","pmil","0","52.118","deg","21.808","°C","226.700","µmol/L","21.407","deg","20.891","°C","1012.000","hPa","0.861","-0.02056","0.00035","-0.00011","0","14.7","Humid","27.30","0","43.40","195553.92","SABD0002000012","AAV2.0.0.13","1.1.2.0","PSt7-10","000000-000","6/10/2026 14:47:13","0000-00","0","no battery","V"
"07/09/2026","06:53:41","3","default","198787511","O3","1075.005","min","176.254","µmol/L","Humid","21.441","deg","134781","µV","22.652","°C","1009.000","hPa","34.2","pmil","0","52.118","deg","21.808","°C","226.700","µmol/L","21.407","deg","20.891","°C","1012.000","hPa","0.861","-0.02056","0.00035","-0.00011","0","14.7","Humid","27.30","0","43.40","195561.50","SABD0002000012","AAV2.0.0.13","1.1.2.0","PSt7-10","000000-000","6/10/2026 14:47:13","0000-00","0","no battery","V"
"07/09/2026","06:54:11","3","default","198787511","O3","1075.504","min","176.191","µmol/L","Humid","21.443","deg","134787","µV","22.659","°C","1009.000","hPa","34.2","pmil","0","52.118","deg","21.808","°C","226.700","µmol/L","21.407","deg","20.891","°C","1012.000","hPa","0.861","-0.02056","0.00035","-0.00011","0","14.7","Humid","27.30","0","43.40","195549.31","SABD0002000012","AAV2.0.0.13","1.1.2.0","PSt7-10","000000-000","6/10/2026 14:47:13","0000-00","0","no battery","V"
"07/09/2026","06:54:41","3","default","198787511","O3","1076.004","min","176.191","µmol/L","Humid","21.443","deg","134786","µV","22.659","°C","1009.000","hPa","34.2","pmil","0","52.118","deg","21.808","°C","226.700","µmol/L","21.407","deg","20.891","°C","1012.000","hPa","0.861","-0.02056","0.00035","-0.00011","0","14.7","Humid","27.30","0","43.40","195558.08","SABD0002000012","AAV2.0.0.13","1.1.2.0","PSt7-10","000000-000","6/10/2026 14:47:13","0000-00","0","no battery","V"
"07/09/2026","06:55:11","3","default","198787511","O3","1076.505","min","176.098","µmol/L","Humid","21.445","deg","134795","µV","22.671","°C","1009.000","hPa","34.2","pmil","0","52.118","deg","21.808","°C","226.700","µmol/L","21.407","deg","20.891","°C","1012.000","hPa","0.861","-0.02056","0.00035","-0.00011","0","14.7","Humid","27.30","0","43.40","195567.53","SABD0002000012","AAV2.0.0.13","1.1.2.0","PSt7-10","000000-000","6/10/2026 14:47:13","0000-00","0","no battery","V"
"07/09/2026","06:55:41","3","default","198787511","O3","1077.005","min","176.144","µmol/L","Humid","21.444","deg","134783","µV","22.665","°C","1009.000","hPa","34.2","pmil","0","52.118","deg","21.808","°C","226.700","µmol/L","21.407","deg","20.891","°C","1012.000","hPa","0.861","-0.02056","0.00035","-0.00011","0","14.7","Humid","27.30","0","43.40","195574.02","SABD0002000012","AAV2.0.0.13","1.1.2.0","PSt7-10","000000-000","6/10/2026 14:47:13","0000-00","0","no battery","V"
"07/09/2026","06:56:11","3","default","198787511","O3","1077.505","min","176.175","µmol/L","Humid","21.444","deg","134791","µV","22.659","°C","1009.000","hPa","34.2","pmil","0","52.118","deg","21.808","°C","226.700","µmol/L","21.407","deg","20.891","°C","1012.000","hPa","0.861","-0.02056","0.00035","-0.00011","0","14.7","Humid","27.30","0","43.40","195570.98","SABD0002000012","AAV2.0.0.13","1.1.2.0","PSt7-10","000000-000","6/10/2026 14:47:13","0000-00","0","no battery","V"
"07/09/2026","06:56:41","3","default","198787511","O3","1078.004","min","176.175","µmol/L","Humid","21.444","deg","134780","µV","22.659","°C","1009.000","hPa","34.2","pmil","0","52.118","deg","21.808","°C","226.700","µmol/L","21.407","deg","20.891","°C","1012.000","hPa","0.861","-0.02056","0.00035","-0.00011","0","14.7","Humid","27.30","0","43.40","195573.23","SABD0002000012","AAV2.0.0.13","1.1.2.0","PSt7-10","000000-000","6/10/2026 14:47:13","0000-00","0","no battery","V"
"07/09/2026","06:57:11","3","default","198787511","O3","1078.505","min","176.142","µmol/L","Humid","21.446","deg","134797","µV","22.659","°C","1009.000","hPa","34.2","pmil","0","52.118","deg","21.808","°C","226.700","µmol/L","21.407","deg","20.891","°C","1012.000","hPa","0.861","-0.02056","0.00035","-0.00011","0","14.7","Humid","27.30","0","43.40","195582.56","SABD0002000012","AAV2.0.0.13","1.1.2.0","PSt7-10","000000-000","6/10/2026 14:47:13","0000-00","0","no battery","V"
"07/09/2026","06:57:41","3","default","198787511","O3","1079.005","min","176.207","µmol/L","Humid","21.442","deg","134790","µV","22.659","°C","1009.000","hPa","34.2","pmil","0","52.118","deg","21.808","°C","226.700","µmol/L","21.407","deg","20.891","°C","1012.000","hPa","0.861","-0.02056","0.00035","-0.00011","0","14.7","Humid","27.30","0","43.40","195571.97","SABD0002000012","AAV2.0.0.13","1.1.2.0","PSt7-10","000000-000","6/10/2026 14:47:13","0000-00","0","no battery","V"
"07/09/2026","06:58:11","3","default","198787511","O3","1079.504","min","176.175","µmol/L","Humid","21.444","deg","134798","µV","22.659","°C","1009.000","hPa","34.2","pmil","0","52.118","deg","21.808","°C","226.700","µmol/L","21.407","deg","20.891","°C","1012.000","hPa","0.861","-0.02056","0.00035","-0.00011","0","14.7","Humid","27.30","0","43.40","195570.71","SABD0002000012","AAV2.0.0.13","1.1.2.0","PSt7-10","000000-000","6/10/2026 14:47:13","0000-00","0","no battery","V"
"07/09/2026","06:58:41","3","default","198787511","O3","1080.005","min","176.189","µmol/L","Humid","21.445","deg","134794","µV","22.652","°C","1009.000","hPa","34.2","pmil","0","52.118","deg","21.808","°C","226.700","µmol/L","21.407","deg","20.891","°C","1012.000","hPa","0.861","-0.02056","0.00035","-0.00011","0","14.7","Humid","27.30","0","43.40","195578.89","SABD0002000012","AAV2.0.0.13","1.1.2.0","PSt7-10","000000-000","6/10/2026 14:47:13","0000-00","0","no battery","V"
"07/09/2026","06:59:11","3","default","198787511","O3","1080.504","min","176.139","µmol/L","Humid","21.450","deg","134810","µV","22.646","°C","1009.000","hPa","34.2","pmil","0","52.118","deg","21.808","°C","226.700","µmol/L","21.407","deg","20.891","°C","1012.000","hPa","0.861","-0.02056","0.00035","-0.00011","0","14.7","Humid","27.30","0","43.40","195573.49","SABD0002000012","AAV2.0.0.13","1.1.2.0","PSt7-10","000000-000","6/10/2026 14:47:13","0000-00","0","no battery","V"
"07/09/2026","06:59:41","3","default","198787511","O3","1081.005","min","176.159","µmol/L","Humid","21.445","deg","134807","µV","22.659","°C","1009.000","hPa","34.2","pmil","0","52.118","deg","21.808","°C","226.700","µmol/L","21.407","deg","20.891","°C","1012.000","hPa","0.861","-0.02056","0.00035","-0.00011","0","14.7","Humid","27.30","0","43.40","195568.43","SABD0002000012","AAV2.0.0.13","1.1.2.0","PSt7-10","000000-000","6/10/2026 14:47:13","0000-00","0","no battery","V"
"07/09/2026","07:00:11","3","default","198787511","O3","1081.504","min","176.033","µmol/L","Humid","21.449","deg","134793","µV","22.671","°C","1009.000","hPa","34.2","pmil","0","52.118","deg","21.808","°C","226.700","µmol/L","21.407","deg","20.891","°C","1012.000","hPa","0.861","-0.02056","0.00035","-0.00011","0","14.7","Humid","27.30","0","43.40","195567.83","SABD0002000012","AAV2.0.0.13","1.1.2.0","PSt7-10","000000-000","6/10/2026 14:47:13","0000-00","0","no battery","V"
"07/09/2026","07:00:41","3","default","198787511","O3","1082.004","min","176.069","µmol/L","Humid","21.443","deg","134782","µV","22.683","°C","1009.000","hPa","34.2","pmil","0","52.118","deg","21.808","°C","226.700","µmol/L","21.407","deg","20.891","°C","1012.000","hPa","0.861","-0.02056","0.00035","-0.00011","0","14.7","Humid","27.30","0","43.40","195570.24","SABD0002000012","AAV2.0.0.13","1.1.2.0","PSt7-10","000000-000","6/10/2026 14:47:13","0000-00","0","no battery","V"
"07/09/2026","07:01:11","3","default","198787511","O3","1082.505","min","176.083","µmol/L","Humid","21.444","deg","134768","µV","22.677","°C","1009.000","hPa","34.2","pmil","0","52.118","deg","21.808","°C","226.700","µmol/L","21.407","deg","20.891","°C","1012.000","hPa","0.861","-0.02056","0.00035","-0.00011","0","14.7","Humid","27.30","0","43.40","195566.30","SABD0002000012","AAV2.0.0.13","1.1.2.0","PSt7-10","000000-000","6/10/2026 14:47:13","0000-00","0","no battery","V"
"07/09/2026","07:01:41","3","default","198787511","O3","1083.004","min","176.148","µmol/L","Humid","21.440","deg","134752","µV","22.677","°C","1009.000","hPa","34.2","pmil","0","52.118","deg","21.808","°C","226.700","µmol/L","21.407","deg","20.891","°C","1012.000","hPa","0.861","-0.02056","0.00035","-0.00011","0","14.7","Humid","27.30","0","43.40","195572.11","SABD0002000012","AAV2.0.0.13","1.1.2.0","PSt7-10","000000-000","6/10/2026 14:47:13","0000-00","0","no battery","V"
"07/09/2026","07:02:11","3","default","198787511","O3","1083.505","min","176.211","µmol/L","Humid","21.438","deg","134748","µV","22.671","°C","1009.000","hPa","34.2","pmil","0","52.118","deg","21.808","°C","226.700","µmol/L","21.407","deg","20.891","°C","1012.000","hPa","0.861","-0.02056","0.00035","-0.00011","0","14.7","Humid","27.30","0","43.40","195579.83","SABD0002000012","AAV2.0.0.13","1.1.2.0","PSt7-10","000000-000","6/10/2026 14:47:13","0000-00","0","no battery","V"
"07/09/2026","07:02:41","3","default","198787511","O3","1084.005","min","176.243","µmol/L","Humid","21.436","deg","134744","µV","22.671","°C","1009.000","hPa","34.2","pmil","0","52.118","deg","21.808","°C","226.700","µmol/L","21.407","deg","20.891","°C","1012.000","hPa","0.861","-0.02056","0.00035","-0.00011","0","14.7","Humid","27.30","0","43.40","195585.30","SABD0002000012","AAV2.0.0.13","1.1.2.0","PSt7-10","000000-000","6/10/2026 14:47:13","0000-00","0","no battery","V"
"07/09/2026","07:03:11","3","default","198787511","O3","1084.505","min","176.178","µmol/L","Humid","21.440","deg","134731","µV","22.671","°C","1009.000","hPa","34.2","pmil","0","52.118","deg","21.808","°C","226.700","µmol/L","21.407","deg","20.891","°C","1012.000","hPa","0.861","-0.02056","0.00035","-0.00011","0","14.7","Humid","27.30","0","43.40","195582.36","SABD0002000012","AAV2.0.0.13","1.1.2.0","PSt7-10","000000-000","6/10/2026 14:47:13","0000-00","0","no battery","V"
"07/09/2026","07:03:41","3","default","198787511","O3","1085.004","min","176.227","µmol/L","Humid","21.437","deg","134758","µV","22.671","°C","1009.000","hPa","34.2","pmil","0","52.118","deg","21.808","°C","226.700","µmol/L","21.407","deg","20.891","°C","1012.000","hPa","0.861","-0.02056","0.00035","-0.00011","0","14.7","Humid","27.30","0","43.40","195576.69","SABD0002000012","AAV2.0.0.13","1.1.2.0","PSt7-10","000000-000","6/10/2026 14:47:13","0000-00","0","no battery","V"
"07/09/2026","07:04:11","3","default","198787511","O3","1085.505","min","176.146","µmol/L","Humid","21.442","deg","134760","µV","22.671","°C","1009.000","hPa","34.2","pmil","0","52.118","deg","21.808","°C","226.700","µmol/L","21.407","deg","20.891","°C","1012.000","hPa","0.861","-0.02056","0.00035","-0.00011","0","14.7","Humid","27.30","0","43.40","195578.66","SABD0002000012","AAV2.0.0.13","1.1.2.0","PSt7-10","000000-000","6/10/2026 14:47:13","0000-00","0","no battery","V"
"07/09/2026","07:04:41","3","default","198787511","O3","1086.004","min","176.132","µmol/L","Humid","21.441","deg","134770","µV","22.677","°C","1009.000","hPa","34.2","pmil","0","52.118","deg","21.808","°C","226.700","µmol/L","21.407","deg","20.891","°C","1012.000","hPa","0.861","-0.02056","0.00035","-0.00011","0","14.7","Humid","27.30","0","43.40","195588.79","SABD0002000012","AAV2.0.0.13","1.1.2.0","PSt7-10","000000-000","6/10/2026 14:47:13","0000-00","0","no battery","V"
"07/09/2026","07:05:11","3","default","198787511","O3","1086.505","min","176.114","µmol/L","Humid","21.444","deg","134777","µV","22.671","°C","1009.000","hPa","34.2","pmil","0","52.118","deg","21.808","°C","226.700","µmol/L","21.407","deg","20.891","°C","1012.000","hPa","0.861","-0.02056","0.00035","-0.00011","0","14.7","Humid","27.30","0","43.40","195576.01","SABD0002000012","AAV2.0.0.13","1.1.2.0","PSt7-10","000000-000","6/10/2026 14:47:13","0000-00","0","no battery","V"
"07/09/2026","07:05:41","3","default","198787511","O3","1087.005","min","176.116","µmol/L","Humid","21.442","deg","134793","µV","22.677","°C","1009.000","hPa","34.2","pmil","0","52.118","deg","21.808","°C","226.700","µmol/L","21.407","deg","20.891","°C","1012.000","hPa","0.861","-0.02056","0.00035","-0.00011","0","14.7","Humid","27.30","0","43.40","195581.24","SABD0002000012","AAV2.0.0.13","1.1.2.0","PSt7-10","000000-000","6/10/2026 14:47:13","0000-00","0","no battery","V"
"07/09/2026","07:06:11","3","default","198787511","O3","1087.505","min","176.019","µmol/L","Humid","21.448","deg","134792","µV","22.677","°C","1009.000","hPa","34.2","pmil","0","52.118","deg","21.808","°C","226.700","µmol/L","21.407","deg","20.891","°C","1012.000","hPa","0.861","-0.02056","0.00035","-0.00011","0","14.7","Humid","27.30","0","43.40","195587.55","SABD0002000012","AAV2.0.0.13","1.1.2.0","PSt7-10","000000-000","6/10/2026 14:47:13","0000-00","0","no battery","V"
"07/09/2026","07:06:41","3","default","198787511","O3","1088.004","min","176.082","µmol/L","Humid","21.446","deg","134800","µV","22.671","°C","1009.000","hPa","34.2","pmil","0","52.118","deg","21.808","°C","226.700","µmol/L","21.407","deg","20.891","°C","1012.000","hPa","0.861","-0.02056","0.00035","-0.00011","0","14.7","Humid","27.30","0","43.40","195592.21","SABD0002000012","AAV2.0.0.13","1.1.2.0","PSt7-10","000000-000","6/10/2026 14:47:13","0000-00","0","no battery","V"
"07/09/2026","07:07:11","3","default","198787511","O3","1088.505","min","176.035","µmol/L","Humid","21.447","deg","134799","µV","22.677","°C","1009.000","hPa","34.2","pmil","0","52.118","deg","21.808","°C","226.700","µmol/L","21.407","deg","20.891","°C","1012.000","hPa","0.861","-0.02056","0.00035","-0.00011","0","14.7","Humid","27.30","0","43.40","195589.16","SABD0002000012","AAV2.0.0.13","1.1.2.0","PSt7-10","000000-000","6/10/2026 14:47:13","0000-00","0","no battery","V"
"07/09/2026","07:07:41","3","default","198787511","O3","1089.005","min","176.005","µmol/L","Humid","21.447","deg","134810","µV","22.683","°C","1009.000","hPa","34.2","pmil","0","52.118","deg","21.808","°C","226.700","µmol/L","21.407","deg","20.891","°C","1012.000","hPa","0.861","-0.02056","0.00035","-0.00011","0","14.7","Humid","27.30","0","43.40","195584.88","SABD0002000012","AAV2.0.0.13","1.1.2.0","PSt7-10","000000-000","6/10/2026 14:47:13","0000-00","0","no battery","V"
"07/09/2026","07:08:11","3","default","198787511","O3","1089.504","min","176.003","µmol/L","Humid","21.449","deg","134823","µV","22.677","°C","1009.000","hPa","34.2","pmil","0","52.118","deg","21.808","°C","226.700","µmol/L","21.407","deg","20.891","°C","1012.000","hPa","0.861","-0.02056","0.00035","-0.00011","0","14.7","Humid","27.30","0","43.40","195601.36","SABD0002000012","AAV2.0.0.13","1.1.2.0","PSt7-10","000000-000","6/10/2026 14:47:13","0000-00","0","no battery","V"
"07/09/2026","07:08:41","3","default","198787511","O3","1090.005","min","176.019","µmol/L","Humid","21.448","deg","134834","µV","22.677","°C","1009.000","hPa","34.2","pmil","0","52.118","deg","21.808","°C","226.700","µmol/L","21.407","deg","20.891","°C","1012.000","hPa","0.861","-0.02056","0.00035","-0.00011","0","14.7","Humid","27.30","0","43.40","195591.62","SABD0002000012","AAV2.0.0.13","1.1.2.0","PSt7-10","000000-000","6/10/2026 14:47:13","0000-00","0","no battery","V"
"07/09/2026","07:09:11","3","default","198787511","O3","1090.504","min","175.971","µmol/L","Humid","21.451","deg","134839","µV","22.677","°C","1009.000","hPa","34.2","pmil","0","52.118","deg","21.808","°C","226.700","µmol/L","21.407","deg","20.891","°C","1012.000","hPa","0.861","-0.02056","0.00035","-0.00011","0","14.7","Humid","27.30","0","43.40","195587.92","SABD0002000012","AAV2.0.0.13","1.1.2.0","PSt7-10","000000-000","6/10/2026 14:47:13","0000-00","0","no battery","V"
"07/09/2026","07:09:41","3","default","198787511","O3","1091.005","min","175.922","µmol/L","Humid","21.454","deg","134856","µV","22.677","°C","1009.000","hPa","34.2","pmil","0","52.118","deg","21.808","°C","226.700","µmol/L","21.407","deg","20.891","°C","1012.000","hPa","0.861","-0.02056","0.00035","-0.00011","0","14.7","Humid","27.30","0","43.40","195594.13","SABD0002000012","AAV2.0.0.13","1.1.2.0","PSt7-10","000000-000","6/10/2026 14:47:13","0000-00","0","no battery","V"
"07/09/2026","07:10:11","3","default","198787511","O3","1091.505","min","176.001","µmol/L","Humid","21.451","deg","134860","µV","22.671","°C","1009.000","hPa","34.2","pmil","0","52.118","deg","21.808","°C","226.700","µmol/L","21.407","deg","20.891","°C","1012.000","hPa","0.861","-0.02056","0.00035","-0.00011","0","14.7","Humid","27.30","0","43.40","195593.82","SABD0002000012","AAV2.0.0.13","1.1.2.0","PSt7-10","000000-000","6/10/2026 14:47:13","0000-00","0","no battery","V"
"07/09/2026","07:10:41","3","default","198787511","O3","1092.005","min","175.890","µmol/L","Humid","21.456","deg","134860","µV","22.677","°C","1009.000","hPa","34.2","pmil","0","52.118","deg","21.808","°C","226.700","µmol/L","21.407","deg","20.891","°C","1012.000","hPa","0.861","-0.02056","0.00035","-0.00011","0","14.7","Humid","27.30","0","43.40","195587.63","SABD0002000012","AAV2.0.0.13","1.1.2.0","PSt7-10","000000-000","6/10/2026 14:47:13","0000-00","0","no battery","V"
"07/09/2026","07:11:11","3","default","198787511","O3","1092.505","min","175.906","µmol/L","Humid","21.455","deg","134863","µV","22.677","°C","1009.000","hPa","34.2","pmil","0","52.118","deg","21.808","°C","226.700","µmol/L","21.407","deg","20.891","°C","1012.000","hPa","0.861","-0.02056","0.00035","-0.00011","0","14.7","Humid","27.30","0","43.40","195598.58","SABD0002000012","AAV2.0.0.13","1.1.2.0","PSt7-10","000000-000","6/10/2026 14:47:13","0000-00","0","no battery","V"
"07/09/2026","07:11:41","3","default","198787511","O3","1093.005","min","175.892","µmol/L","Humid","21.454","deg","134869","µV","22.683","°C","1009.000","hPa","34.2","pmil","0","52.118","deg","21.808","°C","226.700","µmol/L","21.407","deg","20.891","°C","1012.000","hPa","0.861","-0.02056","0.00035","-0.00011","0","14.7","Humid","27.30","0","43.40","195591.11","SABD0002000012","AAV2.0.0.13","1.1.2.0","PSt7-10","000000-000","6/10/2026 14:47:13","0000-00","0","no battery","V"
"07/09/2026","07:12:11","3","default","198787511","O3","1093.505","min","175.904","µmol/L","Humid","21.457","deg","134877","µV","22.671","°C","1009.000","hPa","34.2","pmil","0","52.118","deg","21.808","°C","226.700","µmol/L","21.407","deg","20.891","°C","1012.000","hPa","0.861","-0.02056","0.00035","-0.00011","0","14.7","Humid","27.30","0","43.40","195592.74","SABD0002000012","AAV2.0.0.13","1.1.2.0","PSt7-10","000000-000","6/10/2026 14:47:13","0000-00","0","no battery","V"
"07/09/2026","07:12:41","3","default","198787511","O3","1094.005","min","175.919","µmol/L","Humid","21.458","deg","134882","µV","22.665","°C","1009.000","hPa","34.2","pmil","0","52.118","deg","21.808","°C","226.700","µmol/L","21.407","deg","20.891","°C","1012.000","hPa","0.861","-0.02056","0.00035","-0.00011","0","14.7","Humid","27.30","0","43.40","195595.40","SABD0002000012","AAV2.0.0.13","1.1.2.0","PSt7-10","000000-000","6/10/2026 14:47:13","0000-00","0","no battery","V"
"07/09/2026","07:13:11","3","default","198787511","O3","1094.505","min","175.904","µmol/L","Humid","21.457","deg","134882","µV","22.671","°C","1009.000","hPa","34.2","pmil","0","52.118","deg","21.808","°C","226.700","µmol/L","21.407","deg","20.891","°C","1012.000","hPa","0.861","-0.02056","0.00035","-0.00011","0","14.7","Humid","27.30","0","43.40","195591.40","SABD0002000012","AAV2.0.0.13","1.1.2.0","PSt7-10","000000-000","6/10/2026 14:47:13","0000-00","0","no battery","V"
"07/09/2026","07:13:41","3","default","198787511","O3","1095.004","min","175.860","µmol/L","Humid","21.456","deg","134876","µV","22.683","°C","1009.000","hPa","34.2","pmil","0","52.118","deg","21.808","°C","226.700","µmol/L","21.407","deg","20.891","°C","1012.000","hPa","0.861","-0.02056","0.00035","-0.00011","0","14.7","Humid","27.30","0","43.40","195607.39","SABD0002000012","AAV2.0.0.13","1.1.2.0","PSt7-10","000000-000","6/10/2026 14:47:13","0000-00","0","no battery","V"
"07/09/2026","07:14:11","3","default","198787511","O3","1095.505","min","175.874","µmol/L","Humid","21.457","deg","134875","µV","22.677","°C","1009.000","hPa","34.2","pmil","0","52.118","deg","21.808","°C","226.700","µmol/L","21.407","deg","20.891","°C","1012.000","hPa","0.861","-0.02056","0.00035","-0.00011","0","14.7","Humid","27.30","0","43.40","195598.05","SABD0002000012","AAV2.0.0.13","1.1.2.0","PSt7-10","000000-000","6/10/2026 14:47:13","0000-00","0","no battery","V"
"07/09/2026","07:14:41","3","default","198787511","O3","1096.004","min","175.904","µmol/L","Humid","21.457","deg","134874","µV","22.671","°C","1009.000","hPa","34.2","pmil","0","52.118","deg","21.808","°C","226.700","µmol/L","21.407","deg","20.891","°C","1012.000","hPa","0.861","-0.02056","0.00035","-0.00011","0","14.7","Humid","27.30","0","43.40","195594.32","SABD0002000012","AAV2.0.0.13","1.1.2.0","PSt7-10","000000-000","6/10/2026 14:47:13","0000-00","0","no battery","V"
"07/09/2026","07:15:11","3","default","198787511","O3","1096.505","min","175.874","µmol/L","Humid","21.457","deg","134885","µV","22.677","°C","1009.000","hPa","34.2","pmil","0","52.118","deg","21.808","°C","226.700","µmol/L","21.407","deg","20.891","°C","1012.000","hPa","0.861","-0.02056","0.00035","-0.00011","0","14.7","Humid","27.30","0","43.40","195595.91","SABD0002000012","AAV2.0.0.13","1.1.2.0","PSt7-10","000000-000","6/10/2026 14:47:13","0000-00","0","no battery","V"
"07/09/2026","07:15:41","3","default","198787511","O3","1097.004","min","175.906","µmol/L","Humid","21.455","deg","134878","µV","22.677","°C","1009.000","hPa","34.2","pmil","0","52.118","deg","21.808","°C","226.700","µmol/L","21.407","deg","20.891","°C","1012.000","hPa","0.861","-0.02056","0.00035","-0.00011","0","14.7","Humid","27.30","0","43.40","195592.01","SABD0002000012","AAV2.0.0.13","1.1.2.0","PSt7-10","000000-000","6/10/2026 14:47:13","0000-00","0","no battery","V"
"07/09/2026","07:16:11","3","default","198787511","O3","1097.504","min","175.904","µmol/L","Humid","21.457","deg","134889","µV","22.671","°C","1009.000","hPa","34.2","pmil","0","52.118","deg","21.808","°C","226.700","µmol/L","21.407","deg","20.891","°C","1012.000","hPa","0.861","-0.02056","0.00035","-0.00011","0","14.7","Humid","27.30","0","43.40","195600.62","SABD0002000012","AAV2.0.0.13","1.1.2.0","PSt7-10","000000-000","6/10/2026 14:47:13","0000-00","0","no battery","V"
"07/09/2026","07:16:41","3","default","198787511","O3","1098.005","min","175.920","µmol/L","Humid","21.456","deg","134884","µV","22.671","°C","1009.000","hPa","34.2","pmil","0","52.118","deg","21.808","°C","226.700","µmol/L","21.407","deg","20.891","°C","1012.000","hPa","0.861","-0.02056","0.00035","-0.00011","0","14.7","Humid","27.30","0","43.40","195592.38","SABD0002000012","AAV2.0.0.13","1.1.2.0","PSt7-10","000000-000","6/10/2026 14:47:13","0000-00","0","no battery","V"
"07/09/2026","07:17:11","3","default","198787511","O3","1098.504","min","175.856","µmol/L","Humid","21.460","deg","134889","µV","22.671","°C","1009.000","hPa","34.2","pmil","0","52.118","deg","21.808","°C","226.700","µmol/L","21.407","deg","20.891","°C","1012.000","hPa","0.861","-0.02056","0.00035","-0.00011","0","14.7","Humid","27.30","0","43.40","195598.50","SABD0002000012","AAV2.0.0.13","1.1.2.0","PSt7-10","000000-000","6/10/2026 14:47:13","0000-00","0","no battery","V"
"07/09/2026","07:17:41","3","default","198787511","O3","1099.004","min","175.888","µmol/L","Humid","21.458","deg","134895","µV","22.671","°C","1009.000","hPa","34.2","pmil","0","52.118","deg","21.808","°C","226.700","µmol/L","21.407","deg","20.891","°C","1012.000","hPa","0.861","-0.02056","0.00035","-0.00011","0","14.7","Humid","27.30","0","43.40","195599.23","SABD0002000012","AAV2.0.0.13","1.1.2.0","PSt7-10","000000-000","6/10/2026 14:47:13","0000-00","0","no battery","V"
"07/09/2026","07:18:11","3","default","198787511","O3","1099.505","min","175.888","µmol/L","Humid","21.458","deg","134896","µV","22.671","°C","1009.000","hPa","34.2","pmil","0","52.118","deg","21.808","°C","226.700","µmol/L","21.407","deg","20.891","°C","1012.000","hPa","0.861","-0.02056","0.00035","-0.00011","0","14.7","Humid","27.30","0","43.40","195596.25","SABD0002000012","AAV2.0.0.13","1.1.2.0","PSt7-10","000000-000","6/10/2026 14:47:13","0000-00","0","no battery","V"
"07/09/2026","07:18:41","3","default","198787511","O3","1100.005","min","175.888","µmol/L","Humid","21.458","deg","134881","µV","22.671","°C","1009.000","hPa","34.2","pmil","0","52.118","deg","21.808","°C","226.700","µmol/L","21.407","deg","20.891","°C","1012.000","hPa","0.861","-0.02056","0.00035","-0.00011","0","14.7","Humid","27.30","0","43.40","195596.07","SABD0002000012","AAV2.0.0.13","1.1.2.0","PSt7-10","000000-000","6/10/2026 14:47:13","0000-00","0","no battery","V"
"07/09/2026","07:19:11","3","default","198787511","O3","1100.504","min","175.935","µmol/L","Humid","21.457","deg","134893","µV","22.665","°C","1009.000","hPa","34.2","pmil","0","52.118","deg","21.808","°C","226.700","µmol/L","21.407","deg","20.891","°C","1012.000","hPa","0.861","-0.02056","0.00035","-0.00011","0","14.7","Humid","27.30","0","43.40","195607.78","SABD0002000012","AAV2.0.0.13","1.1.2.0","PSt7-10","000000-000","6/10/2026 14:47:13","0000-00","0","no battery","V"
"07/09/2026","07:19:41","3","default","198787511","O3","1101.004","min","175.842","µmol/L","Humid","21.459","deg","134894","µV","22.677","°C","1009.000","hPa","34.2","pmil","0","52.118","deg","21.808","°C","226.700","µmol/L","21.407","deg","20.891","°C","1012.000","hPa","0.861","-0.02056","0.00035","-0.00011","0","14.7","Humid","27.30","0","43.40","195589.79","SABD0002000012","AAV2.0.0.13","1.1.2.0","PSt7-10","000000-000","6/10/2026 14:47:13","0000-00","0","no battery","V"
"07/09/2026","07:20:11","3","default","198787511","O3","1101.505","min","175.935","µmol/L","Humid","21.457","deg","134879","µV","22.665","°C","1009.000","hPa","34.2","pmil","0","52.118","deg","21.808","°C","226.700","µmol/L","21.407","deg","20.891","°C","1012.000","hPa","0.861","-0.02056","0.00035","-0.00011","0","14.7","Humid","27.30","0","43.40","195589.78","SABD0002000012","AAV2.0.0.13","1.1.2.0","PSt7-10","000000-000","6/10/2026 14:47:13","0000-00","0","no battery","V"
"07/09/2026","07:20:41","3","default","198787511","O3","1102.005","min","175.904","µmol/L","Humid","21.457","deg","134885","µV","22.671","°C","1009.000","hPa","34.2","pmil","0","52.118","deg","21.808","°C","226.700","µmol/L","21.407","deg","20.891","°C","1012.000","hPa","0.861","-0.02056","0.00035","-0.00011","0","14.7","Humid","27.30","0","43.40","195598.49","SABD0002000012","AAV2.0.0.13","1.1.2.0","PSt7-10","000000-000","6/10/2026 14:47:13","0000-00","0","no battery","V"
"07/09/2026","07:21:11","3","default","198787511","O3","1102.505","min","175.935","µmol/L","Humid","21.457","deg","134883","µV","22.665","°C","1009.000","hPa","34.2","pmil","0","52.118","deg","21.808","°C","226.700","µmol/L","21.407","deg","20.891","°C","1012.000","hPa","0.861","-0.02056","0.00035","-0.00011","0","14.7","Humid","27.30","0","43.40","195609.73","SABD0002000012","AAV2.0.0.13","1.1.2.0","PSt7-10","000000-000","6/10/2026 14:47:13","0000-00","0","no battery","V"
"07/09/2026","07:21:41","3","default","198787511","O3","1103.004","min","175.937","µmol/L","Humid","21.455","deg","134891","µV","22.671","°C","1009.000","hPa","34.2","pmil","0","52.118","deg","21.808","°C","226.700","µmol/L","21.407","deg","20.891","°C","1012.000","hPa","0.861","-0.02056","0.00035","-0.00011","0","14.7","Humid","27.30","0","43.40","195600.87","SABD0002000012","AAV2.0.0.13","1.1.2.0","PSt7-10","000000-000","6/10/2026 14:47:13","0000-00","0","no battery","V"
"07/09/2026","07:22:11","3","default","198787511","O3","1103.505","min","175.935","µmol/L","Humid","21.457","deg","134891","µV","22.665","°C","1009.000","hPa","34.2","pmil","0","52.118","deg","21.808","°C","226.700","µmol/L","21.407","deg","20.891","°C","1012.000","hPa","0.861","-0.02056","0.00035","-0.00011","0","14.7","Humid","27.30","0","43.40","195603.61","SABD0002000012","AAV2.0.0.13","1.1.2.0","PSt7-10","000000-000","6/10/2026 14:47:13","0000-00","0","no battery","V"
"07/09/2026","07:22:41","3","default","198787511","O3","1104.004","min","175.920","µmol/L","Humid","21.456","deg","134883","µV","22.671","°C","1009.000","hPa","34.2","pmil","0","52.118","deg","21.808","°C","226.700","µmol/L","21.407","deg","20.891","°C","1012.000","hPa","0.861","-0.02056","0.00035","-0.00011","0","14.7","Humid","27.30","0","43.40","195591.03","SABD0002000012","AAV2.0.0.13","1.1.2.0","PSt7-10","000000-000","6/10/2026 14:47:13","0000-00","0","no battery","V"
"07/09/2026","07:23:11","3","default","198787511","O3","1104.505","min","175.904","µmol/L","Humid","21.457","deg","134875","µV","22.671","°C","1009.000","hPa","34.2","pmil","0","52.118","deg","21.808","°C","226.700","µmol/L","21.407","deg","20.891","°C","1012.000","hPa","0.861","-0.02056","0.00035","-0.00011","0","14.7","Humid","27.30","0","43.40","195591.65","SABD0002000012","AAV2.0.0.13","1.1.2.0","PSt7-10","000000-000","6/10/2026 14:47:13","0000-00","0","no battery","V"
"07/09/2026","07:23:41","3","default","198787511","O3","1105.005","min","175.935","µmol/L","Humid","21.457","deg","134880","µV","22.665","°C","1009.000","hPa","34.2","pmil","0","52.118","deg","21.808","°C","226.700","µmol/L","21.407","deg","20.891","°C","1012.000","hPa","0.861","-0.02056","0.00035","-0.00011","0","14.7","Humid","27.30","0","43.40","195594.53","SABD0002000012","AAV2.0.0.13","1.1.2.0","PSt7-10","000000-000","6/10/2026 14:47:13","0000-00","0","no battery","V"
"07/09/2026","07:24:11","3","default","198787511","O3","1105.504","min","175.951","µmol/L","Humid","21.456","deg","134876","µV","22.665","°C","1009.000","hPa","34.2","pmil","0","52.118","deg","21.808","°C","226.700","µmol/L","21.407","deg","20.891","°C","1012.000","hPa","0.861","-0.02056","0.00035","-0.00011","0","14.7","Humid","27.30","0","43.40","195600.36","SABD0002000012","AAV2.0.0.13","1.1.2.0","PSt7-10","000000-000","6/10/2026 14:47:13","0000-00","0","no battery","V"
"07/09/2026","07:24:41","3","default","198787511","O3","1106.005","min","175.949","µmol/L","Humid","21.458","deg","134883","µV","22.659","°C","1009.000","hPa","34.2","pmil","0","52.118","deg","21.808","°C","226.700","µmol/L","21.407","deg","20.891","°C","1012.000","hPa","0.861","-0.02056","0.00035","-0.00011","0","14.7","Humid","27.30","0","43.40","195603.88","SABD0002000012","AAV2.0.0.13","1.1.2.0","PSt7-10","000000-000","6/10/2026 14:47:13","0000-00","0","no battery","V"
"07/09/2026","07:25:11","3","default","198787511","O3","1106.504","min","175.951","µmol/L","Humid","21.456","deg","134883","µV","22.665","°C","1009.000","hPa","34.2","pmil","0","52.118","deg","21.808","°C","226.700","µmol/L","21.407","deg","20.891","°C","1012.000","hPa","0.861","-0.02056","0.00035","-0.00011","0","14.7","Humid","27.30","0","43.40","195600.86","SABD0002000012","AAV2.0.0.13","1.1.2.0","PSt7-10","000000-000","6/10/2026 14:47:13","0000-00","0","no battery","V"
"07/09/2026","07:25:41","3","default","198787511","O3","1107.005","min","175.967","µmol/L","Humid","21.455","deg","134892","µV","22.665","°C","1009.000","hPa","34.2","pmil","0","52.118","deg","21.808","°C","226.700","µmol/L","21.407","deg","20.891","°C","1012.000","hPa","0.861","-0.02056","0.00035","-0.00011","0","14.7","Humid","27.30","0","43.40","195600.19","SABD0002000012","AAV2.0.0.13","1.1.2.0","PSt7-10","000000-000","6/10/2026 14:47:13","0000-00","0","no battery","V"
"07/09/2026","07:26:11","3","default","198787511","O3","1107.505","min","175.903","µmol/L","Humid","21.459","deg","134885","µV","22.665","°C","1009.000","hPa","34.2","pmil","0","52.118","deg","21.808","°C","226.700","µmol/L","21.407","deg","20.891","°C","1012.000","hPa","0.861","-0.02056","0.00035","-0.00011","0","14.7","Humid","27.30","0","43.40","195601.29","SABD0002000012","AAV2.0.0.13","1.1.2.0","PSt7-10","000000-000","6/10/2026 14:47:13","0000-00","0","no battery","V"
"07/09/2026","07:26:41","3","default","198787511","O3","1108.004","min","175.983","µmol/L","Humid","21.454","deg","134871","µV","22.665","°C","1009.000","hPa","34.2","pmil","0","52.118","deg","21.808","°C","226.700","µmol/L","21.407","deg","20.891","°C","1012.000","hPa","0.861","-0.02056","0.00035","-0.00011","0","14.7","Humid","27.30","0","43.40","195608.60","SABD0002000012","AAV2.0.0.13","1.1.2.0","PSt7-10","000000-000","6/10/2026 14:47:13","0000-00","0","no battery","V"
"07/09/2026","07:27:11","3","default","198787511","O3","1108.505","min","176.015","µmol/L","Humid","21.452","deg","134879","µV","22.665","°C","1009.000","hPa","34.2","pmil","0","52.118","deg","21.808","°C","226.700","µmol/L","21.407","deg","20.891","°C","1012.000","hPa","0.861","-0.02056","0.00035","-0.00011","0","14.7","Humid","27.30","0","43.40","195605.42","SABD0002000012","AAV2.0.0.13","1.1.2.0","PSt7-10","000000-000","6/10/2026 14:47:13","0000-00","0","no battery","V"
"07/09/2026","07:27:41","3","default","198787511","O3","1109.005","min","175.969","µmol/L","Humid","21.453","deg","134878","µV","22.671","°C","1009.000","hPa","34.2","pmil","0","52.118","deg","21.808","°C","226.700","µmol/L","21.407","deg","20.891","°C","1012.000","hPa","0.861","-0.02056","0.00035","-0.00011","0","14.7","Humid","27.30","0","43.40","195618.36","SABD0002000012","AAV2.0.0.13","1.1.2.0","PSt7-10","000000-000","6/10/2026 14:47:13","0000-00","0","no battery","V"
"07/09/2026","07:28:11","3","default","198787511","O3","1109.505","min","175.953","µmol/L","Humid","21.454","deg","134886","µV","22.671","°C","1009.000","hPa","34.2","pmil","0","52.118","deg","21.808","°C","226.700","µmol/L","21.407","deg","20.891","°C","1012.000","hPa","0.861","-0.02056","0.00035","-0.00011","0","14.7","Humid","27.30","0","43.40","195623.71","SABD0002000012","AAV2.0.0.13","1.1.2.0","PSt7-10","000000-000","6/10/2026 14:47:13","0000-00","0","no battery","V"
"07/09/2026","07:28:41","3","default","198787511","O3","1110.005","min","175.999","µmol/L","Humid","21.453","deg","134882","µV","22.665","°C","1009.000","hPa","34.2","pmil","0","52.118","deg","21.808","°C","226.700","µmol/L","21.407","deg","20.891","°C","1012.000","hPa","0.861","-0.02056","0.00035","-0.00011","0","14.7","Humid","27.30","0","43.40","195630.52","SABD0002000012","AAV2.0.0.13","1.1.2.0","PSt7-10","000000-000","6/10/2026 14:47:13","0000-00","0","no battery","V"
"07/09/2026","07:29:11","3","default","198787511","O3","1110.504","min","176.031","µmol/L","Humid","21.451","deg","134875","µV","22.665","°C","1009.000","hPa","34.2","pmil","0","52.118","deg","21.808","°C","226.700","µmol/L","21.407","deg","20.891","°C","1012.000","hPa","0.861","-0.02056","0.00035","-0.00011","0","14.7","Humid","27.30","0","43.40","195624.58","SABD0002000012","AAV2.0.0.13","1.1.2.0","PSt7-10","000000-000","6/10/2026 14:47:13","0000-00","0","no battery","V"
"07/09/2026","07:29:41","3","default","198787511","O3","1111.004","min","176.030","µmol/L","Humid","21.453","deg","134882","µV","22.659","°C","1009.000","hPa","34.2","pmil","0","52.118","deg","21.808","°C","226.700","µmol/L","21.407","deg","20.891","°C","1012.000","hPa","0.861","-0.02056","0.00035","-0.00011","0","14.7","Humid","27.30","0","43.40","195628.02","SABD0002000012","AAV2.0.0.13","1.1.2.0","PSt7-10","000000-000","6/10/2026 14:47:13","0000-00","0","no battery","V"
"07/09/2026","07:30:11","3","default","198787511","O3","1111.505","min","176.015","µmol/L","Humid","21.452","deg","134897","µV","22.665","°C","1009.000","hPa","34.2","pmil","0","52.118","deg","21.808","°C","226.700","µmol/L","21.407","deg","20.891","°C","1012.000","hPa","0.861","-0.02056","0.00035","-0.00011","0","14.7","Humid","27.30","0","43.40","195632.16","SABD0002000012","AAV2.0.0.13","1.1.2.0","PSt7-10","000000-000","6/10/2026 14:47:13","0000-00","0","no battery","V"
"07/09/2026","07:30:41","3","default","198787511","O3","1112.005","min","176.015","µmol/L","Humid","21.452","deg","134888","µV","22.665","°C","1009.000","hPa","34.2","pmil","0","52.118","deg","21.808","°C","226.700","µmol/L","21.407","deg","20.891","°C","1012.000","hPa","0.861","-0.02056","0.00035","-0.00011","0","14.7","Humid","27.30","0","43.40","195629.59","SABD0002000012","AAV2.0.0.13","1.1.2.0","PSt7-10","000000-000","6/10/2026 14:47:13","0000-00","0","no battery","V"
"07/09/2026","07:31:11","3","default","198787511","O3","1112.504","min","176.030","µmol/L","Humid","21.453","deg","134887","µV","22.659","°C","1009.000","hPa","34.2","pmil","0","52.118","deg","21.808","°C","226.700","µmol/L","21.407","deg","20.891","°C","1012.000","hPa","0.861","-0.02056","0.00035","-0.00011","0","14.7","Humid","27.30","0","43.40","195620.96","SABD0002000012","AAV2.0.0.13","1.1.2.0","PSt7-10","000000-000","6/10/2026 14:47:13","0000-00","0","no battery","V"
"07/09/2026","07:31:41","3","default","198787511","O3","1113.004","min","175.987","µmol/L","Humid","21.450","deg","134891","µV","22.677","°C","1009.000","hPa","34.2","pmil","0","52.118","deg","21.808","°C","226.700","µmol/L","21.407","deg","20.891","°C","1012.000","hPa","0.861","-0.02056","0.00035","-0.00011","0","14.7","Humid","27.30","0","43.40","195620.73","SABD0002000012","AAV2.0.0.13","1.1.2.0","PSt7-10","000000-000","6/10/2026 14:47:13","0000-00","0","no battery","V"
"07/09/2026","07:32:11","3","default","198787511","O3","1113.504","min","175.937","µmol/L","Humid","21.455","deg","134892","µV","22.671","°C","1009.000","hPa","34.2","pmil","0","52.118","deg","21.808","°C","226.700","µmol/L","21.407","deg","20.891","°C","1012.000","hPa","0.861","-0.02056","0.00035","-0.00011","0","14.7","Humid","27.30","0","43.40","195634.09","SABD0002000012","AAV2.0.0.13","1.1.2.0","PSt7-10","000000-000","6/10/2026 14:47:13","0000-00","0","no battery","V"
"07/09/2026","07:32:41","3","default","198787511","O3","1114.005","min","175.999","µmol/L","Humid","21.453","deg","134880","µV","22.665","°C","1009.000","hPa","34.2","pmil","0","52.118","deg","21.808","°C","226.700","µmol/L","21.407","deg","20.891","°C","1012.000","hPa","0.861","-0.02056","0.00035","-0.00011","0","14.7","Humid","27.30","0","43.40","195628.19","SABD0002000012","AAV2.0.0.13","1.1.2.0","PSt7-10","000000-000","6/10/2026 14:47:13","0000-00","0","no battery","V"
"07/09/2026","07:33:11","3","default","198787511","O3","1114.505","min","175.999","µmol/L","Humid","21.453","deg","134885","µV","22.665","°C","1009.000","hPa","34.2","pmil","0","52.118","deg","21.808","°C","226.700","µmol/L","21.407","deg","20.891","°C","1012.000","hPa","0.861","-0.02056","0.00035","-0.00011","0","14.7","Humid","27.30","0","43.40","195621.19","SABD0002000012","AAV2.0.0.13","1.1.2.0","PSt7-10","000000-000","6/10/2026 14:47:13","0000-00","0","no battery","V"
"07/09/2026","07:33:41","3","default","198787511","O3","1115.004","min","176.062","µmol/L","Humid","21.451","deg","134880","µV","22.659","°C","1009.000","hPa","34.2","pmil","0","52.118","deg","21.808","°C","226.700","µmol/L","21.407","deg","20.891","°C","1012.000","hPa","0.861","-0.02056","0.00035","-0.00011","0","14.7","Humid","27.30","0","43.40","195632.03","SABD0002000012","AAV2.0.0.13","1.1.2.0","PSt7-10","000000-000","6/10/2026 14:47:13","0000-00","0","no battery","V"
"07/09/2026","07:34:11","3","default","198787511","O3","1115.505","min","175.985","µmol/L","Humid","21.452","deg","134888","µV","22.671","°C","1009.000","hPa","34.2","pmil","0","52.118","deg","21.808","°C","226.700","µmol/L","21.407","deg","20.891","°C","1012.000","hPa","0.861","-0.02056","0.00035","-0.00011","0","14.7","Humid","27.30","0","43.40","195634.54","SABD0002000012","AAV2.0.0.13","1.1.2.0","PSt7-10","000000-000","6/10/2026 14:47:13","0000-00","0","no battery","V"
"07/09/2026","07:34:41","3","default","198787511","O3","1116.005","min","176.017","µmol/L","Humid","21.450","deg","134891","µV","22.671","°C","1009.000","hPa","34.2","pmil","0","52.118","deg","21.808","°C","226.700","µmol/L","21.407","deg","20.891","°C","1012.000","hPa","0.861","-0.02056","0.00035","-0.00011","0","14.7","Humid","27.30","0","43.40","195637.49","SABD0002000012","AAV2.0.0.13","1.1.2.0","PSt7-10","000000-000","6/10/2026 14:47:13","0000-00","0","no battery","V"
"07/09/2026","07:35:11","3","default","198787511","O3","1116.504","min","176.015","µmol/L","Humid","21.452","deg","134886","µV","22.665","°C","1009.000","hPa","34.2","pmil","0","52.118","deg","21.808","°C","226.700","µmol/L","21.407","deg","20.891","°C","1012.000","hPa","0.861","-0.02056","0.00035","-0.00011","0","14.7","Humid","27.30","0","43.40","195647.49","SABD0002000012","AAV2.0.0.13","1.1.2.0","PSt7-10","000000-000","6/10/2026 14:47:13","0000-00","0","no battery","V"
"07/09/2026","07:35:41","3","default","198787511","O3","1117.005","min","176.064","µmol/L","Humid","21.449","deg","134887","µV","22.665","°C","1009.000","hPa","34.2","pmil","0","52.118","deg","21.808","°C","226.700","µmol/L","21.407","deg","20.891","°C","1012.000","hPa","0.861","-0.02056","0.00035","-0.00011","0","14.7","Humid","27.30","0","43.40","195635.04","SABD0002000012","AAV2.0.0.13","1.1.2.0","PSt7-10","000000-000","6/10/2026 14:47:13","0000-00","0","no battery","V"
"07/09/2026","07:36:11","3","default","198787511","O3","1117.505","min","175.999","µmol/L","Humid","21.453","deg","134886","µV","22.665","°C","1009.000","hPa","34.2","pmil","0","52.118","deg","21.808","°C","226.700","µmol/L","21.407","deg","20.891","°C","1012.000","hPa","0.861","-0.02056","0.00035","-0.00011","0","14.7","Humid","27.30","0","43.40","195650.04","SABD0002000012","AAV2.0.0.13","1.1.2.0","PSt7-10","000000-000","6/10/2026 14:47:13","0000-00","0","no battery","V"
"07/09/2026","07:36:41","3","default","198787511","O3","1118.004","min","176.017","µmol/L","Humid","21.450","deg","134897","µV","22.671","°C","1009.000","hPa","34.2","pmil","0","52.118","deg","21.808","°C","226.700","µmol/L","21.407","deg","20.891","°C","1012.000","hPa","0.861","-0.02056","0.00035","-0.00011","0","14.7","Humid","27.30","0","43.40","195651.83","SABD0002000012","AAV2.0.0.13","1.1.2.0","PSt7-10","000000-000","6/10/2026 14:47:13","0000-00","0","no battery","V"
"07/09/2026","07:37:11","3","default","198787511","O3","1118.505","min","176.031","µmol/L","Humid","21.451","deg","134888","µV","22.665","°C","1009.000","hPa","34.2","pmil","0","52.118","deg","21.808","°C","226.700","µmol/L","21.407","deg","20.891","°C","1012.000","hPa","0.861","-0.02056","0.00035","-0.00011","0","14.7","Humid","27.30","0","43.40","195637.51","SABD0002000012","AAV2.0.0.13","1.1.2.0","PSt7-10","000000-000","6/10/2026 14:47:13","0000-00","0","no battery","V"
"07/09/2026","07:37:41","3","default","198787511","O3","1119.005","min","175.985","µmol/L","Humid","21.452","deg","134893","µV","22.671","°C","1009.000","hPa","34.2","pmil","0","52.118","deg","21.808","°C","226.700","µmol/L","21.407","deg","20.891","°C","1012.000","hPa","0.861","-0.02056","0.00035","-0.00011","0","14.7","Humid","27.30","0","43.40","195637.49","SABD0002000012","AAV2.0.0.13","1.1.2.0","PSt7-10","000000-000","6/10/2026 14:47:13","0000-00","0","no battery","V"
"07/09/2026","07:38:11","3","default","198787511","O3","1119.504","min","175.967","µmol/L","Humid","21.455","deg","134903","µV","22.665","°C","1009.000","hPa","34.2","pmil","0","52.118","deg","21.808","°C","226.700","µmol/L","21.407","deg","20.891","°C","1012.000","hPa","0.861","-0.02056","0.00035","-0.00011","0","14.7","Humid","27.30","0","43.40","195645.60","SABD0002000012","AAV2.0.0.13","1.1.2.0","PSt7-10","000000-000","6/10/2026 14:47:13","0000-00","0","no battery","V"
"07/09/2026","07:38:41","3","default","198787511","O3","1120.004","min","176.031","µmol/L","Humid","21.451","deg","134890","µV","22.665","°C","1009.000","hPa","34.2","pmil","0","52.118","deg","21.808","°C","226.700","µmol/L","21.407","deg","20.891","°C","1012.000","hPa","0.861","-0.02056","0.00035","-0.00011","0","14.7","Humid","27.30","0","43.40","195629.21","SABD0002000012","AAV2.0.0.13","1.1.2.0","PSt7-10","000000-000","6/10/2026 14:47:13","0000-00","0","no battery","V"
"07/09/2026","07:39:11","3","default","198787511","O3","1120.504","min","176.031","µmol/L","Humid","21.451","deg","134902","µV","22.665","°C","1009.000","hPa","34.2","pmil","0","52.118","deg","21.808","°C","226.700","µmol/L","21.407","deg","20.891","°C","1012.000","hPa","0.861","-0.02056","0.00035","-0.00011","0","14.7","Humid","27.30","0","43.40","195641.57","SABD0002000012","AAV2.0.0.13","1.1.2.0","PSt7-10","000000-000","6/10/2026 14:47:13","0000-00","0","no battery","V"
"07/09/2026","07:39:41","3","default","198787511","O3","1121.005","min","175.981","µmol/L","Humid","21.456","deg","134900","µV","22.659","°C","1009.000","hPa","34.2","pmil","0","52.118","deg","21.808","°C","226.700","µmol/L","21.407","deg","20.891","°C","1012.000","hPa","0.861","-0.02056","0.00035","-0.00011","0","14.7","Humid","27.30","0","43.40","195639.22","SABD0002000012","AAV2.0.0.13","1.1.2.0","PSt7-10","000000-000","6/10/2026 14:47:13","0000-00","0","no battery","V"
"07/09/2026","07:40:11","3","default","198787511","O3","1121.504","min","176.030","µmol/L","Humid","21.453","deg","134891","µV","22.659","°C","1009.000","hPa","34.2","pmil","0","52.118","deg","21.808","°C","226.700","µmol/L","21.407","deg","20.891","°C","1012.000","hPa","0.861","-0.02056","0.00035","-0.00011","0","14.7","Humid","27.30","0","43.40","195633.08","SABD0002000012","AAV2.0.0.13","1.1.2.0","PSt7-10","000000-000","6/10/2026 14:47:13","0000-00","0","no battery","V"
"07/09/2026","07:40:41","3","default","198787511","O3","1122.005","min","176.062","µmol/L","Humid","21.451","deg","134880","µV","22.659","°C","1009.000","hPa","34.2","pmil","0","52.118","deg","21.808","°C","226.700","µmol/L","21.407","deg","20.891","°C","1012.000","hPa","0.861","-0.02056","0.00035","-0.00011","0","14.7","Humid","27.30","0","43.40","195631.71","SABD0002000012","AAV2.0.0.13","1.1.2.0","PSt7-10","000000-000","6/10/2026 14:47:13","0000-00","0","no battery","V"
"07/09/2026","07:41:11","3","default","198787511","O3","1122.505","min","176.015","µmol/L","Humid","21.452","deg","134877","µV","22.665","°C","1009.000","hPa","34.2","pmil","0","52.118","deg","21.808","°C","226.700","µmol/L","21.407","deg","20.891","°C","1012.000","hPa","0.861","-0.02056","0.00035","-0.00011","0","14.7","Humid","27.30","0","43.40","195627.80","SABD0002000012","AAV2.0.0.13","1.1.2.0","PSt7-10","000000-000","6/10/2026 14:47:13","0000-00","0","no battery","V"
"07/09/2026","07:41:41","3","default","198787511","O3","1123.004","min","175.983","µmol/L","Humid","21.454","deg","134885","µV","22.665","°C","1009.000","hPa","34.2","pmil","0","52.118","deg","21.808","°C","226.700","µmol/L","21.407","deg","20.891","°C","1012.000","hPa","0.861","-0.02056","0.00035","-0.00011","0","14.7","Humid","27.30","0","43.40","195630.88","SABD0002000012","AAV2.0.0.13","1.1.2.0","PSt7-10","000000-000","6/10/2026 14:47:13","0000-00","0","no battery","V"
"07/09/2026","07:42:11","3","default","198787511","O3","1123.505","min","176.015","µmol/L","Humid","21.452","deg","134878","µV","22.665","°C","1009.000","hPa","34.2","pmil","0","52.118","deg","21.808","°C","226.700","µmol/L","21.407","deg","20.891","°C","1012.000","hPa","0.861","-0.02056","0.00035","-0.00011","0","14.7","Humid","27.30","0","43.40","195630.58","SABD0002000012","AAV2.0.0.13","1.1.2.0","PSt7-10","000000-000","6/10/2026 14:47:13","0000-00","0","no battery","V"
"07/09/2026","07:42:41","3","default","198787511","O3","1124.004","min","176.030","µmol/L","Humid","21.453","deg","134880","µV","22.659","°C","1009.000","hPa","34.2","pmil","0","52.118","deg","21.808","°C","226.700","µmol/L","21.407","deg","20.891","°C","1012.000","hPa","0.861","-0.02056","0.00035","-0.00011","0","14.7","Humid","27.30","0","43.40","195632.92","SABD0002000012","AAV2.0.0.13","1.1.2.0","PSt7-10","000000-000","6/10/2026 14:47:13","0000-00","0","no battery","V"
"07/09/2026","07:43:11","3","default","198787511","O3","1124.505","min","176.048","µmol/L","Humid","21.450","deg","134874","µV","22.665","°C","1009.000","hPa","34.2","pmil","0","52.118","deg","21.808","°C","226.700","µmol/L","21.407","deg","20.891","°C","1012.000","hPa","0.861","-0.02056","0.00035","-0.00011","0","14.7","Humid","27.30","0","43.40","195640.59","SABD0002000012","AAV2.0.0.13","1.1.2.0","PSt7-10","000000-000","6/10/2026 14:47:13","0000-00","0","no battery","V"
"07/09/2026","07:43:41","3","default","198787511","O3","1125.004","min","176.080","µmol/L","Humid","21.448","deg","134885","µV","22.665","°C","1009.000","hPa","34.2","pmil","0","52.118","deg","21.808","°C","226.700","µmol/L","21.407","deg","20.891","°C","1012.000","hPa","0.861","-0.02056","0.00035","-0.00011","0","14.7","Humid","27.30","0","43.40","195634.42","SABD0002000012","AAV2.0.0.13","1.1.2.0","PSt7-10","000000-000","6/10/2026 14:47:13","0000-00","0","no battery","V"
"07/09/2026","07:44:11","3","default","198787511","O3","1125.505","min","176.015","µmol/L","Humid","21.452","deg","134874","µV","22.665","°C","1009.000","hPa","34.2","pmil","0","52.118","deg","21.808","°C","226.700","µmol/L","21.407","deg","20.891","°C","1012.000","hPa","0.861","-0.02056","0.00035","-0.00011","0","14.7","Humid","27.30","0","43.40","195635.73","SABD0002000012","AAV2.0.0.13","1.1.2.0","PSt7-10","000000-000","6/10/2026 14:47:13","0000-00","0","no battery","V"
"07/09/2026","07:44:41","3","default","198787511","O3","1126.004","min","176.046","µmol/L","Humid","21.452","deg","134882","µV","22.659","°C","1009.000","hPa","34.2","pmil","0","52.118","deg","21.808","°C","226.700","µmol/L","21.407","deg","20.891","°C","1012.000","hPa","0.861","-0.02056","0.00035","-0.00011","0","14.7","Humid","27.30","0","43.40","195642.36","SABD0002000012","AAV2.0.0.13","1.1.2.0","PSt7-10","000000-000","6/10/2026 14:47:13","0000-00","0","no battery","V"
"07/09/2026","07:45:11","3","default","198787511","O3","1126.505","min","175.999","µmol/L","Humid","21.453","deg","134894","µV","22.665","°C","1009.000","hPa","34.2","pmil","0","52.118","deg","21.808","°C","226.700","µmol/L","21.407","deg","20.891","°C","1012.000","hPa","0.861","-0.02056","0.00035","-0.00011","0","14.7","Humid","27.30","0","43.40","195652.88","SABD0002000012","AAV2.0.0.13","1.1.2.0","PSt7-10","000000-000","6/10/2026 14:47:13","0000-00","0","no battery","V"
"07/09/2026","07:45:41","3","default","198787511","O3","1127.004","min","176.031","µmol/L","Humid","21.451","deg","134892","µV","22.665","°C","1009.000","hPa","34.2","pmil","0","52.118","deg","21.808","°C","226.700","µmol/L","21.407","deg","20.891","°C","1012.000","hPa","0.861","-0.02056","0.00035","-0.00011","0","14.7","Humid","27.30","0","43.40","195645.82","SABD0002000012","AAV2.0.0.13","1.1.2.0","PSt7-10","000000-000","6/10/2026 14:47:13","0000-00","0","no battery","V"
"07/09/2026","07:46:11","3","default","198787511","O3","1127.505","min","176.046","µmol/L","Humid","21.452","deg","134901","µV","22.659","°C","1009.000","hPa","34.2","pmil","0","52.118","deg","21.808","°C","226.700","µmol/L","21.407","deg","20.891","°C","1012.000","hPa","0.861","-0.02056","0.00035","-0.00011","0","14.7","Humid","27.30","0","43.40","195645.86","SABD0002000012","AAV2.0.0.13","1.1.2.0","PSt7-10","000000-000","6/10/2026 14:47:13","0000-00","0","no battery","V"
"07/09/2026","07:46:41","3","default","198787511","O3","1128.005","min","176.142","µmol/L","Humid","21.446","deg","134892","µV","22.659","°C","1009.000","hPa","34.2","pmil","0","52.118","deg","21.808","°C","226.700","µmol/L","21.407","deg","20.891","°C","1012.000","hPa","0.861","-0.02056","0.00035","-0.00011","0","14.7","Humid","27.30","0","43.40","195649.34","SABD0002000012","AAV2.0.0.13","1.1.2.0","PSt7-10","000000-000","6/10/2026 14:47:13","0000-00","0","no battery","V"
"07/09/2026","07:47:11","3","default","198787511","O3","1128.504","min","176.048","µmol/L","Humid","21.450","deg","134900","µV","22.665","°C","1009.000","hPa","34.2","pmil","0","52.118","deg","21.808","°C","226.700","µmol/L","21.407","deg","20.891","°C","1012.000","hPa","0.861","-0.02056","0.00035","-0.00011","0","14.7","Humid","27.30","0","43.40","195657.86","SABD0002000012","AAV2.0.0.13","1.1.2.0","PSt7-10","000000-000","6/10/2026 14:47:13","0000-00","0","no battery","V"
"07/09/2026","07:47:41","3","default","198787511","O3","1129.005","min","176.030","µmol/L","Humid","21.453","deg","134896","µV","22.659","°C","1009.000","hPa","34.2","pmil","0","52.118","deg","21.808","°C","226.700","µmol/L","21.407","deg","20.891","°C","1012.000","hPa","0.861","-0.02056","0.00035","-0.00011","0","14.7","Humid","27.30","0","43.40","195650.95","SABD0002000012","AAV2.0.0.13","1.1.2.0","PSt7-10","000000-000","6/10/2026 14:47:13","0000-00","0","no battery","V"
"07/09/2026","07:48:11","3","default","198787511","O3","1129.505","min","176.031","µmol/L","Humid","21.451","deg","134890","µV","22.665","°C","1009.000","hPa","34.2","pmil","0","52.118","deg","21.808","°C","226.700","µmol/L","21.407","deg","20.891","°C","1012.000","hPa","0.861","-0.02056","0.00035","-0.00011","0","14.7","Humid","27.30","0","43.40","195647.58","SABD0002000012","AAV2.0.0.13","1.1.2.0","PSt7-10","000000-000","6/10/2026 14:47:13","0000-00","0","no battery","V"
"07/09/2026","07:48:41","3","default","198787511","O3","1130.004","min","176.044","µmol/L","Humid","21.454","deg","134895","µV","22.652","°C","1009.000","hPa","34.2","pmil","0","52.118","deg","21.808","°C","226.700","µmol/L","21.407","deg","20.891","°C","1012.000","hPa","0.861","-0.02056","0.00035","-0.00011","0","14.7","Humid","27.30","0","43.40","195641.65","SABD0002000012","AAV2.0.0.13","1.1.2.0","PSt7-10","000000-000","6/10/2026 14:47:13","0000-00","0","no battery","V"
"07/09/2026","07:49:11","3","default","198787511","O3","1130.505","min","176.078","µmol/L","Humid","21.450","deg","134893","µV","22.659","°C","1009.000","hPa","34.2","pmil","0","52.118","deg","21.808","°C","226.700","µmol/L","21.407","deg","20.891","°C","1012.000","hPa","0.861","-0.02056","0.00035","-0.00011","0","14.7","Humid","27.30","0","43.40","195651.99","SABD0002000012","AAV2.0.0.13","1.1.2.0","PSt7-10","000000-000","6/10/2026 14:47:13","0000-00","0","no battery","V"
"07/09/2026","07:49:41","3","default","198787511","O3","1131.005","min","175.983","µmol/L","Humid","21.454","deg","134900","µV","22.665","°C","1009.000","hPa","34.2","pmil","0","52.118","deg","21.808","°C","226.700","µmol/L","21.407","deg","20.891","°C","1012.000","hPa","0.861","-0.02056","0.00035","-0.00011","0","14.7","Humid","27.30","0","43.40","195654.00","SABD0002000012","AAV2.0.0.13","1.1.2.0","PSt7-10","000000-000","6/10/2026 14:47:13","0000-00","0","no battery","V"
"07/09/2026","07:50:11","3","default","198787511","O3","1131.505","min","176.078","µmol/L","Humid","21.450","deg","134897","µV","22.659","°C","1009.000","hPa","34.2","pmil","0","52.118","deg","21.808","°C","226.700","µmol/L","21.407","deg","20.891","°C","1012.000","hPa","0.861","-0.02056","0.00035","-0.00011","0","14.7","Humid","27.30","0","43.40","195657.81","SABD0002000012","AAV2.0.0.13","1.1.2.0","PSt7-10","000000-000","6/10/2026 14:47:13","0000-00","0","no battery","V"
"07/09/2026","07:50:41","3","default","198787511","O3","1132.004","min","176.014","µmol/L","Humid","21.454","deg","134895","µV","22.659","°C","1009.000","hPa","34.2","pmil","0","52.118","deg","21.808","°C","226.700","µmol/L","21.407","deg","20.891","°C","1012.000","hPa","0.861","-0.02056","0.00035","-0.00011","0","14.7","Humid","27.30","0","43.40","195667.14","SABD0002000012","AAV2.0.0.13","1.1.2.0","PSt7-10","000000-000","6/10/2026 14:47:13","0000-00","0","no battery","V"
"07/09/2026","07:51:11","3","default","198787511","O3","1132.504","min","176.094","µmol/L","Humid","21.449","deg","134898","µV","22.659","°C","1009.000","hPa","34.2","pmil","0","52.118","deg","21.808","°C","226.700","µmol/L","21.407","deg","20.891","°C","1012.000","hPa","0.861","-0.02056","0.00035","-0.00011","0","14.7","Humid","27.30","0","43.40","195653.64","SABD0002000012","AAV2.0.0.13","1.1.2.0","PSt7-10","000000-000","6/10/2026 14:47:13","0000-00","0","no battery","V"
"07/09/2026","07:51:41","3","default","198787511","O3","1133.005","min","176.060","µmol/L","Humid","21.453","deg","134899","µV","22.652","°C","1009.000","hPa","34.2","pmil","0","52.118","deg","21.808","°C","226.700","µmol/L","21.407","deg","20.891","°C","1012.000","hPa","0.861","-0.02056","0.00035","-0.00011","0","14.7","Humid","27.30","0","43.40","195656.53","SABD0002000012","AAV2.0.0.13","1.1.2.0","PSt7-10","000000-000","6/10/2026 14:47:13","0000-00","0","no battery","V"
"07/09/2026","07:52:11","3","default","198787511","O3","1133.505","min","176.126","µmol/L","Humid","21.447","deg","134901","µV","22.659","°C","1009.000","hPa","34.2","pmil","0","52.118","deg","21.808","°C","226.700","µmol/L","21.407","deg","20.891","°C","1012.000","hPa","0.861","-0.02056","0.00035","-0.00011","0","14.7","Humid","27.30","0","43.40","195652.43","SABD0002000012","AAV2.0.0.13","1.1.2.0","PSt7-10","000000-000","6/10/2026 14:47:13","0000-00","0","no battery","V"
"07/09/2026","07:52:41","3","default","198787511","O3","1134.004","min","176.060","µmol/L","Humid","21.453","deg","134908","µV","22.652","°C","1009.000","hPa","34.2","pmil","0","52.118","deg","21.808","°C","226.700","µmol/L","21.407","deg","20.891","°C","1012.000","hPa","0.861","-0.02056","0.00035","-0.00011","0","14.7","Humid","27.30","0","43.40","195648.10","SABD0002000012","AAV2.0.0.13","1.1.2.0","PSt7-10","000000-000","6/10/2026 14:47:13","0000-00","0","no battery","V"
"07/09/2026","07:53:11","3","default","198787511","O3","1134.505","min","176.076","µmol/L","Humid","21.452","deg","134899","µV","22.652","°C","1009.000","hPa","34.2","pmil","0","52.118","deg","21.808","°C","226.700","µmol/L","21.407","deg","20.891","°C","1012.000","hPa","0.861","-0.02056","0.00035","-0.00011","0","14.7","Humid","27.30","0","43.40","195656.45","SABD0002000012","AAV2.0.0.13","1.1.2.0","PSt7-10","000000-000","6/10/2026 14:47:13","0000-00","0","no battery","V"
"07/09/2026","07:53:41","3","default","198787511","O3","1135.004","min","176.092","µmol/L","Humid","21.451","deg","134899","µV","22.652","°C","1009.000","hPa","34.2","pmil","0","52.118","deg","21.808","°C","226.700","µmol/L","21.407","deg","20.891","°C","1012.000","hPa","0.861","-0.02056","0.00035","-0.00011","0","14.7","Humid","27.30","0","43.40","195652.73","SABD0002000012","AAV2.0.0.13","1.1.2.0","PSt7-10","000000-000","6/10/2026 14:47:13","0000-00","0","no battery","V"
"07/09/2026","07:54:11","3","default","198787511","O3","1135.504","min","176.046","µmol/L","Humid","21.452","deg","134900","µV","22.659","°C","1009.000","hPa","34.2","pmil","0","52.118","deg","21.808","°C","226.700","µmol/L","21.407","deg","20.891","°C","1012.000","hPa","0.861","-0.02056","0.00035","-0.00011","0","14.7","Humid","27.30","0","43.40","195651.33","SABD0002000012","AAV2.0.0.13","1.1.2.0","PSt7-10","000000-000","6/10/2026 14:47:13","0000-00","0","no battery","V"
"07/09/2026","07:54:41","3","default","198787511","O3","1136.005","min","176.062","µmol/L","Humid","21.451","deg","134898","µV","22.659","°C","1009.000","hPa","34.2","pmil","0","52.118","deg","21.808","°C","226.700","µmol/L","21.407","deg","20.891","°C","1012.000","hPa","0.861","-0.02056","0.00035","-0.00011","0","14.7","Humid","27.30","0","43.40","195647.25","SABD0002000012","AAV2.0.0.13","1.1.2.0","PSt7-10","000000-000","6/10/2026 14:47:13","0000-00","0","no battery","V"
"07/09/2026","07:55:11","3","default","198787511","O3","1136.505","min","176.060","µmol/L","Humid","21.453","deg","134909","µV","22.652","°C","1009.000","hPa","34.2","pmil","0","52.118","deg","21.808","°C","226.700","µmol/L","21.407","deg","20.891","°C","1012.000","hPa","0.861","-0.02056","0.00035","-0.00011","0","14.7","Humid","27.30","0","43.40","195640.91","SABD0002000012","AAV2.0.0.13","1.1.2.0","PSt7-10","000000-000","6/10/2026 14:47:13","0000-00","0","no battery","V"
"07/09/2026","07:55:41","3","default","198787511","O3","1137.005","min","176.092","µmol/L","Humid","21.451","deg","134903","µV","22.652","°C","1009.000","hPa","34.2","pmil","0","52.118","deg","21.808","°C","226.700","µmol/L","21.407","deg","20.891","°C","1012.000","hPa","0.861","-0.02056","0.00035","-0.00011","0","14.7","Humid","27.30","0","43.40","195654.01","SABD0002000012","AAV2.0.0.13","1.1.2.0","PSt7-10","000000-000","6/10/2026 14:47:13","0000-00","0","no battery","V"
"07/09/2026","07:56:11","3","default","198787511","O3","1137.504","min","176.044","µmol/L","Humid","21.454","deg","134899","µV","22.652","°C","1009.000","hPa","34.2","pmil","0","52.118","deg","21.808","°C","226.700","µmol/L","21.407","deg","20.891","°C","1012.000","hPa","0.861","-0.02056","0.00035","-0.00011","0","14.7","Humid","27.30","0","43.40","195655.46","SABD0002000012","AAV2.0.0.13","1.1.2.0","PSt7-10","000000-000","6/10/2026 14:47:13","0000-00","0","no battery","V"
"07/09/2026","07:56:41","3","default","198787511","O3","1138.005","min","176.107","µmol/L","Humid","21.452","deg","134902","µV","22.646","°C","1009.000","hPa","34.2","pmil","0","52.118","deg","21.808","°C","226.700","µmol/L","21.407","deg","20.891","°C","1012.000","hPa","0.861","-0.02056","0.00035","-0.00011","0","14.7","Humid","27.30","0","43.40","195650.99","SABD0002000012","AAV2.0.0.13","1.1.2.0","PSt7-10","000000-000","6/10/2026 14:47:13","0000-00","0","no battery","V"
"07/09/2026","07:57:11","3","default","198787511","O3","1138.505","min","176.125","µmol/L","Humid","21.449","deg","134895","µV","22.652","°C","1009.000","hPa","34.2","pmil","0","52.118","deg","21.808","°C","226.700","µmol/L","21.407","deg","20.891","°C","1012.000","hPa","0.861","-0.02056","0.00035","-0.00011","0","14.7","Humid","27.30","0","43.40","195657.01","SABD0002000012","AAV2.0.0.13","1.1.2.0","PSt7-10","000000-000","6/10/2026 14:47:13","0000-00","0","no battery","V"
"07/09/2026","07:57:41","3","default","198787511","O3","1139.005","min","176.076","µmol/L","Humid","21.452","deg","134899","µV","22.652","°C","1009.000","hPa","34.2","pmil","0","52.118","deg","21.808","°C","226.700","µmol/L","21.407","deg","20.891","°C","1012.000","hPa","0.861","-0.02056","0.00035","-0.00011","0","14.7","Humid","27.30","0","43.40","195649.43","SABD0002000012","AAV2.0.0.13","1.1.2.0","PSt7-10","000000-000","6/10/2026 14:47:13","0000-00","0","no battery","V"
"07/09/2026","07:58:11","3","default","198787511","O3","1139.504","min","176.046","µmol/L","Humid","21.452","deg","134901","µV","22.659","°C","1009.000","hPa","34.2","pmil","0","52.118","deg","21.808","°C","226.700","µmol/L","21.407","deg","20.891","°C","1012.000","hPa","0.861","-0.02056","0.00035","-0.00011","0","14.7","Humid","27.30","0","43.40","195657.58","SABD0002000012","AAV2.0.0.13","1.1.2.0","PSt7-10","000000-000","6/10/2026 14:47:13","0000-00","0","no battery","V"
"07/09/2026","07:58:41","3","default","198787511","O3","1140.004","min","176.125","µmol/L","Humid","21.449","deg","134901","µV","22.652","°C","1009.000","hPa","34.2","pmil","0","52.118","deg","21.808","°C","226.700","µmol/L","21.407","deg","20.891","°C","1012.000","hPa","0.861","-0.02056","0.00035","-0.00011","0","14.7","Humid","27.30","0","43.40","195656.95","SABD0002000012","AAV2.0.0.13","1.1.2.0","PSt7-10","000000-000","6/10/2026 14:47:13","0000-00","0","no battery","V"
"07/09/2026","07:59:11","3","default","198787511","O3","1140.504","min","176.108","µmol/L","Humid","21.450","deg","134916","µV","22.652","°C","1009.000","hPa","34.2","pmil","0","52.118","deg","21.808","°C","226.700","µmol/L","21.407","deg","20.891","°C","1012.000","hPa","0.861","-0.02056","0.00035","-0.00011","0","14.7","Humid","27.30","0","43.40","195655.10","SABD0002000012","AAV2.0.0.13","1.1.2.0","PSt7-10","000000-000","6/10/2026 14:47:13","0000-00","0","no battery","V"
"07/09/2026","07:59:41","3","default","198787511","O3","1141.005","min","176.089","µmol/L","Humid","21.455","deg","134925","µV","22.640","°C","1009.000","hPa","34.2","pmil","0","52.118","deg","21.808","°C","226.700","µmol/L","21.407","deg","20.891","°C","1012.000","hPa","0.861","-0.02056","0.00035","-0.00011","0","14.7","Humid","27.30","0","43.40","195660.53","SABD0002000012","AAV2.0.0.13","1.1.2.0","PSt7-10","000000-000","6/10/2026 14:47:13","0000-00","0","no battery","V"
"07/09/2026","08:00:11","3","default","198787511","O3","1141.504","min","176.089","µmol/L","Humid","21.455","deg","134921","µV","22.640","°C","1009.000","hPa","34.2","pmil","0","52.118","deg","21.808","°C","226.700","µmol/L","21.407","deg","20.891","°C","1012.000","hPa","0.861","-0.02056","0.00035","-0.00011","0","14.7","Humid","27.30","0","43.40","195665.07","SABD0002000012","AAV2.0.0.13","1.1.2.0","PSt7-10","000000-000","6/10/2026 14:47:13","0000-00","0","no battery","V"
"07/09/2026","08:00:41","3","default","198787511","O3","1142.005","min","176.055","µmol/L","Humid","21.459","deg","134933","µV","22.634","°C","1009.000","hPa","34.2","pmil","0","52.118","deg","21.808","°C","226.700","µmol/L","21.407","deg","20.891","°C","1012.000","hPa","0.861","-0.02056","0.00035","-0.00011","0","14.7","Humid","27.30","0","43.40","195652.04","SABD0002000012","AAV2.0.0.13","1.1.2.0","PSt7-10","000000-000","6/10/2026 14:47:13","0000-00","0","no battery","V"
"07/09/2026","08:01:11","3","default","198787511","O3","1142.505","min","176.101","µmol/L","Humid","21.458","deg","134939","µV","22.628","°C","1009.000","hPa","34.2","pmil","0","52.118","deg","21.808","°C","226.700","µmol/L","21.407","deg","20.891","°C","1012.000","hPa","0.861","-0.02056","0.00035","-0.00011","0","14.7","Humid","27.30","0","43.40","195664.18","SABD0002000012","AAV2.0.0.13","1.1.2.0","PSt7-10","000000-000","6/10/2026 14:47:13","0000-00","0","no battery","V"
"07/09/2026","08:01:41","3","default","198787511","O3","1143.004","min","176.103","µmol/L","Humid","21.456","deg","134938","µV","22.634","°C","1009.000","hPa","34.2","pmil","0","52.118","deg","21.808","°C","226.700","µmol/L","21.407","deg","20.891","°C","1012.000","hPa","0.861","-0.02056","0.00035","-0.00011","0","14.7","Humid","27.30","0","43.40","195660.85","SABD0002000012","AAV2.0.0.13","1.1.2.0","PSt7-10","000000-000","6/10/2026 14:47:13","0000-00","0","no battery","V"
"07/09/2026","08:02:11","3","default","198787511","O3","1143.505","min","176.164","µmol/L","Humid","21.456","deg","134935","µV","22.622","°C","1009.000","hPa","34.2","pmil","0","52.118","deg","21.808","°C","226.700","µmol/L","21.407","deg","20.891","°C","1012.000","hPa","0.861","-0.02056","0.00035","-0.00011","0","14.7","Humid","27.30","0","43.40","195661.49","SABD0002000012","AAV2.0.0.13","1.1.2.0","PSt7-10","000000-000","6/10/2026 14:47:13","0000-00","0","no battery","V"
"07/09/2026","08:02:41","3","default","198787511","O3","1144.005","min","176.055","µmol/L","Humid","21.459","deg","134922","µV","22.634","°C","1009.000","hPa","34.2","pmil","0","52.118","deg","21.808","°C","226.700","µmol/L","21.407","deg","20.891","°C","1012.000","hPa","0.861","-0.02056","0.00035","-0.00011","0","14.7","Humid","27.30","0","43.40","195655.69","SABD0002000012","AAV2.0.0.13","1.1.2.0","PSt7-10","000000-000","6/10/2026 14:47:13","0000-00","0","no battery","V"
"07/09/2026","08:03:11","3","default","198787511","O3","1144.504","min","176.103","µmol/L","Humid","21.456","deg","134928","µV","22.634","°C","1009.000","hPa","34.2","pmil","0","52.118","deg","21.808","°C","226.700","µmol/L","21.407","deg","20.891","°C","1012.000","hPa","0.861","-0.02056","0.00035","-0.00011","0","14.7","Humid","27.30","0","43.40","195649.75","SABD0002000012","AAV2.0.0.13","1.1.2.0","PSt7-10","000000-000","6/10/2026 14:47:13","0000-00","0","no battery","V"
"07/09/2026","08:03:41","3","default","198787511","O3","1145.004","min","176.151","µmol/L","Humid","21.453","deg","134925","µV","22.634","°C","1009.000","hPa","34.2","pmil","0","52.118","deg","21.808","°C","226.700","µmol/L","21.407","deg","20.891","°C","1012.000","hPa","0.861","-0.02056","0.00035","-0.00011","0","14.7","Humid","27.30","0","43.40","195642.45","SABD0002000012","AAV2.0.0.13","1.1.2.0","PSt7-10","000000-000","6/10/2026 14:47:13","0000-00","0","no battery","V"
"07/09/2026","08:04:11","3","default","198787511","O3","1145.504","min","176.101","µmol/L","Humid","21.458","deg","134924","µV","22.628","°C","1009.000","hPa","34.2","pmil","0","52.118","deg","21.808","°C","226.700","µmol/L","21.407","deg","20.891","°C","1012.000","hPa","0.861","-0.02056","0.00035","-0.00011","0","14.7","Humid","27.30","0","43.40","195648.04","SABD0002000012","AAV2.0.0.13","1.1.2.0","PSt7-10","000000-000","6/10/2026 14:47:13","0000-00","0","no battery","V"
"07/09/2026","08:04:41","3","default","198787511","O3","1146.005","min","176.133","µmol/L","Humid","21.456","deg","134934","µV","22.628","°C","1009.000","hPa","34.2","pmil","0","52.118","deg","21.808","°C","226.700","µmol/L","21.407","deg","20.891","°C","1012.000","hPa","0.861","-0.02056","0.00035","-0.00011","0","14.7","Humid","27.30","0","43.40","195653.88","SABD0002000012","AAV2.0.0.13","1.1.2.0","PSt7-10","000000-000","6/10/2026 14:47:13","0000-00","0","no battery","V"
"07/09/2026","08:05:11","3","default","198787511","O3","1146.504","min","176.151","µmol/L","Humid","21.453","deg","134924","µV","22.634","°C","1009.000","hPa","34.2","pmil","0","52.118","deg","21.808","°C","226.700","µmol/L","21.407","deg","20.891","°C","1012.000","hPa","0.861","-0.02056","0.00035","-0.00011","0","14.7","Humid","27.30","0","43.40","195647.95","SABD0002000012","AAV2.0.0.13","1.1.2.0","PSt7-10","000000-000","6/10/2026 14:47:13","0000-00","0","no battery","V"
"07/09/2026","08:05:41","3","default","198787511","O3","1147.005","min","176.135","µmol/L","Humid","21.454","deg","134923","µV","22.634","°C","1009.000","hPa","34.2","pmil","0","52.118","deg","21.808","°C","226.700","µmol/L","21.407","deg","20.891","°C","1012.000","hPa","0.861","-0.02056","0.00035","-0.00011","0","14.7","Humid","27.30","0","43.40","195650.04","SABD0002000012","AAV2.0.0.13","1.1.2.0","PSt7-10","000000-000","6/10/2026 14:47:13","0000-00","0","no battery","V"
"07/09/2026","08:06:11","3","default","198787511","O3","1147.504","min","176.056","µmol/L","Humid","21.457","deg","134928","µV","22.640","°C","1009.000","hPa","34.2","pmil","0","52.118","deg","21.808","°C","226.700","µmol/L","21.407","deg","20.891","°C","1012.000","hPa","0.861","-0.02056","0.00035","-0.00011","0","14.7","Humid","27.30","0","43.40","195659.20","SABD0002000012","AAV2.0.0.13","1.1.2.0","PSt7-10","000000-000","6/10/2026 14:47:13","0000-00","0","no battery","V"
"07/09/2026","08:06:41","3","default","198787511","O3","1148.005","min","176.101","µmol/L","Humid","21.458","deg","134917","µV","22.628","°C","1009.000","hPa","34.2","pmil","0","52.118","deg","21.808","°C","226.700","µmol/L","21.407","deg","20.891","°C","1012.000","hPa","0.861","-0.02056","0.00035","-0.00011","0","14.7","Humid","27.30","0","43.40","195650.39","SABD0002000012","AAV2.0.0.13","1.1.2.0","PSt7-10","000000-000","6/10/2026 14:47:13","0000-00","0","no battery","V"
"07/09/2026","08:07:11","3","default","198787511","O3","1148.505","min","176.133","µmol/L","Humid","21.456","deg","134924","µV","22.628","°C","1009.000","hPa","34.2","pmil","0","52.118","deg","21.808","°C","226.700","µmol/L","21.407","deg","20.891","°C","1012.000","hPa","0.861","-0.02056","0.00035","-0.00011","0","14.7","Humid","27.30","0","43.40","195656.98","SABD0002000012","AAV2.0.0.13","1.1.2.0","PSt7-10","000000-000","6/10/2026 14:47:13","0000-00","0","no battery","V"
"07/09/2026","08:07:41","3","default","198787511","O3","1149.004","min","176.087","µmol/L","Humid","21.457","deg","134923","µV","22.634","°C","1009.000","hPa","34.2","pmil","0","52.118","deg","21.808","°C","226.700","µmol/L","21.407","deg","20.891","°C","1012.000","hPa","0.861","-0.02056","0.00035","-0.00011","0","14.7","Humid","27.30","0","43.40","195658.95","SABD0002000012","AAV2.0.0.13","1.1.2.0","PSt7-10","000000-000","6/10/2026 14:47:13","0000-00","0","no battery","V"
"07/09/2026","08:08:11","3","default","198787511","O3","1149.504","min","176.055","µmol/L","Humid","21.459","deg","134925","µV","22.634","°C","1009.000","hPa","34.2","pmil","0","52.118","deg","21.808","°C","226.700","µmol/L","21.407","deg","20.891","°C","1012.000","hPa","0.861","-0.02056","0.00035","-0.00011","0","14.7","Humid","27.30","0","43.40","195664.76","SABD0002000012","AAV2.0.0.13","1.1.2.0","PSt7-10","000000-000","6/10/2026 14:47:13","0000-00","0","no battery","V"
"07/09/2026","08:08:41","3","default","198787511","O3","1150.005","min","176.087","µmol/L","Humid","21.457","deg","134927","µV","22.634","°C","1009.000","hPa","34.2","pmil","0","52.118","deg","21.808","°C","226.700","µmol/L","21.407","deg","20.891","°C","1012.000","hPa","0.861","-0.02056","0.00035","-0.00011","0","14.7","Humid","27.30","0","43.40","195646.10","SABD0002000012","AAV2.0.0.13","1.1.2.0","PSt7-10","000000-000","6/10/2026 14:47:13","0000-00","0","no battery","V"
"07/09/2026","08:09:11","3","default","198787511","O3","1150.504","min","176.053","µmol/L","Humid","21.461","deg","134918","µV","22.628","°C","1009.000","hPa","34.2","pmil","0","52.118","deg","21.808","°C","226.700","µmol/L","21.407","deg","20.891","°C","1012.000","hPa","0.861","-0.02056","0.00035","-0.00011","0","14.7","Humid","27.30","0","43.40","195662.02","SABD0002000012","AAV2.0.0.13","1.1.2.0","PSt7-10","000000-000","6/10/2026 14:47:13","0000-00","0","no battery","V"
"07/09/2026","08:09:41","3","default","198787511","O3","1151.005","min","176.133","µmol/L","Humid","21.456","deg","134916","µV","22.628","°C","1009.000","hPa","34.2","pmil","0","52.118","deg","21.808","°C","226.700","µmol/L","21.407","deg","20.891","°C","1012.000","hPa","0.861","-0.02056","0.00035","-0.00011","0","14.7","Humid","27.30","0","43.40","195666.29","SABD0002000012","AAV2.0.0.13","1.1.2.0","PSt7-10","000000-000","6/10/2026 14:47:13","0000-00","0","no battery","V"
"07/09/2026","08:10:11","3","default","198787511","O3","1151.505","min","176.119","µmol/L","Humid","21.455","deg","134916","µV","22.634","°C","1009.000","hPa","34.2","pmil","0","52.118","deg","21.808","°C","226.700","µmol/L","21.407","deg","20.891","°C","1012.000","hPa","0.861","-0.02056","0.00035","-0.00011","0","14.7","Humid","27.30","0","43.40","195658.20","SABD0002000012","AAV2.0.0.13","1.1.2.0","PSt7-10","000000-000","6/10/2026 14:47:13","0000-00","0","no battery","V"
"07/09/2026","08:10:41","3","default","198787511","O3","1152.004","min","176.135","µmol/L","Humid","21.454","deg","134908","µV","22.634","°C","1009.000","hPa","34.2","pmil","0","52.118","deg","21.808","°C","226.700","µmol/L","21.407","deg","20.891","°C","1012.000","hPa","0.861","-0.02056","0.00035","-0.00011","0","14.7","Humid","27.30","0","43.40","195657.35","SABD0002000012","AAV2.0.0.13","1.1.2.0","PSt7-10","000000-000","6/10/2026 14:47:13","0000-00","0","no battery","V"
"07/09/2026","08:11:11","3","default","198787511","O3","1152.505","min","176.071","µmol/L","Humid","21.458","deg","134912","µV","22.634","°C","1009.000","hPa","34.2","pmil","0","52.118","deg","21.808","°C","226.700","µmol/L","21.407","deg","20.891","°C","1012.000","hPa","0.861","-0.02056","0.00035","-0.00011","0","14.7","Humid","27.30","0","43.40","195658.47","SABD0002000012","AAV2.0.0.13","1.1.2.0","PSt7-10","000000-000","6/10/2026 14:47:13","0000-00","0","no battery","V"
"07/09/2026","08:11:41","3","default","198787511","O3","1153.005","min","176.180","µmol/L","Humid","21.455","deg","134908","µV","22.622","°C","1009.000","hPa","34.2","pmil","0","52.118","deg","21.808","°C","226.700","µmol/L","21.407","deg","20.891","°C","1012.000","hPa","0.861","-0.02056","0.00035","-0.00011","0","14.7","Humid","27.30","0","43.40","195659.16","SABD0002000012","AAV2.0.0.13","1.1.2.0","PSt7-10","000000-000","6/10/2026 14:47:13","0000-00","0","no battery","V"
"07/09/2026","08:12:11","3","default","198787511","O3","1153.504","min","176.101","µmol/L","Humid","21.458","deg","134907","µV","22.628","°C","1009.000","hPa","34.2","pmil","0","52.118","deg","21.808","°C","226.700","µmol/L","21.407","deg","20.891","°C","1012.000","hPa","0.861","-0.02056","0.00035","-0.00011","0","14.7","Humid","27.30","0","43.40","195660.75","SABD0002000012","AAV2.0.0.13","1.1.2.0","PSt7-10","000000-000","6/10/2026 14:47:13","0000-00","0","no battery","V"
"07/09/2026","08:12:41","3","default","198787511","O3","1154.005","min","176.133","µmol/L","Humid","21.456","deg","134917","µV","22.628","°C","1009.000","hPa","34.2","pmil","0","52.118","deg","21.808","°C","226.700","µmol/L","21.407","deg","20.891","°C","1012.000","hPa","0.861","-0.02056","0.00035","-0.00011","0","14.7","Humid","27.30","0","43.40","195659.55","SABD0002000012","AAV2.0.0.13","1.1.2.0","PSt7-10","000000-000","6/10/2026 14:47:13","0000-00","0","no battery","V"
"07/09/2026","08:13:11","3","default","198787511","O3","1154.505","min","176.132","µmol/L","Humid","21.458","deg","134917","µV","22.622","°C","1009.000","hPa","34.2","pmil","0","52.118","deg","21.808","°C","226.700","µmol/L","21.407","deg","20.891","°C","1012.000","hPa","0.861","-0.02056","0.00035","-0.00011","0","14.7","Humid","27.30","0","43.40","195655.05","SABD0002000012","AAV2.0.0.13","1.1.2.0","PSt7-10","000000-000","6/10/2026 14:47:13","0000-00","0","no battery","V"
"07/09/2026","08:13:41","3","default","198787511","O3","1155.004","min","176.085","µmol/L","Humid","21.459","deg","134923","µV","22.628","°C","1009.000","hPa","34.2","pmil","0","52.118","deg","21.808","°C","226.700","µmol/L","21.407","deg","20.891","°C","1012.000","hPa","0.861","-0.02056","0.00035","-0.00011","0","14.7","Humid","27.30","0","43.40","195655.52","SABD0002000012","AAV2.0.0.13","1.1.2.0","PSt7-10","000000-000","6/10/2026 14:47:13","0000-00","0","no battery","V"
"07/09/2026","08:14:11","3","default","198787511","O3","1155.505","min","176.071","µmol/L","Humid","21.458","deg","134912","µV","22.634","°C","1009.000","hPa","34.2","pmil","0","52.118","deg","21.808","°C","226.700","µmol/L","21.407","deg","20.891","°C","1012.000","hPa","0.861","-0.02056","0.00035","-0.00011","0","14.7","Humid","27.30","0","43.40","195652.82","SABD0002000012","AAV2.0.0.13","1.1.2.0","PSt7-10","000000-000","6/10/2026 14:47:13","0000-00","0","no battery","V"
"07/09/2026","08:14:41","3","default","198787511","O3","1156.004","min","176.117","µmol/L","Humid","21.457","deg","134914","µV","22.628","°C","1009.000","hPa","34.2","pmil","0","52.118","deg","21.808","°C","226.700","µmol/L","21.407","deg","20.891","°C","1012.000","hPa","0.861","-0.02056","0.00035","-0.00011","0","14.7","Humid","27.30","0","43.40","195661.26","SABD0002000012","AAV2.0.0.13","1.1.2.0","PSt7-10","000000-000","6/10/2026 14:47:13","0000-00","0","no battery","V"
"07/09/2026","08:15:11","3","default","198787511","O3","1156.505","min","176.055","µmol/L","Humid","21.459","deg","134908","µV","22.634","°C","1009.000","hPa","34.2","pmil","0","52.118","deg","21.808","°C","226.700","µmol/L","21.407","deg","20.891","°C","1012.000","hPa","0.861","-0.02056","0.00035","-0.00011","0","14.7","Humid","27.30","0","43.40","195654.65","SABD0002000012","AAV2.0.0.13","1.1.2.0","PSt7-10","000000-000","6/10/2026 14:47:13","0000-00","0","no battery","V"
"07/09/2026","08:15:41","3","default","198787511","O3","1157.004","min","176.119","µmol/L","Humid","21.455","deg","134900","µV","22.634","°C","1009.000","hPa","34.2","pmil","0","52.118","deg","21.808","°C","226.700","µmol/L","21.407","deg","20.891","°C","1012.000","hPa","0.861","-0.02056","0.00035","-0.00011","0","14.7","Humid","27.30","0","43.40","195650.79","SABD0002000012","AAV2.0.0.13","1.1.2.0","PSt7-10","000000-000","6/10/2026 14:47:13","0000-00","0","no battery","V"
"07/09/2026","08:16:11","3","default","198787511","O3","1157.505","min","176.167","µmol/L","Humid","21.452","deg","134897","µV","22.634","°C","1009.000","hPa","34.2","pmil","0","52.118","deg","21.808","°C","226.700","µmol/L","21.407","deg","20.891","°C","1012.000","hPa","0.861","-0.02056","0.00035","-0.00011","0","14.7","Humid","27.30","0","43.40","195647.91","SABD0002000012","AAV2.0.0.13","1.1.2.0","PSt7-10","000000-000","6/10/2026 14:47:13","0000-00","0","no battery","V"
"07/09/2026","08:16:41","3","default","198787511","O3","1158.004","min","176.166","µmol/L","Humid","21.454","deg","134892","µV","22.628","°C","1009.000","hPa","34.2","pmil","0","52.118","deg","21.808","°C","226.700","µmol/L","21.407","deg","20.891","°C","1012.000","hPa","0.861","-0.02056","0.00035","-0.00011","0","14.7","Humid","27.30","0","43.40","195644.77","SABD0002000012","AAV2.0.0.13","1.1.2.0","PSt7-10","000000-000","6/10/2026 14:47:13","0000-00","0","no battery","V"
"07/09/2026","08:17:11","3","default","198787511","O3","1158.504","min","176.151","µmol/L","Humid","21.453","deg","134889","µV","22.634","°C","1009.000","hPa","34.2","pmil","0","52.118","deg","21.808","°C","226.700","µmol/L","21.407","deg","20.891","°C","1012.000","hPa","0.861","-0.02056","0.00035","-0.00011","0","14.7","Humid","27.30","0","43.40","195651.84","SABD0002000012","AAV2.0.0.13","1.1.2.0","PSt7-10","000000-000","6/10/2026 14:47:13","0000-00","0","no battery","V"
"07/09/2026","08:17:41","3","default","198787511","O3","1159.004","min","176.184","µmol/L","Humid","21.451","deg","134885","µV","22.634","°C","1009.000","hPa","34.2","pmil","0","52.118","deg","21.808","°C","226.700","µmol/L","21.407","deg","20.891","°C","1012.000","hPa","0.861","-0.02056","0.00035","-0.00011","0","14.7","Humid","27.30","0","43.40","195640.81","SABD0002000012","AAV2.0.0.13","1.1.2.0","PSt7-10","000000-000","6/10/2026 14:47:13","0000-00","0","no battery","V"
"07/09/2026","08:18:11","3","default","198787511","O3","1159.505","min","176.135","µmol/L","Humid","21.454","deg","134883","µV","22.634","°C","1009.000","hPa","34.2","pmil","0","52.118","deg","21.808","°C","226.700","µmol/L","21.407","deg","20.891","°C","1012.000","hPa","0.861","-0.02056","0.00035","-0.00011","0","14.7","Humid","27.30","0","43.40","195655.45","SABD0002000012","AAV2.0.0.13","1.1.2.0","PSt7-10","000000-000","6/10/2026 14:47:13","0000-00","0","no battery","V"
"07/09/2026","08:18:41","3","default","198787511","O3","1160.005","min","176.153","µmol/L","Humid","21.451","deg","134881","µV","22.640","°C","1009.000","hPa","34.2","pmil","0","52.118","deg","21.808","°C","226.700","µmol/L","21.407","deg","20.891","°C","1012.000","hPa","0.861","-0.02056","0.00035","-0.00011","0","14.7","Humid","27.30","0","43.40","195649.53","SABD0002000012","AAV2.0.0.13","1.1.2.0","PSt7-10","000000-000","6/10/2026 14:47:13","0000-00","0","no battery","V"
"07/09/2026","08:19:11","3","default","198787511","O3","1160.504","min","176.169","µmol/L","Humid","21.450","deg","134875","µV","22.640","°C","1009.000","hPa","34.2","pmil","0","52.118","deg","21.808","°C","226.700","µmol/L","21.407","deg","20.891","°C","1012.000","hPa","0.861","-0.02056","0.00035","-0.00011","0","14.7","Humid","27.30","0","43.40","195652.75","SABD0002000012","AAV2.0.0.13","1.1.2.0","PSt7-10","000000-000","6/10/2026 14:47:13","0000-00","0","no battery","V"
"07/09/2026","08:19:41","3","default","198787511","O3","1161.004","min","176.123","µmol/L","Humid","21.451","deg","134871","µV","22.646","°C","1009.000","hPa","34.2","pmil","0","52.118","deg","21.808","°C","226.700","µmol/L","21.407","deg","20.891","°C","1012.000","hPa","0.861","-0.02056","0.00035","-0.00011","0","14.7","Humid","27.30","0","43.40","195641.31","SABD0002000012","AAV2.0.0.13","1.1.2.0","PSt7-10","000000-000","6/10/2026 14:47:13","0000-00","0","no battery","V"
"07/09/2026","08:20:11","3","default","198787511","O3","1161.505","min","176.151","µmol/L","Humid","21.453","deg","134862","µV","22.634","°C","1009.000","hPa","34.2","pmil","0","52.118","deg","21.808","°C","226.700","µmol/L","21.407","deg","20.891","°C","1012.000","hPa","0.861","-0.02056","0.00035","-0.00011","0","14.7","Humid","27.30","0","43.40","195648.28","SABD0002000012","AAV2.0.0.13","1.1.2.0","PSt7-10","000000-000","6/10/2026 14:47:13","0000-00","0","no battery","V"
"07/09/2026","08:20:41","3","default","198787511","O3","1162.005","min","176.200","µmol/L","Humid","21.450","deg","134867","µV","22.634","°C","1009.000","hPa","34.2","pmil","0","52.118","deg","21.808","°C","226.700","µmol/L","21.407","deg","20.891","°C","1012.000","hPa","0.861","-0.02056","0.00035","-0.00011","0","14.7","Humid","27.30","0","43.40","195643.69","SABD0002000012","AAV2.0.0.13","1.1.2.0","PSt7-10","000000-000","6/10/2026 14:47:13","0000-00","0","no battery","V"
"07/09/2026","08:21:11","3","default","198787511","O3","1162.505","min","176.105","µmol/L","Humid","21.454","deg","134862","µV","22.640","°C","1009.000","hPa","34.2","pmil","0","52.118","deg","21.808","°C","226.700","µmol/L","21.407","deg","20.891","°C","1012.000","hPa","0.861","-0.02056","0.00035","-0.00011","0","14.7","Humid","27.30","0","43.40","195642.64","SABD0002000012","AAV2.0.0.13","1.1.2.0","PSt7-10","000000-000","6/10/2026 14:47:13","0000-00","0","no battery","V"
"07/09/2026","08:21:41","3","default","198787511","O3","1163.004","min","176.121","µmol/L","Humid","21.453","deg","134861","µV","22.640","°C","1009.000","hPa","34.2","pmil","0","52.118","deg","21.808","°C","226.700","µmol/L","21.407","deg","20.891","°C","1012.000","hPa","0.861","-0.02056","0.00035","-0.00011","0","14.7","Humid","27.30","0","43.40","195637.18","SABD0002000012","AAV2.0.0.13","1.1.2.0","PSt7-10","000000-000","6/10/2026 14:47:13","0000-00","0","no battery","V"
"07/09/2026","08:22:11","3","default","198787511","O3","1163.504","min","176.028","µmol/L","Humid","21.455","deg","134858","µV","22.652","°C","1009.000","hPa","34.2","pmil","0","52.118","deg","21.808","°C","226.700","µmol/L","21.407","deg","20.891","°C","1012.000","hPa","0.861","-0.02056","0.00035","-0.00011","0","14.7","Humid","27.30","0","43.40","195646.31","SABD0002000012","AAV2.0.0.13","1.1.2.0","PSt7-10","000000-000","6/10/2026 14:47:13","0000-00","0","no battery","V"
"07/09/2026","08:22:41","3","default","198787511","O3","1164.005","min","176.062","µmol/L","Humid","21.451","deg","134865","µV","22.659","°C","1009.000","hPa","34.2","pmil","0","52.118","deg","21.808","°C","226.700","µmol/L","21.407","deg","20.891","°C","1012.000","hPa","0.861","-0.02056","0.00035","-0.00011","0","14.7","Humid","27.30","0","43.40","195644.00","SABD0002000012","AAV2.0.0.13","1.1.2.0","PSt7-10","000000-000","6/10/2026 14:47:13","0000-00","0","no battery","V"
"07/09/2026","08:23:11","3","default","198787511","O3","1164.504","min","176.157","µmol/L","Humid","21.447","deg","134859","µV","22.652","°C","1009.000","hPa","34.2","pmil","0","52.118","deg","21.808","°C","226.700","µmol/L","21.407","deg","20.891","°C","1012.000","hPa","0.861","-0.02056","0.00035","-0.00011","0","14.7","Humid","27.30","0","43.40","195652.62","SABD0002000012","AAV2.0.0.13","1.1.2.0","PSt7-10","000000-000","6/10/2026 14:47:13","0000-00","0","no battery","V"
"07/09/2026","08:23:41","3","default","198787511","O3","1165.005","min","176.074","µmol/L","Humid","21.454","deg","134847","µV","22.646","°C","1009.000","hPa","34.2","pmil","0","52.118","deg","21.808","°C","226.700","µmol/L","21.407","deg","20.891","°C","1012.000","hPa","0.861","-0.02056","0.00035","-0.00011","0","14.7","Humid","27.30","0","43.40","195640.98","SABD0002000012","AAV2.0.0.13","1.1.2.0","PSt7-10","000000-000","6/10/2026 14:47:13","0000-00","0","no battery","V"
"07/09/2026","08:24:11","3","default","198787511","O3","1165.504","min","176.060","µmol/L","Humid","21.453","deg","134847","µV","22.652","°C","1009.000","hPa","34.2","pmil","0","52.118","deg","21.808","°C","226.700","µmol/L","21.407","deg","20.891","°C","1012.000","hPa","0.861","-0.02056","0.00035","-0.00011","0","14.7","Humid","27.30","0","43.40","195646.53","SABD0002000012","AAV2.0.0.13","1.1.2.0","PSt7-10","000000-000","6/10/2026 14:47:13","0000-00","0","no battery","V"
"07/09/2026","08:24:41","3","default","198787511","O3","1166.005","min","176.189","µmol/L","Humid","21.445","deg","134848","µV","22.652","°C","1009.000","hPa","34.2","pmil","0","52.118","deg","21.808","°C","226.700","µmol/L","21.407","deg","20.891","°C","1012.000","hPa","0.861","-0.02056","0.00035","-0.00011","0","14.7","Humid","27.30","0","43.40","195634.47","SABD0002000012","AAV2.0.0.13","1.1.2.0","PSt7-10","000000-000","6/10/2026 14:47:13","0000-00","0","no battery","V"
"07/09/2026","08:25:11","3","default","198787511","O3","1166.505","min","176.128","µmol/L","Humid","21.445","deg","134844","µV","22.665","°C","1009.000","hPa","34.2","pmil","0","52.118","deg","21.808","°C","226.700","µmol/L","21.407","deg","20.891","°C","1012.000","hPa","0.861","-0.02056","0.00035","-0.00011","0","14.7","Humid","27.30","0","43.40","195648.79","SABD0002000012","AAV2.0.0.13","1.1.2.0","PSt7-10","000000-000","6/10/2026 14:47:13","0000-00","0","no battery","V"
"07/09/2026","08:25:41","3","default","198787511","O3","1167.005","min","176.094","µmol/L","Humid","21.449","deg","134839","µV","22.659","°C","1009.000","hPa","34.2","pmil","0","52.118","deg","21.808","°C","226.700","µmol/L","21.407","deg","20.891","°C","1012.000","hPa","0.861","-0.02056","0.00035","-0.00011","0","14.7","Humid","27.30","0","43.40","195640.55","SABD0002000012","AAV2.0.0.13","1.1.2.0","PSt7-10","000000-000","6/10/2026 14:47:13","0000-00","0","no battery","V"
"07/09/2026","08:26:11","3","default","198787511","O3","1167.504","min","176.110","µmol/L","Humid","21.448","deg","134844","µV","22.659","°C","1009.000","hPa","34.2","pmil","0","52.118","deg","21.808","°C","226.700","µmol/L","21.407","deg","20.891","°C","1012.000","hPa","0.861","-0.02056","0.00035","-0.00011","0","14.7","Humid","27.30","0","43.40","195642.85","SABD0002000012","AAV2.0.0.13","1.1.2.0","PSt7-10","000000-000","6/10/2026 14:47:13","0000-00","0","no battery","V"
"07/09/2026","08:26:41","3","default","198787511","O3","1168.005","min","176.094","µmol/L","Humid","21.449","deg","134847","µV","22.659","°C","1009.000","hPa","34.2","pmil","0","52.118","deg","21.808","°C","226.700","µmol/L","21.407","deg","20.891","°C","1012.000","hPa","0.861","-0.02056","0.00035","-0.00011","0","14.7","Humid","27.30","0","43.40","195640.96","SABD0002000012","AAV2.0.0.13","1.1.2.0","PSt7-10","000000-000","6/10/2026 14:47:13","0000-00","0","no battery","V"
"07/09/2026","08:27:11","3","default","198787511","O3","1168.505","min","176.078","µmol/L","Humid","21.450","deg","134846","µV","22.659","°C","1009.000","hPa","34.2","pmil","0","52.118","deg","21.808","°C","226.700","µmol/L","21.407","deg","20.891","°C","1012.000","hPa","0.861","-0.02056","0.00035","-0.00011","0","14.7","Humid","27.30","0","43.40","195651.48","SABD0002000012","AAV2.0.0.13","1.1.2.0","PSt7-10","000000-000","6/10/2026 14:47:13","0000-00","0","no battery","V"
"07/09/2026","08:27:41","3","default","198787511","O3","1169.004","min","176.046","µmol/L","Humid","21.452","deg","134856","µV","22.659","°C","1009.000","hPa","34.2","pmil","0","52.118","deg","21.808","°C","226.700","µmol/L","21.407","deg","20.891","°C","1012.000","hPa","0.861","-0.02056","0.00035","-0.00011","0","14.7","Humid","27.30","0","43.40","195655.11","SABD0002000012","AAV2.0.0.13","1.1.2.0","PSt7-10","000000-000","6/10/2026 14:47:13","0000-00","0","no battery","V"
"07/09/2026","08:28:11","3","default","198787511","O3","1169.505","min","176.062","µmol/L","Humid","21.451","deg","134857","µV","22.659","°C","1009.000","hPa","34.2","pmil","0","52.118","deg","21.808","°C","226.700","µmol/L","21.407","deg","20.891","°C","1012.000","hPa","0.861","-0.02056","0.00035","-0.00011","0","14.7","Humid","27.30","0","43.40","195645.33","SABD0002000012","AAV2.0.0.13","1.1.2.0","PSt7-10","000000-000","6/10/2026 14:47:13","0000-00","0","no battery","V"
"07/09/2026","08:28:41","3","default","198787511","O3","1170.004","min","176.110","µmol/L","Humid","21.448","deg","134850","µV","22.659","°C","1009.000","hPa","34.2","pmil","0","52.118","deg","21.808","°C","226.700","µmol/L","21.407","deg","20.891","°C","1012.000","hPa","0.861","-0.02056","0.00035","-0.00011","0","14.7","Humid","27.30","0","43.40","195640.08","SABD0002000012","AAV2.0.0.13","1.1.2.0","PSt7-10","000000-000","6/10/2026 14:47:13","0000-00","0","no battery","V"
"07/09/2026","08:29:11","3","default","198787511","O3","1170.505","min","176.126","µmol/L","Humid","21.447","deg","134868","µV","22.659","°C","1009.000","hPa","34.2","pmil","0","52.118","deg","21.808","°C","226.700","µmol/L","21.407","deg","20.891","°C","1012.000","hPa","0.861","-0.02056","0.00035","-0.00011","0","14.7","Humid","27.30","0","43.40","195653.58","SABD0002000012","AAV2.0.0.13","1.1.2.0","PSt7-10","000000-000","6/10/2026 14:47:13","0000-00","0","no battery","V"
"07/09/2026","08:29:41","3","default","198787511","O3","1171.005","min","176.064","µmol/L","Humid","21.449","deg","134870","µV","22.665","°C","1009.000","hPa","34.2","pmil","0","52.118","deg","21.808","°C","226.700","µmol/L","21.407","deg","20.891","°C","1012.000","hPa","0.861","-0.02056","0.00035","-0.00011","0","14.7","Humid","27.30","0","43.40","195649.71","SABD0002000012","AAV2.0.0.13","1.1.2.0","PSt7-10","000000-000","6/10/2026 14:47:13","0000-00","0","no battery","V"
"07/09/2026","08:30:11","3","default","198787511","O3","1171.504","min","176.048","µmol/L","Humid","21.450","deg","134858","µV","22.665","°C","1009.000","hPa","34.2","pmil","0","52.118","deg","21.808","°C","226.700","µmol/L","21.407","deg","20.891","°C","1012.000","hPa","0.861","-0.02056","0.00035","-0.00011","0","14.7","Humid","27.30","0","43.40","195641.43","SABD0002000012","AAV2.0.0.13","1.1.2.0","PSt7-10","000000-000","6/10/2026 14:47:13","0000-00","0","no battery","V"
"07/09/2026","08:30:41","3","default","198787511","O3","1172.004","min","176.080","µmol/L","Humid","21.448","deg","134865","µV","22.665","°C","1009.000","hPa","34.2","pmil","0","52.118","deg","21.808","°C","226.700","µmol/L","21.407","deg","20.891","°C","1012.000","hPa","0.861","-0.02056","0.00035","-0.00011","0","14.7","Humid","27.30","0","43.40","195644.57","SABD0002000012","AAV2.0.0.13","1.1.2.0","PSt7-10","000000-000","6/10/2026 14:47:13","0000-00","0","no battery","V"
"07/09/2026","08:31:11","3","default","198787511","O3","1172.505","min","175.985","µmol/L","Humid","21.452","deg","134854","µV","22.671","°C","1009.000","hPa","34.2","pmil","0","52.118","deg","21.808","°C","226.700","µmol/L","21.407","deg","20.891","°C","1012.000","hPa","0.861","-0.02056","0.00035","-0.00011","0","14.7","Humid","27.30","0","43.40","195639.01","SABD0002000012","AAV2.0.0.13","1.1.2.0","PSt7-10","000000-000","6/10/2026 14:47:13","0000-00","0","no battery","V"
"07/09/2026","08:31:41","3","default","198787511","O3","1173.004","min","176.096","µmol/L","Humid","21.447","deg","134850","µV","22.665","°C","1009.000","hPa","34.2","pmil","0","52.118","deg","21.808","°C","226.700","µmol/L","21.407","deg","20.891","°C","1012.000","hPa","0.861","-0.02056","0.00035","-0.00011","0","14.7","Humid","27.30","0","43.40","195647.45","SABD0002000012","AAV2.0.0.13","1.1.2.0","PSt7-10","000000-000","6/10/2026 14:47:13","0000-00","0","no battery","V"
"07/09/2026","08:32:11","3","default","198787511","O3","1173.505","min","176.064","µmol/L","Humid","21.449","deg","134859","µV","22.665","°C","1009.000","hPa","34.2","pmil","0","52.118","deg","21.808","°C","226.700","µmol/L","21.407","deg","20.891","°C","1012.000","hPa","0.861","-0.02056","0.00035","-0.00011","0","14.7","Humid","27.30","0","43.40","195652.10","SABD0002000012","AAV2.0.0.13","1.1.2.0","PSt7-10","000000-000","6/10/2026 14:47:13","0000-00","0","no battery","V"
"07/09/2026","08:32:41","3","default","198787511","O3","1174.004","min","176.128","µmol/L","Humid","21.445","deg","134858","µV","22.665","°C","1009.000","hPa","34.2","pmil","0","52.118","deg","21.808","°C","226.700","µmol/L","21.407","deg","20.891","°C","1012.000","hPa","0.861","-0.02056","0.00035","-0.00011","0","14.7","Humid","27.30","0","43.40","195654.59","SABD0002000012","AAV2.0.0.13","1.1.2.0","PSt7-10","000000-000","6/10/2026 14:47:13","0000-00","0","no battery","V"
"07/09/2026","08:33:11","3","default","198787511","O3","1174.504","min","176.080","µmol/L","Humid","21.448","deg","134840","µV","22.665","°C","1009.000","hPa","34.2","pmil","0","52.118","deg","21.808","°C","226.700","µmol/L","21.407","deg","20.891","°C","1012.000","hPa","0.861","-0.02056","0.00035","-0.00011","0","14.7","Humid","27.30","0","43.40","195648.37","SABD0002000012","AAV2.0.0.13","1.1.2.0","PSt7-10","000000-000","6/10/2026 14:47:13","0000-00","0","no battery","V"
"07/09/2026","08:33:41","3","default","198787511","O3","1175.004","min","176.114","µmol/L","Humid","21.444","deg","134844","µV","22.671","°C","1009.000","hPa","34.2","pmil","0","52.118","deg","21.808","°C","226.700","µmol/L","21.407","deg","20.891","°C","1012.000","hPa","0.861","-0.02056","0.00035","-0.00011","0","14.7","Humid","27.30","0","43.40","195650.88","SABD0002000012","AAV2.0.0.13","1.1.2.0","PSt7-10","000000-000","6/10/2026 14:47:13","0000-00","0","no battery","V"
"07/09/2026","08:34:11","3","default","198787511","O3","1175.505","min","176.051","µmol/L","Humid","21.446","deg","134860","µV","22.677","°C","1009.000","hPa","34.2","pmil","0","52.118","deg","21.808","°C","226.700","µmol/L","21.407","deg","20.891","°C","1012.000","hPa","0.861","-0.02056","0.00035","-0.00011","0","14.7","Humid","27.30","0","43.40","195650.70","SABD0002000012","AAV2.0.0.13","1.1.2.0","PSt7-10","000000-000","6/10/2026 14:47:13","0000-00","0","no battery","V"
"07/09/2026","08:34:41","3","default","198787511","O3","1176.005","min","176.019","µmol/L","Humid","21.448","deg","134846","µV","22.677","°C","1009.000","hPa","34.2","pmil","0","52.118","deg","21.808","°C","226.700","µmol/L","21.407","deg","20.891","°C","1012.000","hPa","0.861","-0.02056","0.00035","-0.00011","0","14.7","Humid","27.30","0","43.40","195644.19","SABD0002000012","AAV2.0.0.13","1.1.2.0","PSt7-10","000000-000","6/10/2026 14:47:13","0000-00","0","no battery","V"
"07/09/2026","08:35:11","3","default","198787511","O3","1176.504","min","176.035","µmol/L","Humid","21.447","deg","134846","µV","22.677","°C","1009.000","hPa","34.2","pmil","0","52.118","deg","21.808","°C","226.700","µmol/L","21.407","deg","20.891","°C","1012.000","hPa","0.861","-0.02056","0.00035","-0.00011","0","14.7","Humid","27.30","0","43.40","195657.78","SABD0002000012","AAV2.0.0.13","1.1.2.0","PSt7-10","000000-000","6/10/2026 14:47:13","0000-00","0","no battery","V"
"07/09/2026","08:35:41","3","default","198787511","O3","1177.005","min","176.051","µmol/L","Humid","21.446","deg","134849","µV","22.677","°C","1009.000","hPa","34.2","pmil","0","52.118","deg","21.808","°C","226.700","µmol/L","21.407","deg","20.891","°C","1012.000","hPa","0.861","-0.02056","0.00035","-0.00011","0","14.7","Humid","27.30","0","43.40","195651.80","SABD0002000012","AAV2.0.0.13","1.1.2.0","PSt7-10","000000-000","6/10/2026 14:47:13","0000-00","0","no battery","V"
"07/09/2026","08:36:11","3","default","198787511","O3","1177.504","min","176.049","µmol/L","Humid","21.448","deg","134854","µV","22.671","°C","1009.000","hPa","34.2","pmil","0","52.118","deg","21.808","°C","226.700","µmol/L","21.407","deg","20.891","°C","1012.000","hPa","0.861","-0.02056","0.00035","-0.00011","0","14.7","Humid","27.30","0","43.40","195658.94","SABD0002000012","AAV2.0.0.13","1.1.2.0","PSt7-10","000000-000","6/10/2026 14:47:13","0000-00","0","no battery","V"
"07/09/2026","08:36:41","3","default","198787511","O3","1178.004","min","176.053","µmol/L","Humid","21.444","deg","134851","µV","22.683","°C","1009.000","hPa","34.2","pmil","0","52.118","deg","21.808","°C","226.700","µmol/L","21.407","deg","20.891","°C","1012.000","hPa","0.861","-0.02056","0.00035","-0.00011","0","14.7","Humid","27.30","0","43.40","195657.38","SABD0002000012","AAV2.0.0.13","1.1.2.0","PSt7-10","000000-000","6/10/2026 14:47:13","0000-00","0","no battery","V"
"07/09/2026","08:37:11","3","default","198787511","O3","1178.505","min","176.023","µmol/L","Humid","21.444","deg","134848","µV","22.689","°C","1009.000","hPa","34.2","pmil","0","52.118","deg","21.808","°C","226.700","µmol/L","21.407","deg","20.891","°C","1012.000","hPa","0.861","-0.02056","0.00035","-0.00011","0","14.7","Humid","27.30","0","43.40","195667.29","SABD0002000012","AAV2.0.0.13","1.1.2.0","PSt7-10","000000-000","6/10/2026 14:47:13","0000-00","0","no battery","V"
"07/09/2026","08:37:41","3","default","198787511","O3","1179.005","min","175.989","µmol/L","Humid","21.448","deg","134851","µV","22.683","°C","1009.000","hPa","34.2","pmil","0","52.118","deg","21.808","°C","226.700","µmol/L","21.407","deg","20.891","°C","1012.000","hPa","0.861","-0.02056","0.00035","-0.00011","0","14.7","Humid","27.30","0","43.40","195657.82","SABD0002000012","AAV2.0.0.13","1.1.2.0","PSt7-10","000000-000","6/10/2026 14:47:13","0000-00","0","no battery","V"
"07/09/2026","08:38:11","3","default","198787511","O3","1179.505","min","176.006","µmol/L","Humid","21.445","deg","134851","µV","22.689","°C","1009.000","hPa","34.2","pmil","0","52.118","deg","21.808","°C","226.700","µmol/L","21.407","deg","20.891","°C","1012.000","hPa","0.861","-0.02056","0.00035","-0.00011","0","14.7","Humid","27.30","0","43.40","195658.33","SABD0002000012","AAV2.0.0.13","1.1.2.0","PSt7-10","000000-000","6/10/2026 14:47:13","0000-00","0","no battery","V"
"07/09/2026","08:38:41","3","default","198787511","O3","1180.005","min","176.037","µmol/L","Humid","21.445","deg","134852","µV","22.683","°C","1009.000","hPa","34.2","pmil","0","52.118","deg","21.808","°C","226.700","µmol/L","21.407","deg","20.891","°C","1012.000","hPa","0.861","-0.02056","0.00035","-0.00011","0","14.7","Humid","27.30","0","43.40","195654.12","SABD0002000012","AAV2.0.0.13","1.1.2.0","PSt7-10","000000-000","6/10/2026 14:47:13","0000-00","0","no battery","V"
"07/09/2026","08:39:11","3","default","198787511","O3","1180.504","min","176.005","µmol/L","Humid","21.447","deg","134849","µV","22.683","°C","1009.000","hPa","34.2","pmil","0","52.118","deg","21.808","°C","226.700","µmol/L","21.407","deg","20.891","°C","1012.000","hPa","0.861","-0.02056","0.00035","-0.00011","0","14.7","Humid","27.30","0","43.40","195662.70","SABD0002000012","AAV2.0.0.13","1.1.2.0","PSt7-10","000000-000","6/10/2026 14:47:13","0000-00","0","no battery","V"
"07/09/2026","08:39:41","3","default","198787511","O3","1181.004","min","176.023","µmol/L","Humid","21.444","deg","134859","µV","22.689","°C","1009.000","hPa","34.2","pmil","0","52.118","deg","21.808","°C","226.700","µmol/L","21.407","deg","20.891","°C","1012.000","hPa","0.861","-0.02056","0.00035","-0.00011","0","14.7","Humid","27.30","0","43.40","195671.17","SABD0002000012","AAV2.0.0.13","1.1.2.0","PSt7-10","000000-000","6/10/2026 14:47:13","0000-00","0","no battery","V"
"07/09/2026","08:40:11","3","default","198787511","O3","1181.505","min","176.101","µmol/L","Humid","21.441","deg","134848","µV","22.683","°C","1009.000","hPa","34.2","pmil","0","52.118","deg","21.808","°C","226.700","µmol/L","21.407","deg","20.891","°C","1012.000","hPa","0.861","-0.02056","0.00035","-0.00011","0","14.7","Humid","27.30","0","43.40","195660.56","SABD0002000012","AAV2.0.0.13","1.1.2.0","PSt7-10","000000-000","6/10/2026 14:47:13","0000-00","0","no battery","V"
"07/09/2026","08:40:41","3","default","198787511","O3","1182.005","min","176.023","µmol/L","Humid","21.444","deg","134850","µV","22.689","°C","1009.000","hPa","34.2","pmil","0","52.118","deg","21.808","°C","226.700","µmol/L","21.407","deg","20.891","°C","1012.000","hPa","0.861","-0.02056","0.00035","-0.00011","0","14.7","Humid","27.30","0","43.40","195659.42","SABD0002000012","AAV2.0.0.13","1.1.2.0","PSt7-10","000000-000","6/10/2026 14:47:13","0000-00","0","no battery","V"
"07/09/2026","08:41:11","3","default","198787511","O3","1182.505","min","175.974","µmol/L","Humid","21.447","deg","134853","µV","22.689","°C","1009.000","hPa","34.2","pmil","0","52.118","deg","21.808","°C","226.700","µmol/L","21.407","deg","20.891","°C","1012.000","hPa","0.861","-0.02056","0.00035","-0.00011","0","14.7","Humid","27.30","0","43.40","195654.86","SABD0002000012","AAV2.0.0.13","1.1.2.0","PSt7-10","000000-000","6/10/2026 14:47:13","0000-00","0","no battery","V"
"07/09/2026","08:41:41","3","default","198787511","O3","1183.005","min","176.069","µmol/L","Humid","21.443","deg","134844","µV","22.683","°C","1009.000","hPa","34.2","pmil","0","52.118","deg","21.808","°C","226.700","µmol/L","21.407","deg","20.891","°C","1012.000","hPa","0.861","-0.02056","0.00035","-0.00011","0","14.7","Humid","27.30","0","43.40","195653.38","SABD0002000012","AAV2.0.0.13","1.1.2.0","PSt7-10","000000-000","6/10/2026 14:47:13","0000-00","0","no battery","V"
"07/09/2026","08:42:11","3","default","198787511","O3","1183.504","min","176.055","µmol/L","Humid","21.442","deg","134832","µV","22.689","°C","1009.000","hPa","34.2","pmil","0","52.118","deg","21.808","°C","226.700","µmol/L","21.407","deg","20.891","°C","1012.000","hPa","0.861","-0.02056","0.00035","-0.00011","0","14.7","Humid","27.30","0","43.40","195648.26","SABD0002000012","AAV2.0.0.13","1.1.2.0","PSt7-10","000000-000","6/10/2026 14:47:13","0000-00","0","no battery","V"
"07/09/2026","08:42:41","3","default","198787511","O3","1184.005","min","176.060","µmol/L","Humid","21.436","deg","134809","µV","22.707","°C","1009.000","hPa","34.2","pmil","0","52.118","deg","21.808","°C","226.700","µmol/L","21.407","deg","20.891","°C","1012.000","hPa","0.861","-0.02056","0.00035","-0.00011","0","14.7","Humid","27.30","0","43.40","195654.04","SABD0002000012","AAV2.0.0.13","1.1.2.0","PSt7-10","000000-000","6/10/2026 14:47:13","0000-00","0","no battery","V"
"07/09/2026","08:43:11","3","default","198787511","O3","1184.504","min","176.173","µmol/L","Humid","21.429","deg","134783","µV","22.707","°C","1009.000","hPa","34.2","pmil","0","52.118","deg","21.808","°C","226.700","µmol/L","21.407","deg","20.891","°C","1012.000","hPa","0.861","-0.02056","0.00035","-0.00011","0","14.7","Humid","27.30","0","43.40","195657.91","SABD0002000012","AAV2.0.0.13","1.1.2.0","PSt7-10","000000-000","6/10/2026 14:47:13","0000-00","0","no battery","V"
"07/09/2026","08:43:41","3","default","198787511","O3","1185.005","min","176.112","µmol/L","Humid","21.429","deg","134755","µV","22.720","°C","1009.000","hPa","34.2","pmil","0","52.118","deg","21.808","°C","226.700","µmol/L","21.407","deg","20.891","°C","1012.000","hPa","0.861","-0.02056","0.00035","-0.00011","0","14.7","Humid","27.30","0","43.40","195642.42","SABD0002000012","AAV2.0.0.13","1.1.2.0","PSt7-10","000000-000","6/10/2026 14:47:13","0000-00","0","no battery","V"
"07/09/2026","08:44:11","3","default","198787511","O3","1185.504","min","176.209","µmol/L","Humid","21.423","deg","134731","µV","22.720","°C","1009.000","hPa","34.2","pmil","0","52.118","deg","21.808","°C","226.700","µmol/L","21.407","deg","20.891","°C","1012.000","hPa","0.861","-0.02056","0.00035","-0.00011","0","14.7","Humid","27.30","0","43.40","195647.16","SABD0002000012","AAV2.0.0.13","1.1.2.0","PSt7-10","000000-000","6/10/2026 14:47:13","0000-00","0","no battery","V"
"07/09/2026","08:44:41","3","default","198787511","O3","1186.005","min","176.229","µmol/L","Humid","21.418","deg","134717","µV","22.732","°C","1009.000","hPa","34.2","pmil","0","52.118","deg","21.808","°C","226.700","µmol/L","21.407","deg","20.891","°C","1012.000","hPa","0.861","-0.02056","0.00035","-0.00011","0","14.7","Humid","27.30","0","43.40","195639.17","SABD0002000012","AAV2.0.0.13","1.1.2.0","PSt7-10","000000-000","6/10/2026 14:47:13","0000-00","0","no battery","V"
"07/09/2026","08:45:11","3","default","198787511","O3","1186.505","min","176.199","µmol/L","Humid","21.418","deg","134711","µV","22.738","°C","1009.000","hPa","34.2","pmil","0","52.118","deg","21.808","°C","226.700","µmol/L","21.407","deg","20.891","°C","1012.000","hPa","0.861","-0.02056","0.00035","-0.00011","0","14.7","Humid","27.30","0","43.40","195647.63","SABD0002000012","AAV2.0.0.13","1.1.2.0","PSt7-10","000000-000","6/10/2026 14:47:13","0000-00","0","no battery","V"
"07/09/2026","08:45:41","3","default","198787511","O3","1187.005","min","176.218","µmol/L","Humid","21.413","deg","134695","µV","22.750","°C","1009.000","hPa","34.2","pmil","0","52.118","deg","21.808","°C","226.700","µmol/L","21.407","deg","20.891","°C","1012.000","hPa","0.861","-0.02056","0.00035","-0.00011","0","14.7","Humid","27.30","0","43.40","195640.59","SABD0002000012","AAV2.0.0.13","1.1.2.0","PSt7-10","000000-000","6/10/2026 14:47:13","0000-00","0","no battery","V"
"07/09/2026","08:46:11","3","default","198787511","O3","1187.504","min","176.299","µmol/L","Humid","21.408","deg","134686","µV","22.750","°C","1009.000","hPa","34.2","pmil","0","52.118","deg","21.808","°C","226.700","µmol/L","21.407","deg","20.891","°C","1012.000","hPa","0.861","-0.02056","0.00035","-0.00011","0","14.7","Humid","27.30","0","43.40","195634.60","SABD0002000012","AAV2.0.0.13","1.1.2.0","PSt7-10","000000-000","6/10/2026 14:47:13","0000-00","0","no battery","V"
"07/09/2026","08:46:41","3","default","198787511","O3","1188.005","min","176.204","µmol/L","Humid","21.412","deg","134682","µV","22.756","°C","1009.000","hPa","34.2","pmil","0","52.118","deg","21.808","°C","226.700","µmol/L","21.407","deg","20.891","°C","1012.000","hPa","0.861","-0.02056","0.00035","-0.00011","0","14.7","Humid","27.30","0","43.40","195633.92","SABD0002000012","AAV2.0.0.13","1.1.2.0","PSt7-10","000000-000","6/10/2026 14:47:13","0000-00","0","no battery","V"
"07/09/2026","08:47:11","3","default","198787511","O3","1188.505","min","176.236","µmol/L","Humid","21.410","deg","134670","µV","22.756","°C","1009.000","hPa","34.2","pmil","0","52.118","deg","21.808","°C","226.700","µmol/L","21.407","deg","20.891","°C","1012.000","hPa","0.861","-0.02056","0.00035","-0.00011","0","14.7","Humid","27.30","0","43.40","195654.67","SABD0002000012","AAV2.0.0.13","1.1.2.0","PSt7-10","000000-000","6/10/2026 14:47:13","0000-00","0","no battery","V"
"07/09/2026","08:47:41","3","default","198787511","O3","1189.005","min","176.190","µmol/L","Humid","21.411","deg","134675","µV","22.763","°C","1009.000","hPa","34.2","pmil","0","52.118","deg","21.808","°C","226.700","µmol/L","21.407","deg","20.891","°C","1012.000","hPa","0.861","-0.02056","0.00035","-0.00011","0","14.7","Humid","27.30","0","43.40","195645.81","SABD0002000012","AAV2.0.0.13","1.1.2.0","PSt7-10","000000-000","6/10/2026 14:47:13","0000-00","0","no battery","V"
"07/09/2026","08:48:11","3","default","198787511","O3","1189.504","min","176.204","µmol/L","Humid","21.412","deg","134681","µV","22.756","°C","1009.000","hPa","34.2","pmil","0","52.118","deg","21.808","°C","226.700","µmol/L","21.407","deg","20.891","°C","1012.000","hPa","0.861","-0.02056","0.00035","-0.00011","0","14.7","Humid","27.30","0","43.40","195654.39","SABD0002000012","AAV2.0.0.13","1.1.2.0","PSt7-10","000000-000","6/10/2026 14:47:13","0000-00","0","no battery","V"
"07/09/2026","08:48:41","3","default","198787511","O3","1190.005","min","176.145","µmol/L","Humid","21.410","deg","134690","µV","22.775","°C","1009.000","hPa","34.2","pmil","0","52.118","deg","21.808","°C","226.700","µmol/L","21.407","deg","20.891","°C","1012.000","hPa","0.861","-0.02056","0.00035","-0.00011","0","14.7","Humid","27.30","0","43.40","195652.21","SABD0002000012","AAV2.0.0.13","1.1.2.0","PSt7-10","000000-000","6/10/2026 14:47:13","0000-00","0","no battery","V"
"07/09/2026","08:49:11","3","default","198787511","O3","1190.505","min","176.098","µmol/L","Humid","21.411","deg","134682","µV","22.781","°C","1009.000","hPa","34.2","pmil","0","52.118","deg","21.808","°C","226.700","µmol/L","21.407","deg","20.891","°C","1012.000","hPa","0.861","-0.02056","0.00035","-0.00011","0","14.7","Humid","27.30","0","43.40","195645.22","SABD0002000012","AAV2.0.0.13","1.1.2.0","PSt7-10","000000-000","6/10/2026 14:47:13","0000-00","0","no battery","V"
"07/09/2026","08:49:41","3","default","198787511","O3","1191.005","min","176.102","µmol/L","Humid","21.407","deg","134680","µV","22.793","°C","1009.000","hPa","34.2","pmil","0","52.118","deg","21.808","°C","226.700","µmol/L","21.407","deg","20.891","°C","1012.000","hPa","0.861","-0.02056","0.00035","-0.00011","0","14.7","Humid","27.30","0","43.40","195652.19","SABD0002000012","AAV2.0.0.13","1.1.2.0","PSt7-10","000000-000","6/10/2026 14:47:13","0000-00","0","no battery","V"
"07/09/2026","08:50:11","3","default","198787511","O3","1191.505","min","176.149","µmol/L","Humid","21.406","deg","134668","µV","22.787","°C","1009.000","hPa","34.2","pmil","0","52.118","deg","21.808","°C","226.700","µmol/L","21.407","deg","20.891","°C","1012.000","hPa","0.861","-0.02056","0.00035","-0.00011","0","14.7","Humid","27.30","0","43.40","195652.91","SABD0002000012","AAV2.0.0.13","1.1.2.0","PSt7-10","000000-000","6/10/2026 14:47:13","0000-00","0","no battery","V"
"07/09/2026","08:50:41","3","default","198787511","O3","1192.005","min","176.181","µmol/L","Humid","21.404","deg","134671","µV","22.787","°C","1009.000","hPa","34.2","pmil","0","52.118","deg","21.808","°C","226.700","µmol/L","21.407","deg","20.891","°C","1012.000","hPa","0.861","-0.02056","0.00035","-0.00011","0","14.7","Humid","27.30","0","43.40","195645.06","SABD0002000012","AAV2.0.0.13","1.1.2.0","PSt7-10","000000-000","6/10/2026 14:47:13","0000-00","0","no battery","V"
"07/09/2026","08:51:11","3","default","198787511","O3","1192.505","min","176.118","µmol/L","Humid","21.406","deg","134674","µV","22.793","°C","1009.000","hPa","34.2","pmil","0","52.118","deg","21.808","°C","226.700","µmol/L","21.407","deg","20.891","°C","1012.000","hPa","0.861","-0.02056","0.00035","-0.00011","0","14.7","Humid","27.30","0","43.40","195651.04","SABD0002000012","AAV2.0.0.13","1.1.2.0","PSt7-10","000000-000","6/10/2026 14:47:13","0000-00","0","no battery","V"
"07/09/2026","08:51:41","3","default","198787511","O3","1193.005","min","176.104","µmol/L","Humid","21.405","deg","134671","µV","22.799","°C","1009.000","hPa","34.2","pmil","0","52.118","deg","21.808","°C","226.700","µmol/L","21.407","deg","20.891","°C","1012.000","hPa","0.861","-0.02056","0.00035","-0.00011","0","14.7","Humid","27.30","0","43.40","195651.22","SABD0002000012","AAV2.0.0.13","1.1.2.0","PSt7-10","000000-000","6/10/2026 14:47:13","0000-00","0","no battery","V"
"07/09/2026","08:52:11","3","default","198787511","O3","1193.504","min","176.057","µmol/L","Humid","21.406","deg","134675","µV","22.805","°C","1009.000","hPa","34.2","pmil","0","52.118","deg","21.808","°C","226.700","µmol/L","21.407","deg","20.891","°C","1012.000","hPa","0.861","-0.02056","0.00035","-0.00011","0","14.7","Humid","27.30","0","43.40","195650.35","SABD0002000012","AAV2.0.0.13","1.1.2.0","PSt7-10","000000-000","6/10/2026 14:47:13","0000-00","0","no battery","V"
"07/09/2026","08:52:41","3","default","198787511","O3","1194.005","min","176.057","µmol/L","Humid","21.406","deg","134692","µV","22.805","°C","1009.000","hPa","34.2","pmil","0","52.118","deg","21.808","°C","226.700","µmol/L","21.407","deg","20.891","°C","1012.000","hPa","0.861","-0.02056","0.00035","-0.00011","0","14.7","Humid","27.30","0","43.40","195653.89","SABD0002000012","AAV2.0.0.13","1.1.2.0","PSt7-10","000000-000","6/10/2026 14:47:13","0000-00","0","no battery","V"
"07/09/2026","08:53:11","3","default","198787511","O3","1194.505","min","176.043","µmol/L","Humid","21.405","deg","134676","µV","22.811","°C","1009.000","hPa","34.2","pmil","0","52.118","deg","21.808","°C","226.700","µmol/L","21.407","deg","20.891","°C","1012.000","hPa","0.861","-0.02056","0.00035","-0.00011","0","14.7","Humid","27.30","0","43.40","195640.16","SABD0002000012","AAV2.0.0.13","1.1.2.0","PSt7-10","000000-000","6/10/2026 14:47:13","0000-00","0","no battery","V"
"07/09/2026","08:53:41","3","default","198787511","O3","1195.004","min","175.966","µmol/L","Humid","21.406","deg","134675","µV","22.824","°C","1009.000","hPa","34.2","pmil","0","52.118","deg","21.808","°C","226.700","µmol/L","21.407","deg","20.891","°C","1012.000","hPa","0.861","-0.02056","0.00035","-0.00011","0","14.7","Humid","27.30","0","43.40","195637.97","SABD0002000012","AAV2.0.0.13","1.1.2.0","PSt7-10","000000-000","6/10/2026 14:47:13","0000-00","0","no battery","V"
"07/09/2026","08:54:11","3","default","198787511","O3","1195.505","min","175.934","µmol/L","Humid","21.408","deg","134683","µV","22.824","°C","1009.000","hPa","34.2","pmil","0","52.118","deg","21.808","°C","226.700","µmol/L","21.407","deg","20.891","°C","1012.000","hPa","0.861","-0.02056","0.00035","-0.00011","0","14.7","Humid","27.30","0","43.40","195642.58","SABD0002000012","AAV2.0.0.13","1.1.2.0","PSt7-10","000000-000","6/10/2026 14:47:13","0000-00","0","no battery","V"
"07/09/2026","08:54:41","3","default","198787511","O3","1196.005","min","175.968","µmol/L","Humid","21.404","deg","134679","µV","22.830","°C","1009.000","hPa","34.2","pmil","0","52.118","deg","21.808","°C","226.700","µmol/L","21.407","deg","20.891","°C","1012.000","hPa","0.861","-0.02056","0.00035","-0.00011","0","14.7","Humid","27.30","0","43.40","195648.41","SABD0002000012","AAV2.0.0.13","1.1.2.0","PSt7-10","000000-000","6/10/2026 14:47:13","0000-00","0","no battery","V"
"07/09/2026","08:55:11","3","default","198787511","O3","1196.504","min","175.968","µmol/L","Humid","21.404","deg","134675","µV","22.830","°C","1009.000","hPa","34.2","pmil","0","52.118","deg","21.808","°C","226.700","µmol/L","21.407","deg","20.891","°C","1012.000","hPa","0.861","-0.02056","0.00035","-0.00011","0","14.7","Humid","27.30","0","43.40","195629.50","SABD0002000012","AAV2.0.0.13","1.1.2.0","PSt7-10","000000-000","6/10/2026 14:47:13","0000-00","0","no battery","V"
"07/09/2026","08:55:41","3","default","198787511","O3","1197.005","min","176.016","µmol/L","Humid","21.401","deg","134678","µV","22.830","°C","1009.000","hPa","34.2","pmil","0","52.118","deg","21.808","°C","226.700","µmol/L","21.407","deg","20.891","°C","1012.000","hPa","0.861","-0.02056","0.00035","-0.00011","0","14.7","Humid","27.30","0","43.40","195641.93","SABD0002000012","AAV2.0.0.13","1.1.2.0","PSt7-10","000000-000","6/10/2026 14:47:13","0000-00","0","no battery","V"
"07/09/2026","08:56:11","3","default","198787511","O3","1197.504","min","175.921","µmol/L","Humid","21.405","deg","134662","µV","22.836","°C","1009.000","hPa","34.2","pmil","0","52.118","deg","21.808","°C","226.700","µmol/L","21.407","deg","20.891","°C","1012.000","hPa","0.861","-0.02056","0.00035","-0.00011","0","14.7","Humid","27.30","0","43.40","195640.02","SABD0002000012","AAV2.0.0.13","1.1.2.0","PSt7-10","000000-000","6/10/2026 14:47:13","0000-00","0","no battery","V"
"07/09/2026","08:56:41","3","default","198787511","O3","1198.005","min","175.974","µmol/L","Humid","21.398","deg","134662","µV","22.848","°C","1009.000","hPa","34.2","pmil","0","52.118","deg","21.808","°C","226.700","µmol/L","21.407","deg","20.891","°C","1012.000","hPa","0.861","-0.02056","0.00035","-0.00011","0","14.7","Humid","27.30","0","43.40","195627.08","SABD0002000012","AAV2.0.0.13","1.1.2.0","PSt7-10","000000-000","6/10/2026 14:47:13","0000-00","0","no battery","V"
"07/09/2026","08:57:11","3","default","198787511","O3","1198.505","min","175.911","µmol/L","Humid","21.400","deg","134647","µV","22.854","°C","1009.000","hPa","34.2","pmil","0","52.118","deg","21.808","°C","226.700","µmol/L","21.407","deg","20.891","°C","1012.000","hPa","0.861","-0.02056","0.00035","-0.00011","0","14.7","Humid","27.30","0","43.40","195633.66","SABD0002000012","AAV2.0.0.13","1.1.2.0","PSt7-10","000000-000","6/10/2026 14:47:13","0000-00","0","no battery","V"
"07/09/2026","08:57:41","3","default","198787511","O3","1199.004","min","175.959","µmol/L","Humid","21.397","deg","134642","µV","22.854","°C","1009.000","hPa","34.2","pmil","0","52.118","deg","21.808","°C","226.700","µmol/L","21.407","deg","20.891","°C","1012.000","hPa","0.861","-0.02056","0.00035","-0.00011","0","14.7","Humid","27.30","0","43.40","195627.06","SABD0002000012","AAV2.0.0.13","1.1.2.0","PSt7-10","000000-000","6/10/2026 14:47:13","0000-00","0","no battery","V"
"07/09/2026","08:58:11","3","default","198787511","O3","1199.505","min","175.848","µmol/L","Humid","21.402","deg","134645","µV","22.860","°C","1009.000","hPa","34.2","pmil","0","52.118","deg","21.808","°C","226.700","µmol/L","21.407","deg","20.891","°C","1012.000","hPa","0.861","-0.02056","0.00035","-0.00011","0","14.7","Humid","27.30","0","43.40","195633.90","SABD0002000012","AAV2.0.0.13","1.1.2.0","PSt7-10","000000-000","6/10/2026 14:47:13","0000-00","0","no battery","V"
"07/09/2026","08:58:41","3","default","198787511","O3","1200.004","min","175.884","µmol/L","Humid","21.396","deg","134637","µV","22.873","°C","1009.000","hPa","34.2","pmil","0","52.118","deg","21.808","°C","226.700","µmol/L","21.407","deg","20.891","°C","1012.000","hPa","0.861","-0.02056","0.00035","-0.00011","0","14.7","Humid","27.30","0","43.40","195624.91","SABD0002000012","AAV2.0.0.13","1.1.2.0","PSt7-10","000000-000","6/10/2026 14:47:13","0000-00","0","no battery","V"
"07/09/2026","08:59:11","3","default","198787511","O3","1200.505","min","175.802","µmol/L","Humid","21.403","deg","134666","µV","22.867","°C","1009.000","hPa","34.2","pmil","0","52.118","deg","21.808","°C","226.700","µmol/L","21.407","deg","20.891","°C","1012.000","hPa","0.861","-0.02056","0.00035","-0.00011","0","14.7","Humid","27.30","0","43.40","195630.72","SABD0002000012","AAV2.0.0.13","1.1.2.0","PSt7-10","000000-000","6/10/2026 14:47:13","0000-00","0","no battery","V"
"07/09/2026","08:59:41","3","default","198787511","O3","1201.005","min","175.832","µmol/L","Humid","21.403","deg","134667","µV","22.860","°C","1009.000","hPa","34.2","pmil","0","52.118","deg","21.808","°C","226.700","µmol/L","21.407","deg","20.891","°C","1012.000","hPa","0.861","-0.02056","0.00035","-0.00011","0","14.7","Humid","27.30","0","43.40","195631.58","SABD0002000012","AAV2.0.0.13","1.1.2.0","PSt7-10","000000-000","6/10/2026 14:47:13","0000-00","0","no battery","V"
"07/09/2026","09:00:11","3","default","198787511","O3","1201.504","min","175.848","µmol/L","Humid","21.402","deg","134668","µV","22.860","°C","1009.000","hPa","34.2","pmil","0","52.118","deg","21.808","°C","226.700","µmol/L","21.407","deg","20.891","°C","1012.000","hPa","0.861","-0.02056","0.00035","-0.00011","0","14.7","Humid","27.30","0","43.40","195628.47","SABD0002000012","AAV2.0.0.13","1.1.2.0","PSt7-10","000000-000","6/10/2026 14:47:13","0000-00","0","no battery","V"
"07/09/2026","09:00:41","3","default","198787511","O3","1202.005","min","175.848","µmol/L","Humid","21.402","deg","134671","µV","22.860","°C","1009.000","hPa","34.2","pmil","0","52.118","deg","21.808","°C","226.700","µmol/L","21.407","deg","20.891","°C","1012.000","hPa","0.861","-0.02056","0.00035","-0.00011","0","14.7","Humid","27.30","0","43.40","195632.75","SABD0002000012","AAV2.0.0.13","1.1.2.0","PSt7-10","000000-000","6/10/2026 14:47:13","0000-00","0","no battery","V"
"07/09/2026","09:01:11","3","default","198787511","O3","1202.504","min","175.737","µmol/L","Humid","21.407","deg","134686","µV","22.867","°C","1009.000","hPa","34.2","pmil","0","52.118","deg","21.808","°C","226.700","µmol/L","21.407","deg","20.891","°C","1012.000","hPa","0.861","-0.02056","0.00035","-0.00011","0","14.7","Humid","27.30","0","43.40","195628.35","SABD0002000012","AAV2.0.0.13","1.1.2.0","PSt7-10","000000-000","6/10/2026 14:47:13","0000-00","0","no battery","V"
"07/09/2026","09:01:41","3","default","198787511","O3","1203.005","min","175.818","µmol/L","Humid","21.402","deg","134694","µV","22.867","°C","1009.000","hPa","34.2","pmil","0","52.118","deg","21.808","°C","226.700","µmol/L","21.407","deg","20.891","°C","1012.000","hPa","0.861","-0.02056","0.00035","-0.00011","0","14.7","Humid","27.30","0","43.40","195635.98","SABD0002000012","AAV2.0.0.13","1.1.2.0","PSt7-10","000000-000","6/10/2026 14:47:13","0000-00","0","no battery","V"

"Date","Time","delta_t","Device_Serial","Channel","User","Annotation"
